I,II,III,aVR,aVL,aVF,V1,V2,V3,V4,V5,V6
273,146,-126,-209,200,9,107,165,224,234,195,156
273,146,-126,-209,200,9,107,165,224,234,195,156
273,146,-126,-209,200,9,107,165,224,234,195,156
273,146,-126,-209,200,9,107,165,224,234,195,156
263,136,-126,-200,195,4,107,161,219,224,190,156
253,126,-126,-190,190,0,107,156,214,224,185,156
244,117,-126,-180,185,-4,107,151,209,224,180,156
234,107,-126,-170,180,-9,107,146,204,224,175,156
219,97,-122,-158,170,-12,107,131,190,214,161,141
214,97,-117,-156,165,-9,107,126,185,204,156,136
209,97,-112,-153,161,-7,107,122,180,195,151,131
204,97,-107,-151,156,-4,107,117,175,185,146,126
185,87,-97,-136,141,-4,112,112,170,170,136,112
175,87,-87,-131,131,0,117,107,165,165,126,107
165,87,-78,-126,122,4,122,102,161,161,117,102
156,87,-68,-122,112,9,126,97,156,156,107,97
136,78,-58,-107,97,9,131,82,141,146,97,87
126,68,-58,-97,92,4,136,78,136,136,87,78
117,58,-58,-87,87,0,141,73,131,126,78,68
107,48,-58,-78,82,-4,146,68,126,117,68,58
92,39,-53,-65,73,-7,151,58,122,102,58,53
78,39,-39,-58,58,0,156,58,117,97,48,48
63,39,-24,-51,43,7,161,58,112,92,39,43
48,39,-9,-43,29,14,165,58,107,87,29,39
29,24,-4,-26,17,9,175,43,102,73,19,29
19,19,0,-19,9,9,175,39,97,68,9,19
9,14,4,-12,2,9,175,34,92,63,0,9
0,9,9,-4,-4,9,175,29,87,58,-9,0
-14,4,19,4,-17,12,185,24,82,48,-14,-4
-19,0,19,9,-19,9,185,19,78,39,-19,-9
-24,-4,19,14,-21,7,185,14,73,29,-24,-14
-29,-9,19,19,-24,4,185,9,68,19,-29,-19
-39,-24,14,31,-26,-4,185,0,63,9,-34,-24
-48,-29,19,39,-34,-4,185,0,58,9,-39,-29
-58,-34,24,46,-41,-4,185,0,53,9,-43,-34
-68,-39,29,53,-48,-4,185,0,48,9,-48,-39
-63,-39,24,51,-43,-7,185,-9,48,0,-48,-39
-58,-39,19,48,-39,-9,185,-9,48,0,-48,-39
-53,-39,14,46,-34,-12,185,-9,48,0,-48,-39
-48,-39,9,43,-29,-14,185,-9,48,0,-48,-39
-58,-39,19,48,-39,-9,185,-19,39,-9,-58,-39
-58,-39,19,48,-39,-9,185,-19,39,-9,-58,-39
-58,-39,19,48,-39,-9,185,-19,39,-9,-58,-39
-58,-39,19,48,-39,-9,185,-19,39,-9,-58,-39
-63,-43,19,53,-41,-12,180,-24,29,-14,-63,-43
-68,-48,19,58,-43,-14,175,-29,29,-19,-68,-48
-73,-53,19,63,-46,-17,170,-34,29,-24,-73,-53
-78,-58,19,68,-48,-19,165,-39,29,-29,-78,-58
-78,-58,19,68,-48,-19,165,-29,29,-19,-78,-58
-78,-58,19,68,-48,-19,165,-29,29,-19,-78,-58
-78,-58,19,68,-48,-19,165,-29,29,-19,-78,-58
-78,-58,19,68,-48,-19,165,-29,29,-19,-78,-58
-73,-48,24,61,-48,-12,165,-39,29,-29,-78,-68
-68,-48,19,58,-43,-14,165,-39,29,-29,-78,-68
-63,-48,14,56,-39,-17,165,-39,29,-29,-78,-68
-58,-48,9,53,-34,-19,165,-39,29,-29,-78,-68
-63,-58,4,61,-34,-26,165,-39,19,-29,-87,-68
-68,-58,9,63,-39,-24,165,-39,19,-29,-87,-68
-73,-58,14,65,-43,-21,165,-39,19,-29,-87,-68
-78,-58,19,68,-48,-19,165,-39,19,-29,-87,-68
-78,-68,9,73,-43,-29,165,-39,29,-29,-78,-68
-78,-68,9,73,-43,-29,165,-39,29,-29,-78,-68
-78,-68,9,73,-43,-29,165,-39,29,-29,-78,-68
-78,-68,9,73,-43,-29,165,-39,29,-29,-78,-68
-87,-68,19,78,-53,-24,156,-39,19,-29,-87,-68
-87,-68,19,78,-53,-24,156,-39,19,-29,-87,-68
-87,-68,19,78,-53,-24,156,-39,19,-29,-87,-68
-87,-68,19,78,-53,-24,156,-39,19,-29,-87,-68
-82,-63,19,73,-51,-21,156,-29,24,-19,-78,-58
-78,-58,19,68,-48,-19,156,-29,29,-19,-78,-58
-73,-53,19,63,-46,-17,156,-29,34,-19,-78,-58
-68,-48,19,58,-43,-14,156,-29,39,-19,-78,-58
-68,-58,9,63,-39,-24,156,-29,29,-19,-78,-58
-68,-58,9,63,-39,-24,156,-29,29,-19,-78,-58
-68,-58,9,63,-39,-24,156,-29,29,-19,-78,-58
-68,-58,9,63,-39,-24,156,-29,29,-19,-78,-58
-78,-58,19,68,-48,-19,156,-29,29,-19,-68,-58
-78,-58,19,68,-48,-19,156,-29,29,-19,-68,-58
-78,-58,19,68,-48,-19,156,-29,29,-19,-68,-58
-78,-58,19,68,-48,-19,156,-29,29,-19,-68,-58
-78,-48,29,63,-53,-9,156,-19,39,-9,-68,-48
-78,-48,29,63,-53,-9,156,-19,39,-9,-68,-48
-78,-48,29,63,-53,-9,156,-19,39,-9,-68,-48
-78,-48,29,63,-53,-9,156,-19,39,-9,-68,-48
-73,-48,24,61,-48,-12,156,-19,39,-9,-68,-48
-68,-48,19,58,-43,-14,156,-19,39,-9,-68,-48
-63,-48,14,56,-39,-17,156,-19,39,-9,-68,-48
-58,-48,9,53,-34,-19,156,-19,39,-9,-68,-48
-68,-39,29,53,-48,-4,156,-19,48,-9,-68,-48
-68,-39,29,53,-48,-4,156,-19,48,-9,-68,-48
-68,-39,29,53,-48,-4,156,-19,48,-9,-68,-48
-68,-39,29,53,-48,-4,156,-19,48,-9,-68,-48
-78,-48,29,63,-53,-9,156,-29,48,-9,-68,-48
-78,-48,29,63,-53,-9,156,-29,48,-9,-68,-48
-78,-48,29,63,-53,-9,156,-29,48,-9,-68,-48
-78,-48,29,63,-53,-9,156,-29,48,-9,-68,-48
-78,-58,19,68,-48,-19,156,-29,39,-19,-78,-58
-78,-58,19,68,-48,-19,156,-29,39,-19,-78,-58
-78,-58,19,68,-48,-19,156,-29,39,-19,-78,-58
-78,-58,19,68,-48,-19,156,-29,39,-19,-78,-58
-78,-58,19,68,-48,-19,156,-29,39,-19,-68,-58
-78,-58,19,68,-48,-19,156,-29,39,-19,-68,-58
-78,-58,19,68,-48,-19,156,-29,39,-19,-68,-58
-78,-58,19,68,-48,-19,156,-29,39,-19,-68,-58
-78,-58,19,68,-48,-19,156,-29,39,-9,-68,-58
-78,-58,19,68,-48,-19,156,-29,39,-9,-68,-58
-78,-58,19,68,-48,-19,156,-29,39,-9,-68,-58
-78,-58,19,68,-48,-19,156,-29,39,-9,-68,-58
-68,-58,9,63,-39,-24,146,-39,29,-19,-78,-68
-68,-58,9,63,-39,-24,146,-39,29,-19,-78,-68
-68,-58,9,63,-39,-24,146,-39,29,-19,-78,-68
-68,-58,9,63,-39,-24,146,-39,29,-19,-78,-68
-68,-48,19,58,-43,-14,156,-39,29,-19,-78,-58
-68,-48,19,58,-43,-14,156,-39,29,-19,-78,-58
-68,-48,19,58,-43,-14,156,-39,29,-19,-78,-58
-68,-48,19,58,-43,-14,156,-39,29,-19,-78,-58
-73,-58,14,65,-43,-21,156,-48,29,-29,-78,-68
-78,-58,19,68,-48,-19,156,-48,29,-29,-78,-68
-82,-58,24,70,-53,-17,156,-48,29,-29,-78,-68
-87,-58,29,73,-58,-14,156,-48,29,-29,-78,-68
-82,-58,24,70,-53,-17,146,-48,19,-29,-78,-68
-78,-58,19,68,-48,-19,146,-48,19,-29,-78,-68
-73,-58,14,65,-43,-21,146,-48,19,-29,-78,-68
-68,-58,9,63,-39,-24,146,-48,19,-29,-78,-68
-73,-68,4,70,-39,-31,136,-58,9,-39,-82,-78
-78,-68,9,73,-43,-29,136,-58,9,-39,-87,-78
-82,-68,14,75,-48,-26,136,-58,9,-39,-92,-78
-87,-68,19,78,-53,-24,136,-58,9,-39,-97,-78
-78,-63,14,70,-46,-24,146,-58,9,-39,-87,-68
-78,-58,19,68,-48,-19,146,-58,9,-39,-87,-68
-78,-53,24,65,-51,-14,146,-58,9,-39,-87,-68
-78,-48,29,63,-53,-9,146,-58,9,-39,-87,-68
-78,-58,19,68,-48,-19,146,-58,19,-48,-87,-68
-78,-58,19,68,-48,-19,146,-58,19,-48,-87,-68
-78,-58,19,68,-48,-19,146,-58,19,-48,-87,-68
-78,-58,19,68,-48,-19,146,-58,19,-48,-87,-68
-87,-63,24,75,-56,-19,136,-58,9,-48,-97,-78
-87,-68,19,78,-53,-24,136,-58,9,-48,-97,-78
-87,-73,14,80,-51,-29,136,-58,9,-48,-97,-78
-87,-78,9,82,-48,-34,136,-58,9,-48,-97,-78
-82,-73,9,78,-46,-31,136,-58,9,-48,-97,-78
-78,-68,9,73,-43,-29,136,-58,9,-48,-97,-78
-73,-63,9,68,-41,-26,136,-58,9,-48,-97,-78
-68,-58,9,63,-39,-24,136,-58,9,-48,-97,-78
-78,-63,14,70,-46,-24,136,-68,0,-48,-97,-78
-78,-68,9,73,-43,-29,136,-68,0,-48,-97,-78
-78,-73,4,75,-41,-34,136,-68,0,-48,-97,-78
-78,-78,0,78,-39,-39,136,-68,0,-48,-97,-78
-78,-68,9,73,-43,-29,136,-68,0,-48,-97,-78
-78,-68,9,73,-43,-29,136,-68,0,-48,-97,-78
-78,-68,9,73,-43,-29,136,-68,0,-48,-97,-78
-78,-68,9,73,-43,-29,136,-68,0,-48,-97,-78
-87,-58,29,73,-58,-14,136,-58,9,-48,-97,-68
-87,-58,29,73,-58,-14,136,-58,9,-48,-97,-68
-87,-58,29,73,-58,-14,136,-58,9,-48,-97,-68
-87,-58,29,73,-58,-14,136,-58,9,-48,-97,-68
-78,-58,19,68,-48,-19,136,-68,0,-48,-97,-78
-78,-58,19,68,-48,-19,136,-68,0,-48,-97,-78
-78,-58,19,68,-48,-19,136,-68,0,-48,-97,-78
-78,-58,19,68,-48,-19,136,-68,0,-48,-97,-78
-82,-48,34,65,-58,-7,146,-68,9,-39,-97,-68
-87,-48,39,68,-63,-4,146,-68,9,-39,-97,-68
-92,-48,43,70,-68,-2,146,-68,9,-39,-97,-68
-97,-48,48,73,-73,0,146,-68,9,-39,-97,-68
-87,-39,48,63,-68,4,146,-63,19,-29,-87,-58
-87,-39,48,63,-68,4,146,-58,19,-29,-87,-58
-87,-39,48,63,-68,4,146,-53,19,-29,-87,-58
-87,-39,48,63,-68,4,146,-48,19,-29,-87,-58
-82,-29,53,56,-68,12,156,-48,29,-29,-78,-48
-78,-29,48,53,-63,9,156,-48,29,-29,-78,-48
-73,-29,43,51,-58,7,156,-48,29,-29,-78,-48
-68,-29,39,48,-53,4,156,-48,29,-29,-78,-48
-63,-24,39,43,-51,7,151,-43,29,-14,-73,-43
-68,-19,48,43,-58,14,151,-39,29,-14,-73,-39
-73,-19,53,46,-63,17,156,-39,34,-14,-73,-39
-78,-19,58,48,-68,19,156,-34,34,-14,-68,-39
-78,-29,48,53,-63,9,156,-43,24,-24,-78,-48
-78,-34,43,56,-61,4,156,-43,24,-24,-82,-53
-78,-34,43,56,-61,4,161,-43,24,-24,-82,-53
-78,-34,43,56,-61,4,165,-39,34,-19,-82,-48
-63,-19,43,41,-53,12,165,-29,53,-4,-58,-43
-53,-4,48,29,-51,21,161,-29,53,0,-53,-34
-48,9,58,19,-53,34,156,-34,53,0,-48,-29
-48,9,58,19,-53,34,151,-39,53,0,-48,-29
-34,19,53,7,-43,36,146,-34,48,0,-48,-29
-29,19,48,4,-39,34,136,-34,48,0,-48,-29
-19,19,39,0,-29,29,131,-39,48,-4,-53,-29
-19,19,39,0,-29,29,117,-43,34,-14,-58,-34
-24,4,29,9,-26,17,112,-53,24,-19,-63,-34
-19,4,24,7,-21,14,107,-58,24,-19,-63,-34
-19,4,24,7,-21,14,107,-58,19,-19,-63,-34
-19,0,19,9,-19,9,107,-58,14,-24,-68,-39
-14,4,19,4,-17,12,102,-58,14,-24,-68,-39
-14,9,24,2,-19,17,102,-58,9,-24,-73,-39
-19,9,29,4,-24,19,97,-68,9,-29,-73,-39
-24,14,39,4,-31,26,92,-68,9,-29,-73,-43
-19,4,24,7,-21,14,102,-68,19,-24,-73,-48
-19,-4,14,12,-17,4,107,-63,19,-24,-73,-48
-14,-14,0,14,-7,-7,107,-58,19,-24,-73,-53
-14,-29,-14,21,0,-21,107,-58,19,-29,-78,-53
4,-39,-43,17,24,-41,107,-68,14,-39,-92,-63
4,-39,-43,17,24,-41,102,-73,9,-39,-92,-68
0,-43,-43,21,21,-43,97,-73,4,-39,-92,-68
-24,-58,-34,41,4,-46,92,-73,0,-43,-97,-68
-43,-58,-14,51,-14,-36,97,-73,0,-43,-97,-63
-53,-68,-14,61,-19,-41,102,-73,-4,-48,-102,-73
-68,-78,-9,73,-29,-43,107,-78,-9,-53,-107,-78
-78,-78,0,78,-39,-39,112,-82,-9,-58,-112,-78
-78,-87,-9,82,-34,-48,112,-92,-24,-63,-107,-82
-87,-87,0,87,-43,-43,112,-92,-24,-68,-112,-87
-87,-87,0,87,-43,-43,112,-92,-24,-68,-112,-87
-82,-82,0,82,-41,-41,112,-92,-24,-68,-117,-87
-92,-82,9,87,-51,-36,112,-87,-24,-73,-117,-87
-97,-92,4,95,-51,-43,112,-92,-24,-73,-117,-92
-102,-92,9,97,-56,-41,112,-92,-29,-78,-117,-92
-102,-92,9,97,-56,-41,112,-92,-29,-78,-122,-102
-112,-107,4,109,-58,-51,102,-102,-29,-78,-131,-102
-112,-107,4,109,-58,-51,102,-97,-24,-78,-131,-97
-112,-107,4,109,-58,-51,102,-97,-24,-73,-126,-92
-117,-107,9,112,-63,-48,107,-97,-24,-73,-126,-92
-117,-97,19,107,-68,-39,112,-87,-24,-73,-126,-92
-112,-97,14,104,-63,-41,117,-82,-24,-73,-126,-92
-102,-97,4,100,-53,-46,122,-82,-24,-73,-126,-92
-97,-97,0,97,-48,-48,126,-82,-24,-73,-126,-92
-102,-97,4,100,-53,-46,117,-87,-24,-78,-117,-97
-112,-97,14,104,-63,-41,117,-87,-24,-78,-117,-97
-117,-102,14,109,-65,-43,117,-87,-24,-73,-117,-97
-122,-102,19,112,-70,-41,122,-87,-24,-73,-117,-97
-122,-112,9,117,-65,-51,112,-87,-34,-82,-126,-107
-122,-112,9,117,-65,-51,112,-92,-34,-82,-126,-107
-122,-107,14,114,-68,-46,112,-97,-34,-82,-126,-102
-122,-107,14,114,-68,-46,112,-102,-29,-82,-126,-102
-117,-102,14,109,-65,-43,122,-92,-19,-73,-117,-97
-117,-97,19,107,-68,-39,122,-92,-19,-73,-117,-97
-117,-92,24,104,-70,-34,122,-92,-19,-73,-117,-92
-117,-87,29,102,-73,-29,122,-92,-19,-73,-117,-82
-117,-97,19,107,-68,-39,122,-92,-19,-73,-122,-92
-117,-97,19,107,-68,-39,122,-92,-19,-73,-122,-92
-117,-97,19,107,-68,-39,122,-92,-19,-73,-117,-92
-117,-102,14,109,-65,-43,122,-92,-19,-73,-117,-92
-131,-112,19,122,-75,-46,122,-92,-19,-73,-117,-92
-131,-107,24,119,-78,-41,126,-82,-9,-68,-117,-82
-126,-107,19,117,-73,-43,136,-73,-9,-58,-117,-82
-126,-97,29,112,-78,-34,131,-78,-4,-58,-107,-82
-112,-87,24,100,-68,-31,126,-73,-9,-63,-107,-82
-112,-82,29,97,-70,-26,136,-58,0,-63,-112,-73
-112,-92,19,102,-65,-36,156,-48,19,-58,-102,-78
-107,-92,14,100,-61,-39,170,-29,34,-43,-92,-78
-97,-82,14,90,-56,-34,180,-4,58,-14,-78,-63
-92,-63,29,78,-61,-17,209,48,112,24,-34,-34
-78,-63,14,70,-46,-24,253,112,170,73,4,0
-43,-58,-14,51,-14,-36,278,165,219,107,34,19
4,-53,-58,24,31,-56,312,229,273,151,58,29
14,-43,-58,14,36,-51,366,302,351,209,102,58
34,-39,-73,2,53,-56,429,380,434,273,156,92
82,-24,-107,-29,95,-65,483,463,507,326,204,131
131,39,-92,-85,112,-26,517,541,590,414,283,190
180,102,-78,-141,129,12,541,610,673,492,370,268
239,131,-107,-185,173,12,522,644,717,556,439,322
317,185,-131,-251,224,26,488,639,746,629,502,385
395,248,-146,-322,270,51,419,600,746,678,570,448
453,302,-151,-378,302,75,287,497,688,688,595,483
463,341,-122,-402,292,109,156,336,575,644,575,488
468,331,-136,-400,302,97,19,151,414,546,522,453
468,297,-170,-383,319,63,-146,-39,214,414,424,390
439,244,-195,-341,317,24,-312,-239,0,263,312,312
375,185,-190,-280,283,-2,-473,-439,-229,92,170,214
283,126,-156,-204,219,-14,-590,-644,-434,-78,29,112
165,19,-146,-92,156,-63,-663,-810,-629,-273,-136,-14
39,-112,-151,36,95,-131,-702,-941,-800,-468,-312,-165
-48,-185,-136,117,43,-161,-712,-1034,-912,-614,-458,-273
-87,-195,-107,141,9,-151,-707,-1049,-946,-668,-517,-331
-117,-175,-58,146,-29,-117,-673,-1019,-907,-649,-522,-322
-170,-156,14,163,-92,-70,-619,-951,-834,-590,-483,-292
-204,-117,87,161,-146,-14,-502,-834,-707,-507,-434,-263
-224,-73,151,148,-187,39,-375,-688,-570,-419,-366,-214
-224,-58,165,141,-195,53,-278,-561,-448,-341,-302,-180
-209,-53,156,131,-183,51,-214,-458,-356,-273,-253,-156
-175,-34,141,104,-158,53,-156,-366,-258,-209,-204,-126
-112,-9,102,61,-107,46,-78,-253,-161,-141,-156,-97
-68,-19,48,43,-58,14,-34,-185,-97,-97,-112,-78
-58,-48,9,53,-34,-19,-9,-131,-58,-63,-97,-58
-43,-29,14,36,-29,-7,19,-92,-24,-39,-73,-48
-29,-19,9,24,-19,-4,39,-63,-4,-24,-58,-29
-48,-19,29,34,-39,4,63,-48,14,-19,-58,-34
-68,-39,29,53,-48,-4,78,-29,34,-9,-53,-34
-63,-39,24,51,-43,-7,87,-14,43,-4,-58,-39
-58,-43,14,51,-36,-14,97,-9,58,-4,-53,-39
-58,-39,19,48,-39,-9,117,-9,63,9,-43,-29
-68,-39,29,53,-48,-4,117,-9,58,14,-39,-29
-63,-43,19,53,-41,-12,117,-9,58,14,-39,-29
-63,-48,14,56,-39,-17,117,-9,58,9,-43,-29
-63,-48,14,56,-39,-17,122,-4,58,9,-43,-29
-63,-43,19,53,-41,-12,126,9,63,14,-34,-19
-58,-39,19,48,-39,-9,136,19,78,14,-34,-19
-58,-29,29,43,-43,0,141,34,87,24,-34,-19
-63,-9,53,36,-58,21,146,48,102,24,-29,-14
-63,-14,48,39,-56,17,136,43,92,19,-19,-24
-58,-19,39,39,-48,9,136,39,92,19,-19,-24
-58,-29,29,43,-43,0,136,34,97,19,-24,-24
-58,-34,24,46,-41,-4,136,29,97,19,-24,-24
-68,-39,29,53,-48,-4,146,39,107,29,-24,-24
-63,-43,19,53,-41,-12,151,48,107,29,-24,-24
-63,-48,14,56,-39,-17,161,53,117,34,-24,-24
-63,-48,14,56,-39,-17,161,53,117,39,-14,-19
-53,-43,9,48,-31,-17,161,43,117,39,-14,-14
-53,-39,14,46,-34,-12,161,53,117,39,-14,-14
-53,-34,19,43,-36,-7,151,43,107,39,-14,-14
-53,-29,24,41,-39,-2,151,43,107,39,-14,-14
-48,-29,19,39,-34,-4,161,53,112,39,-9,-14
-53,-29,24,41,-39,-2,170,53,117,43,-9,-14
-58,-29,29,43,-43,0,170,53,117,48,-4,-14
-63,-24,39,43,-51,7,170,63,117,48,-4,-14
-53,-24,29,39,-41,2,170,63,122,43,-9,-4
-48,-24,24,36,-36,0,165,63,122,43,-9,-4
-48,-24,24,36,-36,0,156,63,126,43,-9,-4
-43,-19,24,31,-34,2,151,63,126,48,-4,0
-24,-14,9,19,-17,-2,161,68,131,58,0,9
-14,-9,4,12,-9,-2,161,68,131,58,4,9
-9,-4,4,7,-7,0,161,68,141,63,9,9
-4,4,9,0,-7,7,161,73,141,63,19,9
0,0,0,0,0,0,161,73,131,53,14,0
-4,-4,0,4,-2,-2,161,73,136,53,14,0
-9,-9,0,9,-4,-4,161,78,136,63,14,9
-14,-14,0,14,-7,-7,161,78,141,63,14,9
-19,-24,-4,21,-7,-14,161,78,141,73,19,9
-19,-24,-4,21,-7,-14,161,82,141,73,19,9
-14,-19,-4,17,-4,-12,161,87,146,78,24,9
-14,-14,0,14,-7,-7,161,87,151,78,24,14
0,-4,-4,2,2,-4,151,87,151,82,24,24
0,-4,-4,2,2,-4,156,87,151,82,29,29
4,4,0,-4,2,2,156,92,151,87,29,29
14,4,-9,-9,12,-2,156,92,156,87,29,34
29,14,-14,-21,21,0,156,97,165,87,34,24
34,19,-14,-26,24,2,156,102,170,92,43,29
34,19,-14,-26,24,2,156,102,170,97,43,34
39,19,-19,-29,29,0,156,102,175,97,43,34
48,24,-24,-36,36,0,141,97,170,92,43,34
53,24,-29,-39,41,-2,141,97,170,97,48,34
53,24,-29,-39,41,-2,141,102,170,97,48,39
53,24,-29,-39,41,-2,136,102,170,97,53,43
43,24,-19,-34,31,2,136,102,175,107,53,43
48,24,-24,-36,36,0,141,112,180,107,63,43
48,19,-29,-34,39,-4,141,112,180,107,68,48
48,19,-29,-34,39,-4,136,112,180,117,68,53
58,34,-24,-46,41,4,131,126,195,126,82,68
63,39,-24,-51,43,7,131,131,195,131,87,68
78,43,-34,-61,56,4,126,131,200,131,92,73
92,53,-39,-73,65,7,126,131,200,131,92,78
92,48,-43,-70,68,2,131,131,200,136,97,82
102,53,-48,-78,75,2,131,141,209,146,102,87
102,58,-43,-80,73,7,131,146,209,151,107,92
117,63,-53,-90,85,4,126,146,214,156,112,92
126,68,-58,-97,92,4,112,136,204,161,107,87
141,73,-68,-107,104,2,112,136,209,165,112,92
141,78,-63,-109,102,7,107,141,209,165,117,97
141,78,-63,-109,102,7,107,141,209,165,122,102
156,82,-73,-119,114,4,102,151,224,175,126,112
170,92,-78,-131,124,7,97,156,224,180,131,117
180,97,-82,-139,131,7,97,156,229,185,136,122
190,112,-78,-151,134,17,92,156,229,185,141,126
185,107,-78,-146,131,14,82,165,229,185,146,126
195,107,-87,-151,141,9,78,165,229,185,151,131
200,107,-92,-153,146,7,73,165,229,195,151,136
204,112,-92,-158,148,9,73,170,229,200,156,136
214,112,-102,-163,158,4,73,170,229,209,170,141
219,112,-107,-165,163,2,73,170,229,209,170,141
234,112,-122,-173,178,-4,68,170,229,219,175,151
239,122,-117,-180,178,2,63,170,234,219,180,151
248,131,-117,-190,183,7,53,165,234,219,185,161
258,131,-126,-195,192,2,39,165,229,219,185,165
258,136,-122,-197,190,7,34,165,229,224,185,165
268,136,-131,-202,200,2,34,165,229,224,190,170
263,131,-131,-197,197,0,34,156,229,219,180,165
263,136,-126,-200,195,4,29,156,229,219,185,165
263,131,-131,-197,197,0,29,151,229,214,185,165
263,122,-141,-192,202,-9,29,146,224,214,175,165
268,131,-136,-200,202,-2,9,136,209,209,175,156
268,136,-131,-202,200,2,9,131,204,209,175,151
263,136,-126,-200,195,4,9,126,200,204,170,151
244,131,-112,-187,178,9,9,117,195,195,165,146
244,131,-112,-187,178,9,24,122,195,190,165,151
229,126,-102,-178,165,12,29,117,195,185,161,141
214,122,-92,-168,153,14,29,107,185,170,151,136
204,112,-92,-158,148,9,29,102,180,161,141,126
200,112,-87,-156,143,12,34,87,165,141,122,112
180,102,-78,-141,129,12,34,78,161,131,112,102
165,92,-73,-129,119,9,43,73,146,122,102,87
151,87,-63,-119,107,12,48,68,136,117,92,82
136,82,-53,-109,95,14,43,63,146,117,92,82
122,73,-48,-97,85,12,48,53,136,107,82,73
112,73,-39,-92,75,17,53,48,136,97,73,68
92,63,-29,-78,61,17,63,48,131,92,63,58
58,39,-19,-48,39,9,63,34,112,73,43,39
48,29,-19,-39,34,4,68,29,107,63,29,34
39,19,-19,-29,29,0,73,24,97,53,29,24
29,14,-14,-21,21,0,78,14,87,43,19,14
24,24,0,-24,12,12,78,9,82,48,9,9
19,14,-4,-17,12,4,78,4,82,39,0,4
4,4,0,-4,2,2,78,0,82,29,-4,0
-4,0,4,2,-4,2,82,-9,78,29,-14,-14
-19,-9,9,14,-14,0,82,-9,63,14,-34,-24
-34,-19,14,26,-24,-2,78,-14,58,9,-39,-29
-39,-29,9,34,-24,-9,78,-19,48,-4,-43,-29
-43,-34,9,39,-26,-12,82,-19,48,-4,-43,-34
-48,-34,14,41,-31,-9,73,-24,48,-9,-39,-29
-48,-34,14,41,-31,-9,73,-29,48,-9,-43,-34
-53,-34,19,43,-36,-7,73,-29,43,-14,-48,-34
-48,-34,14,41,-31,-9,73,-34,39,-14,-48,-39
-48,-43,4,46,-26,-19,73,-39,39,-29,-58,-43
-48,-43,4,46,-26,-19,73,-39,34,-34,-68,-48
-48,-43,4,46,-26,-19,73,-39,34,-34,-68,-53
-53,-43,9,48,-31,-17,73,-43,29,-39,-73,-53
-53,-53,0,53,-26,-26,73,-48,19,-39,-73,-58
-53,-53,0,53,-26,-26,73,-48,19,-39,-73,-58
-58,-63,-4,61,-26,-34,73,-53,19,-43,-78,-58
-58,-68,-9,63,-24,-39,73,-53,19,-43,-78,-63
-53,-53,0,53,-26,-26,73,-53,24,-34,-68,-53
-48,-48,0,48,-24,-24,73,-53,24,-39,-68,-58
-48,-43,4,46,-26,-19,73,-53,14,-43,-73,-68
-48,-43,4,46,-26,-19,63,-58,14,-43,-82,-68
-58,-53,4,56,-31,-24,63,-58,4,-43,-82,-63
-48,-48,0,48,-24,-24,63,-58,4,-43,-78,-63
-48,-48,0,48,-24,-24,63,-58,4,-48,-73,-63
-53,-53,0,53,-26,-26,68,-63,4,-48,-73,-63
-63,-53,9,58,-36,-21,68,-63,14,-53,-73,-63
-63,-53,9,58,-36,-21,68,-63,14,-53,-78,-63
-58,-53,4,56,-31,-24,68,-63,9,-53,-78,-63
-58,-48,9,53,-34,-19,68,-63,9,-53,-78,-63
-48,-48,0,48,-24,-24,78,-73,4,-48,-82,-73
-48,-48,0,48,-24,-24,78,-73,4,-48,-82,-73
-48,-48,0,48,-24,-24,78,-73,4,-48,-78,-73
-48,-48,0,48,-24,-24,78,-73,4,-48,-78,-73
-48,-43,4,46,-26,-19,87,-63,9,-48,-78,-73
-48,-43,4,46,-26,-19,87,-63,9,-48,-78,-68
-48,-43,4,46,-26,-19,87,-63,14,-48,-78,-63
-48,-39,9,43,-29,-14,87,-58,14,-43,-78,-53
-58,-43,14,51,-36,-14,87,-58,19,-43,-78,-63
-58,-43,14,51,-36,-14,87,-58,19,-43,-73,-63
-58,-48,9,53,-34,-19,87,-58,19,-43,-73,-63
-58,-48,9,53,-34,-19,87,-58,19,-43,-73,-63
-68,-58,9,63,-39,-24,87,-58,9,-53,-82,-63
-68,-58,9,63,-39,-24,87,-58,9,-53,-82,-63
-68,-58,9,63,-39,-24,87,-58,9,-53,-82,-63
-68,-58,9,63,-39,-24,87,-58,9,-53,-82,-58
-78,-58,19,68,-48,-19,97,-43,14,-48,-78,-58
-82,-58,24,70,-53,-17,97,-43,19,-43,-73,-58
-82,-58,24,70,-53,-17,97,-43,24,-39,-68,-58
-82,-58,24,70,-53,-17,97,-43,29,-34,-63,-58
-78,-58,19,68,-48,-19,87,-53,19,-43,-73,-58
-78,-58,19,68,-48,-19,87,-58,19,-43,-73,-58
-78,-58,19,68,-48,-19,87,-58,19,-43,-73,-58
-78,-58,19,68,-48,-19,87,-53,19,-43,-73,-58
-78,-58,19,68,-48,-19,97,-43,24,-43,-73,-58
-78,-58,19,68,-48,-19,97,-39,24,-43,-68,-58
-78,-53,24,65,-51,-14,97,-39,24,-34,-68,-53
-78,-53,24,65,-51,-14,97,-39,24,-24,-68,-53
-78,-53,24,65,-51,-14,97,-43,24,-34,-73,-53
-78,-53,24,65,-51,-14,97,-43,24,-34,-73,-53
-78,-53,24,65,-51,-14,97,-43,24,-34,-73,-53
-78,-53,24,65,-51,-14,97,-43,24,-34,-73,-53
-73,-43,29,58,-51,-7,97,-39,34,-34,-63,-53
-68,-43,24,56,-46,-9,97,-39,34,-34,-58,-53
-63,-43,19,53,-41,-12,97,-43,34,-39,-58,-53
-58,-43,14,51,-36,-14,97,-43,34,-39,-63,-53
-58,-43,14,51,-36,-14,97,-43,24,-39,-63,-63
-63,-43,19,53,-41,-12,97,-43,24,-39,-63,-63
-63,-43,19,53,-41,-12,97,-43,24,-39,-63,-63
-63,-43,19,53,-41,-12,97,-43,24,-39,-63,-63
-68,-43,24,56,-46,-9,87,-53,24,-39,-73,-53
-68,-43,24,56,-46,-9,87,-48,24,-39,-73,-53
-68,-43,24,56,-46,-9,87,-48,24,-39,-73,-53
-68,-43,24,56,-46,-9,87,-48,24,-39,-73,-53
-68,-53,14,61,-41,-19,87,-48,14,-39,-73,-63
-68,-53,14,61,-41,-19,87,-48,14,-39,-73,-63
-68,-53,14,61,-41,-19,87,-48,14,-39,-78,-63
-68,-63,4,65,-36,-29,87,-48,14,-39,-78,-63
-68,-63,4,65,-36,-29,78,-48,14,-43,-73,-63
-68,-63,4,65,-36,-29,73,-53,14,-43,-73,-63
-68,-63,4,65,-36,-29,73,-53,14,-43,-73,-63
-73,-63,9,68,-41,-26,73,-53,14,-43,-73,-63
-73,-53,19,63,-46,-17,73,-63,9,-43,-73,-63
-68,-53,14,61,-41,-19,78,-63,4,-43,-73,-63
-68,-53,14,61,-41,-19,78,-63,4,-48,-78,-63
-68,-58,9,63,-39,-24,78,-63,4,-48,-78,-63
-58,-48,9,53,-34,-19,78,-63,4,-48,-78,-63
-58,-48,9,53,-34,-19,78,-63,4,-48,-78,-63
-63,-48,14,56,-39,-17,78,-63,4,-48,-78,-63
-63,-48,14,56,-39,-17,82,-63,4,-48,-78,-63
-63,-48,14,56,-39,-17,82,-63,4,-48,-68,-63
-63,-48,14,56,-39,-17,82,-68,4,-48,-68,-68
-63,-48,14,56,-39,-17,78,-73,4,-48,-73,-68
-63,-48,14,56,-39,-17,78,-73,0,-53,-73,-68
-73,-58,14,65,-43,-21,78,-68,9,-53,-82,-58
-73,-58,14,65,-43,-21,78,-63,9,-53,-82,-58
-73,-58,14,65,-43,-21,78,-68,4,-53,-82,-58
-73,-58,14,65,-43,-21,78,-63,4,-53,-82,-58
-73,-68,4,70,-39,-31,68,-73,-4,-63,-82,-68
-73,-68,4,70,-39,-31,68,-73,-4,-63,-82,-68
-73,-68,4,70,-39,-31,68,-73,-4,-63,-82,-68
-73,-68,4,70,-39,-31,68,-73,-4,-63,-82,-73
-73,-68,4,70,-39,-31,68,-73,-4,-63,-92,-73
-78,-68,9,73,-43,-29,63,-73,-4,-63,-92,-73
-78,-73,4,75,-41,-34,58,-73,-9,-68,-92,-73
-78,-73,4,75,-41,-34,58,-73,-9,-68,-92,-73
-63,-63,0,63,-31,-31,68,-73,0,-68,-82,-73
-63,-58,4,61,-34,-26,68,-73,0,-68,-82,-73
-63,-58,4,61,-34,-26,68,-73,0,-68,-87,-78
-68,-73,-4,70,-31,-39,73,-73,0,-68,-87,-78
-68,-53,14,61,-41,-19,63,-73,4,-63,-87,-63
-68,-53,14,61,-41,-19,63,-73,4,-63,-87,-63
-68,-53,14,61,-41,-19,58,-78,0,-68,-87,-63
-68,-53,14,61,-41,-19,58,-78,0,-68,-92,-63
-78,-63,14,70,-46,-24,68,-82,0,-68,-92,-73
-82,-68,14,75,-48,-26,63,-82,-4,-68,-92,-73
-82,-73,9,78,-46,-31,63,-82,-4,-73,-92,-78
-82,-73,9,78,-46,-31,68,-82,-4,-73,-92,-78
-68,-68,0,68,-34,-34,68,-82,-4,-63,-92,-78
-68,-68,0,68,-34,-34,68,-82,-4,-63,-92,-78
-68,-68,0,68,-34,-34,63,-82,-4,-63,-92,-78
-68,-68,0,68,-34,-34,63,-82,-4,-63,-92,-78
-68,-68,0,68,-34,-34,73,-78,-4,-73,-82,-78
-68,-68,0,68,-34,-34,73,-78,-4,-68,-82,-73
-68,-68,0,68,-34,-34,73,-82,-4,-68,-82,-73
-68,-68,0,68,-34,-34,73,-82,-4,-68,-82,-73
-78,-58,19,68,-48,-19,63,-82,-4,-63,-82,-68
-78,-58,19,68,-48,-19,63,-82,-4,-63,-82,-68
-78,-58,19,68,-48,-19,58,-82,-4,-63,-82,-68
-78,-58,19,68,-48,-19,58,-82,-4,-63,-82,-63
-82,-68,14,75,-48,-26,73,-82,-9,-68,-82,-73
-82,-68,14,75,-48,-26,73,-82,-9,-68,-82,-73
-87,-68,19,78,-53,-24,73,-82,-9,-68,-87,-73
-92,-68,24,80,-58,-21,73,-82,-9,-68,-87,-73
-92,-58,34,75,-63,-12,73,-78,-4,-58,-87,-68
-87,-58,29,73,-58,-14,73,-78,-4,-58,-87,-68
-82,-58,24,70,-53,-17,73,-78,-4,-58,-82,-68
-82,-58,24,70,-53,-17,73,-78,-4,-58,-82,-68
-82,-53,29,68,-56,-12,73,-78,4,-68,-87,-68
-78,-48,29,63,-53,-9,78,-78,4,-68,-87,-68
-78,-48,29,63,-53,-9,78,-78,4,-68,-87,-68
-78,-48,29,63,-53,-9,78,-78,4,-68,-87,-68
-82,-53,29,68,-56,-12,78,-78,0,-68,-78,-68
-68,-39,29,53,-48,-4,87,-68,9,-58,-78,-68
-68,-29,39,48,-53,4,87,-68,9,-48,-68,-58
-68,-29,39,48,-53,4,87,-68,9,-48,-68,-58
-68,-29,39,48,-53,4,87,-68,9,-48,-68,-58
-68,-29,39,48,-53,4,87,-68,9,-48,-68,-58
-58,-14,43,36,-51,14,92,-63,19,-43,-63,-43
-58,-9,48,34,-53,19,92,-58,19,-43,-63,-39
-58,-9,48,34,-53,19,97,-58,24,-43,-63,-39
-58,-9,48,34,-53,19,97,-53,24,-43,-58,-39
-48,-9,39,29,-43,14,107,-53,24,-43,-58,-43
-48,-14,34,31,-41,9,107,-53,24,-43,-63,-53
-48,-14,34,31,-41,9,112,-53,24,-43,-63,-58
-48,-14,34,31,-41,9,117,-48,34,-39,-63,-58
-53,0,53,26,-53,26,117,-48,43,-24,-48,-43
-43,14,58,14,-51,36,112,-48,43,-19,-43,-34
-39,29,68,4,-53,48,107,-53,43,-19,-39,-29
-39,29,68,4,-53,48,102,-58,43,-19,-39,-29
-34,24,58,4,-46,41,87,-63,34,-29,-48,-39
-29,19,48,4,-39,34,78,-63,29,-29,-48,-39
-19,14,34,2,-26,24,73,-68,24,-34,-53,-39
-19,9,29,4,-24,19,58,-73,4,-43,-58,-43
-9,19,29,-4,-19,24,63,-73,0,-39,-53,-34
0,24,24,-12,-12,24,58,-78,4,-39,-53,-34
4,29,24,-17,-9,26,58,-78,4,-39,-53,-34
9,29,19,-19,-4,24,58,-78,4,-43,-58,-39
14,9,-4,-12,9,2,48,-87,-4,-53,-58,-48
14,9,-4,-12,9,2,43,-87,-9,-53,-63,-48
9,4,-4,-7,7,0,34,-97,-9,-58,-63,-48
4,4,0,-4,2,2,24,-97,-9,-58,-63,-53
-9,0,9,4,-9,4,29,-87,-9,-53,-63,-53
-9,-4,4,7,-7,0,39,-82,-9,-53,-63,-48
-4,-9,-4,7,0,-7,43,-78,-9,-53,-63,-48
-4,-19,-14,12,4,-17,48,-78,-9,-58,-68,-43
4,-19,-24,7,14,-21,43,-78,-9,-48,-73,-53
4,-19,-24,7,14,-21,43,-82,-9,-48,-73,-58
0,-24,-24,12,12,-24,43,-82,-9,-48,-73,-58
-24,-39,-14,31,-4,-26,43,-82,-9,-53,-78,-58
-34,-48,-14,41,-9,-31,53,-82,-9,-63,-78,-63
-43,-58,-14,51,-14,-36,53,-82,-14,-68,-82,-73
-58,-68,-9,63,-24,-39,53,-87,-19,-73,-87,-78
-68,-68,0,68,-34,-34,53,-92,-19,-78,-92,-78
-78,-78,0,78,-39,-39,53,-102,-34,-82,-97,-82
-87,-78,9,82,-48,-34,53,-102,-34,-87,-102,-87
-87,-78,9,82,-48,-34,53,-102,-34,-87,-102,-87
-82,-73,9,78,-46,-31,53,-102,-34,-87,-107,-87
-82,-82,0,82,-41,-41,43,-117,-43,-92,-107,-87
-87,-92,-4,90,-41,-48,43,-122,-43,-92,-107,-92
-92,-92,0,92,-46,-46,43,-122,-48,-97,-107,-92
-92,-92,0,92,-46,-46,43,-122,-48,-97,-112,-102
-82,-87,-4,85,-39,-46,43,-122,-48,-107,-122,-102
-82,-87,-4,85,-39,-46,43,-117,-43,-107,-122,-97
-82,-87,-4,85,-39,-46,43,-117,-43,-102,-117,-92
-87,-87,0,87,-43,-43,48,-117,-43,-102,-117,-92
-102,-97,4,100,-53,-46,48,-117,-43,-102,-107,-92
-102,-97,4,100,-53,-46,48,-112,-43,-102,-107,-92
-97,-97,0,97,-48,-48,48,-112,-43,-102,-107,-92
-97,-97,0,97,-48,-48,48,-112,-43,-102,-107,-92
-107,-87,19,97,-63,-34,48,-117,-43,-97,-117,-87
-112,-87,24,100,-68,-31,48,-117,-43,-97,-117,-87
-112,-92,19,102,-65,-36,48,-117,-43,-92,-117,-87
-112,-92,19,102,-65,-36,53,-117,-43,-92,-117,-87
-102,-92,9,97,-56,-41,53,-112,-43,-92,-107,-97
-102,-92,9,97,-56,-41,53,-112,-43,-92,-107,-97
-102,-87,14,95,-58,-36,53,-112,-43,-92,-107,-92
-102,-87,14,95,-58,-36,53,-112,-39,-92,-107,-92
-87,-87,0,87,-43,-43,53,-112,-48,-102,-117,-92
-87,-87,0,87,-43,-43,53,-112,-48,-102,-117,-97
-87,-87,0,87,-43,-43,53,-112,-48,-102,-117,-97
-87,-87,0,87,-43,-43,53,-112,-48,-102,-117,-92
-102,-97,4,100,-53,-46,43,-122,-48,-102,-122,-102
-107,-97,9,102,-58,-43,43,-122,-48,-102,-122,-102
-112,-97,14,104,-63,-41,43,-122,-48,-102,-117,-102
-117,-102,14,109,-65,-43,43,-122,-48,-102,-117,-102
-112,-92,19,102,-65,-36,43,-112,-39,-92,-107,-92
-102,-97,4,100,-53,-46,48,-112,-39,-97,-107,-92
-87,-78,9,82,-48,-34,58,-102,-39,-97,-97,-92
-97,-78,19,87,-58,-29,63,-107,-34,-97,-97,-92
-102,-78,24,90,-63,-26,48,-102,-29,-92,-107,-92
-92,-73,19,82,-56,-26,58,-87,-19,-82,-92,-92
-82,-73,9,78,-46,-31,87,-78,-9,-78,-92,-87
-78,-82,-4,80,-36,-43,92,-58,4,-73,-92,-87
-78,-82,-4,80,-36,-43,112,-34,29,-53,-78,-73
-73,-73,0,73,-36,-36,131,0,63,-24,-53,-53
-58,-73,-14,65,-21,-43,156,43,112,14,-24,-39
-34,-58,-24,46,-4,-41,190,97,151,58,4,-19
-24,-43,-19,34,-2,-31,234,170,224,102,48,9
-14,-24,-9,19,-2,-17,287,253,312,161,102,48
24,0,-24,-12,24,-12,361,351,395,224,165,82
82,14,-68,-48,75,-26,414,424,468,287,204,122
131,29,-102,-80,117,-36,439,483,531,346,263,161
180,63,-117,-122,148,-26,453,541,595,414,331,219
258,122,-136,-190,197,-7,444,575,649,488,390,273
336,185,-151,-261,244,17,409,580,668,541,453,336
395,239,-156,-317,275,41,341,551,668,590,512,390
444,292,-151,-368,297,70,219,458,629,610,566,434
492,341,-151,-417,322,95,87,317,546,585,566,458
507,351,-156,-429,331,97,-39,141,395,507,512,434
517,307,-209,-412,363,48,-204,-48,195,375,414,370
527,253,-273,-390,400,-9,-390,-258,-19,214,302,292
463,185,-278,-324,370,-46,-551,-478,-248,43,170,195
341,97,-244,-219,292,-73,-678,-683,-463,-126,29,92
214,0,-214,-107,214,-107,-761,-849,-649,-302,-126,-24
107,-82,-190,-12,148,-136,-800,-971,-810,-478,-292,-156
0,-156,-156,78,78,-156,-790,-1054,-912,-614,-429,-263
-87,-195,-107,141,9,-151,-766,-1078,-956,-688,-507,-331
-117,-175,-58,146,-29,-117,-741,-1068,-936,-688,-512,-341
-131,-136,-4,134,-63,-70,-697,-1000,-863,-639,-483,-302
-165,-107,58,136,-112,-24,-610,-902,-766,-566,-434,-273
-195,-82,112,139,-153,14,-483,-775,-639,-478,-375,-244
-204,-48,156,126,-180,53,-375,-649,-517,-390,-312,-209
-190,-53,136,122,-163,41,-302,-527,-405,-312,-263,-175
-165,-43,122,104,-143,39,-224,-405,-297,-248,-204,-146
-131,-29,102,80,-117,36,-136,-283,-190,-180,-146,-107
-97,-39,58,68,-78,9,-73,-204,-117,-126,-112,-78
-68,-58,9,63,-39,-24,-48,-151,-78,-92,-78,-58
-34,-39,-4,36,-14,-21,-39,-122,-43,-68,-63,-48
-9,-29,-19,19,4,-24,-19,-102,-24,-53,-48,-39
-9,-29,-19,19,4,-24,4,-87,-14,-48,-48,-34
-19,-19,0,19,-9,-9,19,-68,-4,-39,-43,-43
-24,-9,14,17,-19,2,29,-53,14,-43,-39,-39
-39,-4,34,21,-36,14,58,-39,39,-24,-34,-29
-39,9,48,14,-43,29,87,-19,53,-9,-14,-19
-48,9,58,19,-53,34,82,-19,48,-4,-19,-19
-43,4,48,19,-46,26,78,-19,48,-4,-19,-19
-43,0,43,21,-43,21,73,-19,48,-9,-24,-19
-43,0,43,21,-43,21,73,-14,48,-9,-24,-19
-53,-9,43,31,-48,17,78,-14,48,-14,-24,-29
-48,-19,29,34,-39,4,87,-9,58,-14,-24,-29
-48,-24,24,36,-36,0,92,0,63,-4,-24,-29
-53,-19,34,36,-43,7,97,9,73,-4,-19,-24
-53,-14,39,34,-46,12,107,9,82,9,0,-14
-48,-9,39,29,-43,14,107,9,82,9,0,-14
-48,-9,39,29,-43,14,107,9,87,9,-4,-14
-48,-4,43,26,-46,19,107,9,87,9,-4,-14
-39,-14,24,26,-31,4,102,0,82,0,-14,-19
-34,-14,19,24,-26,2,102,9,78,0,-14,-24
-34,-14,19,24,-26,2,107,14,82,4,-14,-29
-34,-9,24,21,-29,7,102,14,78,9,-4,-29
-43,-19,24,31,-34,2,107,24,97,19,4,-14
-43,-19,24,31,-34,2,112,34,97,19,4,-14
-43,-19,24,31,-34,2,107,24,87,19,4,-14
-43,-19,24,31,-34,2,112,24,87,19,4,-14
-29,-9,19,19,-24,4,102,24,92,9,0,-14
-24,-9,14,17,-19,2,112,24,97,14,0,-14
-19,-9,9,14,-14,0,112,24,97,19,4,-14
-14,-4,9,9,-12,2,112,34,97,19,4,-14
-24,4,29,9,-26,17,126,43,112,34,19,4
-19,4,24,7,-21,14,126,43,112,34,19,4
-19,4,24,7,-21,14,122,43,117,34,19,4
-14,9,24,2,-19,17,122,43,117,39,24,9
-19,0,19,9,-19,9,112,39,102,29,14,0
-14,0,14,7,-14,7,112,39,102,29,14,0
-14,0,14,7,-14,7,112,39,112,34,14,0
-14,4,19,4,-17,12,112,43,112,34,19,0
4,14,9,-9,-2,12,122,53,112,34,24,0
4,14,9,-9,-2,12,122,53,117,34,24,0
4,14,9,-9,-2,12,122,58,117,43,24,9
4,14,9,-9,-2,12,122,58,122,43,24,9
19,14,-4,-17,12,4,112,58,122,43,29,9
19,14,-4,-17,12,4,112,63,122,43,29,9
24,19,-4,-21,14,7,112,68,126,48,34,9
24,24,0,-24,12,12,112,68,131,48,34,14
29,14,-14,-21,21,0,122,68,131,53,34,14
29,14,-14,-21,21,0,126,68,131,53,39,19
34,24,-9,-29,21,7,126,73,131,58,39,19
43,24,-19,-34,31,2,126,73,136,58,39,24
48,24,-24,-36,36,0,117,78,136,68,53,24
53,29,-24,-41,39,2,117,82,141,73,63,29
53,29,-24,-41,39,2,117,82,141,78,63,34
58,29,-29,-43,43,0,117,82,146,78,63,34
58,39,-19,-48,39,9,122,87,161,73,63,34
63,43,-19,-53,41,12,122,87,161,78,68,34
63,48,-14,-56,39,17,122,92,161,78,68,39
63,53,-9,-58,36,21,117,92,161,78,73,43
63,43,-19,-53,41,12,107,82,156,78,63,43
68,43,-24,-56,46,9,112,92,161,78,73,43
68,39,-29,-53,48,4,112,92,161,78,78,48
68,39,-29,-53,48,4,107,92,161,87,78,53
78,43,-34,-61,56,4,102,97,175,97,82,58
82,48,-34,-65,58,7,102,102,175,102,87,58
97,53,-43,-75,70,4,97,102,180,102,92,63
112,63,-48,-87,80,7,97,102,180,102,92,68
112,68,-43,-90,78,12,102,112,180,107,97,73
122,73,-48,-97,85,12,102,122,190,117,102,78
122,78,-43,-100,82,17,102,126,190,122,107,82
136,82,-53,-109,95,14,97,126,195,126,112,82
136,78,-58,-107,97,9,92,126,195,131,126,97
151,82,-68,-117,109,7,92,126,200,136,131,102
151,87,-63,-119,107,12,87,131,200,136,136,107
151,87,-63,-119,107,12,87,131,200,136,141,112
161,97,-63,-129,112,17,73,131,195,146,136,102
180,102,-78,-141,129,12,68,136,195,151,141,107
195,102,-92,-148,143,4,68,136,200,156,146,112
209,112,-97,-161,153,7,63,136,200,156,151,117
200,122,-78,-161,139,21,63,146,209,165,165,126
214,126,-87,-170,151,19,58,146,209,165,170,131
224,131,-92,-178,158,19,53,146,209,175,170,136
234,141,-92,-187,163,24,53,151,209,180,175,136
244,131,-112,-187,178,9,43,151,219,170,170,131
248,131,-117,-190,183,7,43,151,219,170,170,131
263,131,-131,-197,197,0,39,151,219,180,175,141
268,141,-126,-204,197,7,34,151,224,180,180,141
278,141,-136,-209,207,2,34,146,214,180,195,151
287,141,-146,-214,217,-2,19,146,209,180,195,156
287,146,-141,-217,214,2,14,146,209,185,195,156
297,146,-151,-222,224,-2,14,146,209,185,200,161
292,156,-136,-224,214,9,14,146,209,200,200,156
292,165,-126,-229,209,19,9,146,209,200,204,156
292,165,-126,-229,209,19,9,141,209,195,204,156
292,161,-131,-226,212,14,9,136,204,195,195,156
292,161,-131,-226,212,14,-9,126,209,190,195,156
297,165,-131,-231,214,17,-9,122,204,190,195,151
297,165,-131,-231,214,17,-9,117,200,185,190,151
283,161,-122,-222,202,19,-9,107,195,175,185,146
283,151,-131,-217,207,9,-4,102,175,161,175,141
268,146,-122,-207,195,12,0,97,175,156,170,131
253,141,-112,-197,183,14,0,87,165,141,161,126
244,131,-112,-187,178,9,0,82,161,131,151,117
239,131,-107,-185,173,12,4,68,156,131,141,112
219,122,-97,-170,158,12,4,58,151,122,131,102
204,112,-92,-158,148,9,14,53,136,112,122,87
190,107,-82,-148,136,12,19,48,126,107,112,82
165,92,-73,-129,119,9,24,53,126,87,102,73
151,82,-68,-117,109,7,29,43,117,78,92,63
141,82,-58,-112,100,12,34,39,117,68,82,58
122,73,-48,-97,85,12,43,39,112,63,73,48
97,58,-39,-78,68,9,43,24,102,53,53,39
87,48,-39,-68,63,4,48,19,97,43,39,34
78,39,-39,-58,58,0,53,14,87,34,39,24
68,34,-34,-51,51,0,58,4,78,24,29,14
53,43,-9,-48,31,17,48,0,63,19,19,9
48,34,-14,-41,31,9,48,-4,63,9,9,4
34,24,-9,-29,21,7,48,-9,63,0,4,0
24,19,-4,-21,14,7,53,-19,58,0,-4,-14
9,24,14,-17,-2,19,63,-19,53,-4,-4,-14
-4,19,24,-7,-14,21,58,-24,48,-9,-9,-19
-9,14,24,-2,-17,19,58,-29,39,-24,-14,-19
-14,14,29,0,-21,21,63,-29,39,-24,-14,-24
-14,0,14,7,-14,7,53,-34,29,-29,-29,-29
-19,-4,14,12,-17,4,53,-39,29,-29,-34,-34
-29,-9,19,19,-24,4,53,-39,24,-34,-39,-34
-29,-14,14,21,-21,0,53,-43,19,-34,-39,-39
-43,-19,24,31,-34,2,63,-58,19,-39,-39,-43
-48,-24,24,36,-36,0,63,-58,14,-43,-48,-48
-53,-29,24,41,-39,-2,63,-58,14,-43,-48,-53
-63,-34,29,48,-46,-2,63,-63,9,-48,-53,-53
-48,-29,19,39,-34,-4,53,-68,0,-58,-53,-48
-43,-24,19,34,-31,-2,53,-68,0,-58,-53,-48
-43,-29,14,36,-29,-7,53,-73,0,-63,-58,-48
-39,-29,9,34,-24,-9,53,-73,0,-63,-58,-53
-48,-39,9,43,-29,-14,53,-73,4,-63,-58,-53
-48,-39,9,43,-29,-14,53,-73,4,-68,-58,-58
-53,-39,14,46,-34,-12,53,-73,-4,-73,-63,-68
-58,-43,14,51,-36,-14,43,-78,-4,-73,-73,-68
-58,-43,14,51,-36,-14,43,-87,-14,-73,-73,-63
-48,-39,9,43,-29,-14,43,-87,-14,-73,-68,-63
-48,-39,9,43,-29,-14,43,-87,-14,-78,-63,-63
-53,-43,9,48,-31,-17,48,-92,-14,-78,-63,-63
-53,-39,14,46,-34,-12,58,-87,-4,-63,-53,-53
-53,-34,19,43,-36,-7,58,-82,-4,-63,-58,-53
-48,-29,19,39,-34,-4,58,-78,-9,-63,-58,-53
-48,-19,29,34,-39,4,58,-73,-9,-63,-58,-53
-48,-29,19,39,-34,-4,48,-82,-14,-78,-73,-63
-48,-29,19,39,-34,-4,48,-82,-14,-78,-73,-63
-48,-29,19,39,-34,-4,48,-82,-14,-78,-68,-63
-48,-29,19,39,-34,-4,48,-82,-14,-78,-68,-63
-43,-24,19,34,-31,-2,48,-82,-9,-68,-68,-68
-39,-24,14,31,-26,-4,48,-82,-9,-68,-68,-68
-34,-24,9,29,-21,-7,48,-82,-4,-68,-68,-68
-29,-19,9,24,-19,-4,48,-78,-4,-63,-68,-63
-34,-24,9,29,-21,-7,48,-78,-9,-63,-68,-63
-39,-24,14,31,-26,-4,48,-78,-9,-63,-63,-63
-43,-29,14,36,-29,-7,48,-78,-9,-63,-63,-63
-48,-29,19,39,-34,-4,48,-78,-9,-63,-63,-63
-48,-29,19,39,-34,-4,58,-78,-9,-73,-63,-63
-48,-29,19,39,-34,-4,58,-78,-9,-73,-63,-63
-48,-29,19,39,-34,-4,58,-78,-9,-73,-63,-63
-48,-29,19,39,-34,-4,58,-78,-9,-73,-63,-58
-48,-29,19,39,-34,-4,48,-73,0,-63,-63,-68
-53,-29,24,41,-39,-2,48,-73,0,-63,-63,-68
-53,-29,24,41,-39,-2,48,-73,0,-63,-63,-68
-53,-29,24,41,-39,-2,48,-73,0,-63,-63,-68
-53,-39,14,46,-34,-12,58,-73,0,-63,-63,-68
-58,-39,19,48,-39,-9,58,-78,0,-63,-63,-68
-63,-39,24,51,-43,-7,58,-78,0,-63,-63,-68
-68,-39,29,53,-48,-4,58,-73,0,-63,-63,-68
-63,-39,24,51,-43,-7,58,-82,-4,-73,-63,-58
-58,-39,19,48,-39,-9,58,-78,-4,-73,-58,-58
-53,-34,19,43,-36,-7,58,-78,-4,-63,-58,-53
-48,-34,14,41,-31,-9,58,-78,-4,-53,-58,-53
-48,-29,19,39,-34,-4,58,-78,0,-43,-58,-43
-48,-24,24,36,-36,0,58,-73,4,-43,-53,-43
-48,-19,29,34,-39,4,58,-68,9,-43,-48,-43
-48,-14,34,31,-41,9,58,-63,14,-43,-43,-43
-58,-19,39,39,-48,9,48,-68,9,-48,-48,-48
-58,-24,34,41,-46,4,48,-68,4,-53,-48,-53
-58,-29,29,43,-43,0,48,-73,0,-63,-53,-58
-58,-34,24,46,-41,-4,48,-73,-4,-68,-63,-63
-48,-24,24,36,-36,0,58,-63,4,-68,-53,-53
-53,-24,29,39,-41,2,58,-63,4,-68,-53,-53
-53,-24,29,39,-41,2,58,-63,4,-68,-53,-53
-53,-24,29,39,-41,2,58,-63,4,-68,-53,-53
-48,-14,34,31,-41,9,58,-73,4,-58,-43,-53
-48,-14,34,31,-41,9,58,-68,4,-58,-43,-53
-48,-14,34,31,-41,9,58,-68,4,-58,-43,-53
-48,-14,34,31,-41,9,58,-68,4,-58,-43,-53
-48,-14,34,31,-41,9,58,-68,-4,-58,-43,-53
-48,-14,34,31,-41,9,58,-68,-4,-58,-43,-53
-48,-14,34,31,-41,9,58,-68,-4,-58,-48,-53
-48,-24,24,36,-36,0,58,-68,-4,-58,-48,-53
-53,-34,19,43,-36,-7,58,-68,-4,-63,-53,-53
-58,-34,24,46,-41,-4,53,-73,-4,-63,-53,-53
-63,-34,29,48,-46,-2,53,-73,-4,-63,-53,-53
-73,-34,39,53,-56,2,53,-73,-4,-63,-53,-53
-63,-34,29,48,-46,-2,53,-82,-9,-63,-63,-58
-58,-34,24,46,-41,-4,58,-82,-14,-63,-63,-63
-58,-34,24,46,-41,-4,58,-82,-14,-68,-68,-68
-58,-39,19,48,-39,-9,58,-82,-14,-68,-68,-73
-48,-39,9,43,-29,-14,48,-92,-14,-68,-58,-63
-48,-39,9,43,-29,-14,48,-92,-14,-68,-58,-63
-53,-39,14,46,-34,-12,48,-92,-14,-68,-58,-63
-53,-39,14,46,-34,-12,53,-92,-14,-68,-58,-63
-43,-29,14,36,-29,-7,53,-82,-14,-68,-58,-53
-43,-29,14,36,-29,-7,53,-87,-14,-68,-58,-58
-43,-29,14,36,-29,-7,48,-92,-14,-68,-63,-58
-43,-29,14,36,-29,-7,48,-92,-19,-73,-63,-58
-43,-39,4,41,-24,-17,58,-82,-19,-73,-63,-68
-43,-39,4,41,-24,-17,58,-82,-19,-73,-63,-68
-43,-39,4,41,-24,-17,58,-92,-24,-73,-63,-68
-43,-39,4,41,-24,-17,58,-92,-24,-73,-63,-68
-53,-48,4,51,-29,-21,48,-92,-24,-73,-73,-68
-53,-48,4,51,-29,-21,48,-92,-24,-73,-73,-68
-53,-48,4,51,-29,-21,48,-92,-24,-73,-73,-68
-53,-48,4,51,-29,-21,48,-92,-24,-73,-73,-73
-63,-39,24,51,-43,-7,48,-92,-24,-73,-63,-63
-68,-39,29,53,-48,-4,43,-92,-24,-73,-63,-63
-68,-43,24,56,-46,-9,39,-92,-29,-78,-63,-63
-68,-43,24,56,-46,-9,39,-92,-29,-78,-63,-63
-63,-34,29,48,-46,-2,48,-92,-29,-78,-63,-63
-63,-29,34,46,-48,2,48,-92,-29,-78,-63,-63
-63,-29,34,46,-48,2,48,-92,-29,-78,-68,-68
-68,-43,24,56,-46,-9,53,-92,-29,-78,-68,-68
-58,-24,34,41,-46,4,43,-102,-24,-73,-58,-63
-58,-24,34,41,-46,4,43,-102,-24,-73,-58,-63
-58,-24,34,41,-46,4,39,-107,-29,-78,-58,-63
-58,-24,34,41,-46,4,39,-107,-29,-78,-63,-63
-58,-34,24,46,-41,-4,39,-102,-29,-78,-73,-63
-63,-39,24,51,-43,-7,34,-102,-34,-78,-73,-63
-63,-43,19,53,-41,-12,34,-102,-34,-82,-73,-68
-63,-43,19,53,-41,-12,39,-102,-34,-82,-73,-68
-68,-39,29,53,-48,-4,48,-102,-34,-82,-63,-68
-68,-39,29,53,-48,-4,48,-102,-34,-82,-63,-68
-68,-39,29,53,-48,-4,43,-102,-34,-82,-63,-68
-68,-39,29,53,-48,-4,43,-102,-34,-82,-63,-68
-68,-29,39,48,-53,4,43,-97,-24,-82,-63,-78
-68,-29,39,48,-53,4,43,-97,-24,-78,-63,-73
-68,-29,39,48,-53,4,43,-102,-24,-78,-63,-73
-68,-29,39,48,-53,4,43,-102,-24,-78,-63,-73
-78,-34,43,56,-61,4,43,-102,-24,-82,-73,-78
-78,-39,39,58,-58,0,43,-102,-24,-82,-73,-78
-78,-43,34,61,-56,-4,39,-102,-24,-82,-73,-78
-78,-48,29,63,-53,-9,39,-102,-24,-82,-73,-73
-68,-48,19,58,-43,-14,34,-102,-29,-87,-63,-73
-63,-48,14,56,-39,-17,34,-102,-29,-87,-63,-73
-63,-48,14,56,-39,-17,34,-102,-29,-87,-68,-73
-63,-48,14,56,-39,-17,34,-102,-29,-87,-68,-73
-58,-34,24,46,-41,-4,43,-97,-24,-82,-58,-68
-58,-29,29,43,-43,0,43,-97,-24,-78,-58,-68
-58,-24,34,41,-46,4,43,-97,-24,-73,-53,-68
-63,-19,43,41,-53,12,43,-97,-24,-68,-53,-68
-73,-29,43,51,-58,7,43,-97,-34,-78,-53,-68
-68,-29,39,48,-53,4,48,-97,-34,-78,-58,-68
-68,-34,34,51,-51,0,48,-97,-34,-78,-63,-68
-68,-39,29,53,-48,-4,48,-97,-34,-78,-68,-68
-53,-24,29,39,-41,2,68,-78,-9,-68,-48,-58
-48,-9,39,29,-43,14,87,-68,0,-58,-39,-48
-48,-4,43,26,-46,19,82,-78,-9,-58,-48,-48
-48,0,48,24,-48,24,78,-78,-9,-58,-48,-48
-48,4,53,21,-51,29,73,-78,-9,-58,-48,-48
-48,9,58,19,-53,34,68,-78,-9,-58,-48,-48
-48,9,58,19,-53,34,63,-82,-9,-63,-43,-53
-48,9,58,19,-53,34,63,-78,-9,-63,-43,-48
-48,4,53,21,-51,29,68,-78,-4,-63,-43,-48
-48,0,48,24,-48,24,68,-73,-4,-63,-39,-48
-48,0,48,24,-48,24,73,-73,4,-53,-29,-39
-48,-4,43,26,-46,19,78,-73,4,-53,-34,-43
-48,-4,43,26,-46,19,87,-73,4,-53,-34,-43
-48,-4,43,26,-46,19,97,-68,14,-48,-34,-39
-34,24,58,4,-46,41,87,-58,24,-34,-19,-34
-24,43,68,-9,-46,56,82,-58,24,-29,-14,-24
-19,63,82,-21,-51,73,78,-63,24,-29,-9,-19
-19,68,87,-24,-53,78,73,-68,24,-29,-9,-19
-24,58,82,-17,-53,70,68,-73,19,-29,0,-19
-19,58,78,-19,-48,68,58,-73,19,-29,0,-19
-9,58,68,-24,-39,63,53,-78,19,-34,-4,-19
-9,58,68,-24,-39,63,39,-82,4,-43,-9,-24
4,53,48,-29,-21,51,24,-92,-4,-48,-24,-24
9,53,43,-31,-17,48,19,-97,-4,-48,-24,-24
9,53,43,-31,-17,48,19,-97,-9,-48,-24,-24
9,48,39,-29,-14,43,19,-97,-14,-53,-29,-29
14,29,14,-21,0,21,24,-97,-14,-53,-29,-29
14,29,14,-21,0,21,24,-97,-19,-53,-34,-29
9,24,14,-17,-2,19,19,-107,-19,-58,-34,-29
4,24,19,-14,-7,21,14,-107,-19,-58,-34,-34
4,29,24,-17,-9,26,14,-107,-29,-63,-43,-39
9,24,14,-17,-2,19,19,-102,-29,-63,-43,-39
19,19,0,-19,9,9,19,-97,-29,-63,-43,-43
24,9,-14,-17,19,-2,19,-97,-29,-68,-48,-43
24,4,-19,-14,21,-7,24,-97,-29,-68,-53,-53
14,0,-14,-7,14,-7,24,-102,-29,-68,-53,-58
0,-9,-9,4,4,-9,24,-102,-29,-68,-53,-58
-34,-29,4,31,-19,-12,24,-102,-29,-73,-58,-58
-39,-48,-9,43,-14,-29,24,-112,-39,-82,-58,-73
-43,-58,-14,51,-14,-36,24,-112,-43,-87,-63,-82
-53,-68,-14,61,-19,-41,24,-117,-48,-92,-68,-87
-58,-68,-9,63,-24,-39,24,-122,-48,-97,-73,-87
-78,-68,9,73,-43,-29,34,-131,-63,-102,-78,-82
-87,-68,19,78,-53,-24,34,-131,-63,-107,-82,-87
-87,-68,19,78,-53,-24,34,-131,-63,-107,-82,-87
-82,-63,19,73,-51,-21,34,-131,-63,-107,-87,-87
-78,-58,19,68,-48,-19,34,-126,-63,-102,-87,-78
-78,-63,14,70,-46,-24,34,-131,-63,-102,-87,-82
-78,-58,19,68,-48,-19,34,-131,-68,-107,-87,-82
-73,-53,19,63,-46,-17,34,-131,-68,-107,-92,-92
-78,-68,9,73,-43,-29,43,-131,-68,-107,-92,-92
-82,-68,14,75,-48,-26,43,-126,-63,-107,-92,-87
-87,-68,19,78,-53,-24,43,-126,-63,-102,-87,-82
-97,-68,29,82,-63,-19,48,-126,-63,-102,-87,-82
-92,-68,24,80,-58,-21,39,-136,-63,-112,-87,-92
-92,-68,24,80,-58,-21,39,-131,-63,-112,-87,-92
-87,-68,19,78,-53,-24,39,-131,-63,-112,-87,-92
-87,-68,19,78,-53,-24,39,-131,-63,-112,-87,-92
-97,-68,29,82,-63,-19,48,-126,-63,-107,-87,-92
-102,-68,34,85,-68,-17,48,-126,-63,-107,-87,-87
-102,-73,29,87,-65,-21,48,-126,-63,-102,-87,-82
-102,-73,29,87,-65,-21,53,-126,-63,-102,-87,-78
-92,-63,29,78,-61,-17,53,-122,-53,-102,-78,-87
-92,-63,29,78,-61,-17,53,-122,-53,-102,-78,-87
-92,-58,34,75,-63,-12,53,-122,-53,-102,-78,-82
-92,-58,34,75,-63,-12,53,-122,-48,-102,-78,-82
-92,-68,24,80,-58,-21,53,-122,-58,-102,-78,-82
-97,-68,29,82,-63,-19,53,-122,-58,-102,-78,-87
-102,-68,34,85,-68,-17,53,-122,-58,-102,-78,-87
-107,-68,39,87,-73,-14,53,-122,-58,-102,-78,-82
-97,-68,29,82,-63,-19,53,-122,-48,-102,-82,-82
-97,-68,29,82,-63,-19,53,-122,-48,-102,-82,-82
-97,-68,29,82,-63,-19,53,-122,-48,-102,-78,-82
-97,-73,24,85,-61,-24,53,-122,-48,-102,-78,-82
-73,-43,29,58,-51,-7,63,-112,-39,-92,-68,-73
-63,-29,34,46,-48,2,58,-102,-39,-87,-68,-73
-78,-39,39,58,-58,0,68,-102,-39,-87,-78,-73
-107,-58,48,82,-78,-4,73,-107,-43,-97,-87,-82
-102,-78,24,90,-63,-26,68,-112,-39,-102,-87,-92
-102,-82,19,92,-61,-31,78,-97,-29,-92,-82,-82
-112,-82,29,97,-70,-26,87,-78,-19,-78,-73,-78
-117,-92,24,104,-70,-34,102,-68,-4,-73,-63,-78
-97,-63,34,80,-65,-14,122,-24,29,-43,-39,-53
-63,-34,29,48,-46,-2,151,19,82,4,4,-24
-39,-43,-4,41,-17,-24,165,63,122,34,34,-9
-24,-39,-14,31,-4,-26,200,117,170,68,53,0
4,-24,-29,9,17,-26,253,200,244,112,87,19
34,-24,-58,-4,46,-41,317,283,312,170,131,58
63,-19,-82,-21,73,-51,370,351,375,224,185,82
112,-4,-117,-53,114,-61,414,434,448,278,234,122
161,39,-122,-100,141,-41,448,502,531,356,302,180
239,102,-136,-170,187,-17,453,570,614,444,380,248
336,161,-175,-248,256,-7,444,605,668,517,458,312
414,224,-190,-319,302,17,409,619,707,590,531,385
463,297,-165,-380,314,65,361,600,727,639,600,439
502,341,-161,-422,331,90,258,517,678,658,634,483
502,361,-141,-431,322,109,136,366,575,614,614,478
497,341,-156,-419,326,92,0,170,414,517,551,444
507,307,-200,-407,353,53,-165,-29,214,385,453,380
488,263,-224,-375,356,19,-351,-239,-9,234,331,302
385,204,-180,-295,283,12,-492,-448,-219,63,200,214
273,126,-146,-200,209,-9,-610,-644,-424,-107,58,102
156,9,-146,-82,151,-68,-673,-829,-639,-322,-126,-43
39,-112,-151,36,95,-131,-712,-971,-839,-527,-331,-204
-58,-175,-117,117,29,-146,-702,-1044,-941,-653,-448,-302
-136,-175,-39,156,-48,-107,-688,-1068,-956,-697,-497,-331
-185,-165,19,175,-102,-73,-663,-1049,-936,-678,-492,-331
-209,-136,73,173,-141,-31,-629,-980,-863,-629,-453,-302
-224,-107,117,165,-170,4,-541,-854,-727,-536,-385,-263
-224,-53,170,139,-197,58,-424,-717,-590,-439,-317,-214
-195,-9,185,102,-190,87,-326,-600,-478,-361,-263,-180
-170,4,175,82,-173,90,-263,-497,-385,-302,-224,-156
-146,-4,141,75,-143,68,-195,-405,-297,-248,-175,-126
-112,0,112,56,-112,56,-117,-292,-209,-180,-126,-107
-78,0,78,39,-78,39,-63,-204,-136,-126,-82,-68
-58,-9,48,34,-53,19,-39,-151,-87,-82,-48,-48
-53,-19,34,36,-43,7,-19,-122,-63,-68,-34,-39
-29,-19,9,24,-19,-4,0,-102,-43,-53,-19,-29
-19,9,29,4,-24,19,34,-87,-14,-39,-9,-24
-29,19,48,4,-39,34,48,-68,4,-39,-4,-24
-34,19,53,7,-43,36,68,-53,14,-34,-9,-19
-39,14,53,12,-46,34,78,-39,19,-24,-4,-19
-29,19,48,4,-39,34,97,-29,34,-9,4,-19
-34,9,43,12,-39,26,92,-29,29,-14,9,-19
-34,4,39,14,-36,21,87,-29,29,-14,9,-19
-39,0,39,19,-39,19,82,-29,29,-19,4,-19
-43,0,43,21,-43,21,82,-24,29,-19,4,-19
-53,-4,48,29,-51,21,97,-34,29,-14,-4,-29
-48,-9,39,29,-43,14,107,-29,39,-14,-4,-29
-48,-9,39,29,-43,14,112,-19,43,-4,-4,-29
-53,0,53,26,-53,26,117,-9,53,-4,0,-24
-43,0,43,21,-43,21,117,-9,53,0,19,-14
-39,0,39,19,-39,19,117,-9,53,0,19,-14
-39,-4,34,21,-36,14,117,-9,58,0,14,-14
-39,-4,34,21,-36,14,117,-9,58,0,14,-14
-29,-4,24,17,-26,9,117,-9,48,-9,4,-24
-24,-4,19,14,-21,7,122,0,48,-9,4,-24
-24,-4,19,14,-21,7,131,4,58,-4,4,-24
-24,0,24,12,-24,12,131,4,58,0,14,-19
-34,-9,24,21,-29,7,141,4,78,4,24,-14
-34,-9,24,21,-29,7,141,14,78,9,24,-14
-34,-9,24,21,-29,7,131,4,68,14,24,-14
-34,-9,24,21,-29,7,131,4,68,19,24,-14
-24,-4,19,14,-21,7,122,14,73,19,29,-4
-24,0,24,12,-24,12,131,14,78,24,29,-4
-24,4,29,9,-26,17,131,14,78,29,34,-4
-24,14,39,4,-31,26,131,24,78,29,34,-4
-34,9,43,12,-39,26,136,34,82,24,29,-4
-29,4,34,12,-31,19,136,34,82,24,29,-4
-29,0,29,14,-29,14,131,34,87,24,29,-4
-24,0,24,12,-24,12,131,34,87,29,34,0
-19,9,29,4,-24,19,141,39,92,39,43,9
-14,9,24,2,-19,17,141,39,92,39,43,9
-14,9,24,2,-19,17,141,39,102,43,43,9
-14,14,29,0,-21,21,141,43,102,43,48,9
4,19,14,-12,-4,17,131,43,92,34,43,0
4,24,19,-14,-7,21,131,43,97,34,43,0
4,29,24,-17,-9,26,131,48,97,43,43,9
4,34,29,-19,-12,31,131,48,102,43,43,9
0,19,19,-9,-9,19,141,39,92,43,58,19
0,14,14,-7,-7,14,141,43,92,43,58,19
4,14,9,-9,-2,12,141,48,97,48,63,19
4,14,9,-9,-2,12,141,48,102,48,63,24
19,19,0,-19,9,9,131,58,112,53,73,24
19,24,4,-21,7,14,136,58,112,53,78,29
24,39,14,-31,4,26,136,63,112,58,78,29
34,43,9,-39,12,26,136,63,117,58,78,34
39,39,0,-39,19,19,146,58,107,58,78,24
43,39,-4,-41,24,17,146,63,112,63,82,29
43,34,-9,-39,26,12,146,63,112,68,78,34
48,29,-19,-39,34,4,146,63,117,68,73,34
58,39,-19,-48,39,9,141,78,131,73,78,39
63,43,-19,-53,41,12,141,78,131,78,87,43
63,48,-14,-56,39,17,141,82,131,78,92,53
63,53,-9,-58,36,21,136,82,131,78,102,63
58,48,-9,-53,34,19,136,73,136,97,92,53
68,53,-14,-61,41,19,141,82,141,97,102,53
73,53,-19,-63,46,17,141,82,141,97,107,58
78,58,-19,-68,48,19,136,82,141,107,107,63
73,58,-14,-65,43,21,122,87,136,97,112,68
73,58,-14,-65,43,21,122,92,136,102,117,68
82,58,-24,-70,53,17,117,92,141,102,122,73
92,63,-29,-78,61,17,117,92,141,102,122,78
107,68,-39,-87,73,14,122,92,141,107,126,82
122,73,-48,-97,85,12,122,102,151,117,131,87
126,78,-48,-102,87,14,122,107,151,122,136,92
146,82,-63,-114,104,9,117,107,156,126,141,92
156,87,-68,-122,112,9,102,107,165,131,146,87
170,92,-78,-131,124,7,102,107,170,136,151,92
170,97,-73,-134,122,12,97,112,170,136,156,97
170,97,-73,-134,122,12,97,112,170,136,161,102
165,97,-68,-131,117,14,102,112,165,146,165,112
180,102,-78,-141,129,12,97,117,165,151,170,117
190,102,-87,-146,139,7,97,117,170,156,175,122
200,112,-87,-156,143,12,92,117,170,156,180,126
200,102,-97,-151,148,2,82,107,170,156,175,117
214,107,-107,-161,161,0,78,107,170,156,180,122
224,112,-112,-168,168,0,73,107,170,165,180,126
234,122,-112,-178,173,4,73,112,170,170,185,126
234,131,-102,-183,168,14,63,122,170,170,200,141
239,131,-107,-185,173,12,63,122,170,170,200,141
253,131,-122,-192,187,4,58,122,170,180,204,151
258,141,-117,-200,187,12,53,122,175,180,209,151
278,141,-136,-209,207,2,43,117,175,170,214,151
287,141,-146,-214,217,-2,29,117,170,170,214,156
287,146,-141,-217,214,2,24,117,170,175,214,156
297,146,-151,-222,224,-2,24,117,170,175,219,161
312,136,-175,-224,244,-19,14,117,161,180,219,156
312,146,-165,-229,239,-9,9,117,161,180,224,156
312,146,-165,-229,239,-9,9,112,161,175,224,156
312,141,-170,-226,241,-14,9,107,156,175,214,156
302,141,-161,-222,231,-9,9,87,151,170,214,156
297,146,-151,-222,224,-2,9,82,146,170,214,151
287,146,-141,-217,214,2,9,78,141,165,209,151
263,141,-122,-202,192,9,9,68,136,156,204,146
263,141,-122,-202,192,9,4,63,126,141,185,141
248,136,-112,-192,180,12,9,58,126,136,180,131
234,131,-102,-183,168,14,9,48,117,122,170,126
224,122,-102,-173,163,9,9,43,112,112,161,117
200,131,-68,-165,134,31,19,39,117,112,151,112
180,122,-58,-151,119,31,24,29,112,102,141,102
165,112,-53,-139,109,29,39,24,97,92,131,87
151,107,-43,-129,97,31,48,19,87,87,122,82
146,102,-43,-124,95,29,53,24,87,78,122,73
131,92,-39,-112,85,26,58,14,78,68,112,63
122,92,-29,-107,75,31,63,9,78,58,102,58
102,82,-19,-92,61,31,73,9,73,53,92,48
63,63,0,-63,31,31,82,-4,63,43,82,39
48,48,0,-48,24,24,87,-9,58,34,68,34
34,34,0,-34,17,17,92,-14,48,24,68,24
19,24,4,-21,7,14,97,-24,39,14,58,14
14,24,9,-19,2,17,87,-19,34,9,48,9
9,14,4,-12,2,9,87,-24,34,0,39,4
-4,4,9,0,-7,7,87,-29,34,-9,34,0
-14,0,14,7,-14,7,92,-39,29,-9,24,-14
-9,0,9,4,-9,4,102,-48,14,-24,14,-14
-24,0,24,12,-24,12,97,-53,9,-29,9,-19
-29,0,29,14,-29,14,97,-58,0,-43,4,-19
-34,4,39,14,-36,21,102,-58,0,-43,4,-24
-34,0,34,17,-34,17,102,-53,-4,-43,0,-19
-39,-4,34,21,-36,14,102,-58,0,-39,-4,-24
-48,-9,39,29,-43,14,102,-58,0,-39,-9,-24
-48,-14,34,31,-41,9,102,-63,0,-34,-9,-29
-58,-14,43,36,-51,14,102,-68,0,-39,-9,-34
-58,-14,43,36,-51,14,102,-68,-4,-43,-19,-39
-58,-14,43,36,-51,14,102,-68,-4,-43,-19,-43
-63,-14,48,39,-56,17,102,-73,-9,-48,-24,-43
-53,-14,39,34,-46,12,92,-68,-9,-48,-14,-39
-53,-14,39,34,-46,12,92,-68,-9,-48,-14,-39
-58,-24,34,41,-46,4,92,-73,-9,-53,-19,-39
-58,-29,29,43,-43,0,92,-73,-9,-53,-19,-43
-58,-29,29,43,-43,0,102,-73,-14,-53,-29,-43
-58,-29,29,43,-43,0,102,-73,-14,-58,-29,-48
-63,-29,34,46,-48,2,102,-73,-24,-63,-34,-58
-68,-34,34,51,-51,0,92,-78,-24,-63,-43,-58
-58,-24,34,41,-46,4,92,-87,-24,-63,-43,-53
-48,-19,29,34,-39,4,92,-87,-24,-63,-39,-53
-48,-19,29,34,-39,4,92,-87,-24,-68,-34,-53
-53,-24,29,39,-41,2,97,-92,-24,-68,-34,-53
-58,-34,24,46,-41,-4,97,-92,-24,-63,-34,-53
-63,-34,29,48,-46,-2,97,-92,-24,-63,-39,-53
-63,-34,29,48,-46,-2,97,-92,-29,-63,-39,-53
-68,-29,39,48,-53,4,97,-92,-29,-63,-39,-53
-68,-34,34,51,-51,0,87,-92,-34,-68,-43,-53
-68,-39,29,53,-48,-4,87,-92,-34,-68,-43,-53
-68,-43,24,56,-46,-9,87,-92,-34,-68,-39,-53
-68,-48,19,58,-43,-14,87,-92,-34,-68,-39,-53
-63,-39,24,51,-43,-7,87,-92,-29,-68,-39,-58
-58,-34,24,46,-41,-4,87,-92,-29,-68,-39,-58
-53,-29,24,41,-39,-2,87,-92,-24,-68,-39,-58
-48,-19,29,34,-39,4,87,-87,-24,-63,-39,-53
-53,-19,34,36,-43,7,87,-87,-19,-63,-39,-53
-58,-24,34,41,-46,4,87,-87,-19,-63,-34,-53
-63,-34,29,48,-46,-2,87,-87,-19,-63,-34,-53
-68,-39,29,53,-48,-4,87,-87,-19,-63,-34,-53
-58,-34,24,46,-41,-4,97,-78,-19,-53,-34,-53
-58,-29,29,43,-43,0,97,-78,-19,-53,-34,-53
-58,-24,34,41,-46,4,97,-78,-19,-53,-34,-53
-58,-19,39,39,-48,9,97,-78,-19,-53,-34,-48
-48,-29,19,39,-34,-4,87,-82,-29,-63,-34,-58
-53,-29,24,41,-39,-2,87,-82,-29,-63,-34,-58
-53,-29,24,41,-39,-2,87,-82,-29,-63,-34,-58
-53,-29,24,41,-39,-2,87,-82,-29,-63,-34,-58
-58,-39,19,48,-39,-9,97,-82,-29,-73,-43,-58
-58,-39,19,48,-39,-9,97,-87,-29,-73,-43,-58
-58,-39,19,48,-39,-9,97,-87,-29,-73,-43,-58
-58,-39,19,48,-39,-9,97,-82,-29,-73,-43,-58
-58,-29,29,43,-43,0,97,-73,-14,-63,-34,-48
-58,-29,29,43,-43,0,97,-68,-14,-63,-29,-48
-58,-24,34,41,-46,4,97,-68,-14,-53,-29,-43
-58,-24,34,41,-46,4,97,-68,-14,-43,-29,-43
-48,-19,29,34,-39,4,97,-82,-14,-53,-34,-53
-48,-14,34,31,-41,9,97,-82,-14,-53,-34,-53
-48,-9,39,29,-43,14,97,-82,-14,-53,-34,-53
-48,-4,43,26,-46,19,97,-82,-14,-53,-34,-53
-53,-9,43,31,-48,17,97,-78,-14,-53,-34,-53
-58,-14,43,36,-51,14,97,-78,-14,-53,-29,-53
-63,-19,43,41,-53,12,97,-82,-14,-58,-29,-53
-68,-24,43,46,-56,9,97,-82,-14,-58,-34,-53
-58,-34,24,46,-41,-4,97,-82,-24,-58,-34,-53
-63,-34,29,48,-46,-2,97,-82,-24,-58,-34,-53
-63,-34,29,48,-46,-2,97,-82,-24,-58,-34,-53
-63,-34,29,48,-46,-2,97,-82,-24,-58,-34,-53
-58,-24,34,41,-46,4,97,-82,-24,-58,-34,-53
-58,-24,34,41,-46,4,97,-78,-24,-58,-34,-53
-58,-24,34,41,-46,4,97,-78,-24,-58,-34,-53
-58,-24,34,41,-46,4,97,-78,-24,-58,-34,-53
-68,-34,34,51,-51,0,97,-78,-24,-68,-34,-53
-68,-34,34,51,-51,0,97,-78,-24,-68,-34,-53
-68,-34,34,51,-51,0,97,-78,-24,-68,-39,-53
-68,-43,24,56,-46,-9,97,-78,-24,-68,-39,-53
-68,-34,34,51,-51,0,97,-78,-34,-63,-43,-63
-68,-34,34,51,-51,0,92,-82,-34,-63,-43,-63
-68,-34,34,51,-51,0,92,-82,-34,-63,-43,-63
-73,-34,39,53,-56,2,92,-82,-34,-63,-43,-63
-73,-24,48,48,-61,12,92,-92,-29,-53,-39,-53
-68,-24,43,46,-56,9,97,-92,-34,-53,-34,-53
-68,-24,43,46,-56,9,97,-92,-34,-58,-34,-53
-68,-29,39,48,-53,4,97,-92,-34,-58,-29,-53
-68,-19,48,43,-58,14,87,-102,-43,-68,-39,-63
-68,-19,48,43,-58,14,87,-102,-43,-68,-39,-63
-73,-19,53,46,-63,17,87,-102,-43,-68,-39,-63
-73,-19,53,46,-63,17,92,-102,-43,-68,-39,-63
-73,-29,43,51,-58,7,102,-92,-34,-68,-29,-53
-73,-29,43,51,-58,7,102,-97,-34,-68,-29,-58
-73,-29,43,51,-58,7,97,-102,-34,-68,-34,-58
-73,-29,43,51,-58,7,97,-102,-39,-73,-34,-58
-73,-39,34,56,-53,-2,87,-102,-48,-82,-39,-68
-73,-39,34,56,-53,-2,87,-102,-48,-82,-43,-68
-73,-39,34,56,-53,-2,87,-112,-53,-82,-48,-68
-73,-39,34,56,-53,-2,87,-112,-53,-82,-53,-68
-63,-29,34,46,-48,2,87,-112,-53,-73,-43,-68
-63,-29,34,46,-48,2,87,-112,-53,-73,-43,-68
-63,-29,34,46,-48,2,87,-112,-53,-73,-43,-68
-63,-29,34,46,-48,2,87,-112,-53,-73,-43,-73
-53,-39,14,46,-34,-12,97,-102,-43,-82,-43,-63
-58,-39,19,48,-39,-9,92,-102,-43,-82,-43,-63
-58,-43,14,51,-36,-14,87,-102,-48,-87,-43,-63
-58,-43,14,51,-36,-14,87,-102,-48,-87,-43,-63
-58,-43,14,51,-36,-14,87,-112,-58,-78,-53,-63
-63,-39,24,51,-43,-7,87,-112,-58,-78,-53,-63
-68,-39,29,53,-48,-4,87,-112,-58,-78,-58,-68
-78,-53,24,65,-51,-14,92,-112,-58,-78,-58,-68
-68,-34,34,51,-51,0,82,-122,-53,-82,-58,-73
-68,-34,34,51,-51,0,82,-122,-53,-82,-58,-73
-68,-34,34,51,-51,0,78,-126,-58,-87,-58,-73
-68,-34,34,51,-51,0,78,-126,-58,-87,-63,-73
-68,-24,43,46,-56,9,87,-126,-48,-78,-53,-63
-73,-29,43,51,-58,7,82,-122,-53,-78,-53,-63
-73,-34,39,53,-56,2,82,-117,-53,-82,-53,-68
-73,-34,39,53,-56,2,87,-112,-53,-82,-53,-68
-78,-39,39,58,-58,0,87,-112,-43,-73,-43,-68
-78,-39,39,58,-58,0,87,-112,-43,-73,-43,-68
-78,-39,39,58,-58,0,82,-112,-43,-73,-43,-68
-78,-39,39,58,-58,0,82,-112,-43,-73,-43,-68
-78,-39,39,58,-58,0,73,-107,-53,-82,-53,-68
-78,-39,39,58,-58,0,73,-107,-53,-78,-53,-63
-78,-39,39,58,-58,0,73,-112,-53,-78,-53,-63
-78,-39,39,58,-58,0,73,-112,-53,-78,-53,-63
-87,-43,43,65,-65,0,82,-122,-63,-92,-63,-78
-87,-48,39,68,-63,-4,82,-122,-63,-92,-63,-78
-87,-53,34,70,-61,-9,78,-122,-63,-92,-63,-78
-87,-58,29,73,-58,-14,78,-122,-63,-92,-63,-73
-87,-48,39,68,-63,-4,82,-112,-68,-87,-53,-73
-82,-48,34,65,-58,-7,82,-112,-68,-87,-53,-73
-82,-48,34,65,-58,-7,82,-112,-68,-87,-58,-73
-82,-48,34,65,-58,-7,82,-112,-68,-87,-58,-73
-78,-39,39,58,-58,0,82,-107,-68,-78,-48,-68
-78,-39,39,58,-58,0,82,-107,-63,-78,-48,-68
-78,-39,39,58,-58,0,82,-107,-58,-78,-43,-68
-82,-39,43,61,-63,2,82,-107,-53,-78,-43,-68
-82,-24,58,53,-70,17,92,-107,-43,-68,-39,-58
-87,-29,58,58,-73,14,97,-107,-43,-68,-39,-58
-78,-19,58,48,-68,19,87,-107,-53,-78,-39,-58
-78,-19,58,48,-68,19,87,-107,-53,-68,-39,-58
-78,-19,58,48,-68,19,97,-97,-39,-58,-29,-48
-68,-9,58,39,-63,24,97,-97,-39,-58,-29,-48
-68,-9,58,39,-63,24,97,-97,-39,-58,-29,-48
-68,-9,58,39,-63,24,97,-97,-39,-58,-29,-48
-68,-9,58,39,-63,24,97,-97,-39,-58,-29,-48
-48,-4,43,26,-46,19,92,-92,-39,-53,-24,-43
-48,0,48,24,-48,24,92,-87,-39,-53,-24,-39
-48,0,48,24,-48,24,97,-87,-34,-53,-24,-39
-48,0,48,24,-48,24,97,-82,-34,-53,-19,-39
-58,-9,48,34,-53,19,107,-82,-34,-63,-29,-48
-58,-14,43,36,-51,14,107,-82,-34,-63,-34,-53
-58,-14,43,36,-51,14,112,-82,-34,-63,-34,-53
-58,-14,43,36,-51,14,117,-78,-24,-58,-34,-48
-53,9,63,21,-58,36,126,-68,-14,-34,-19,-43
-43,24,68,9,-56,46,122,-68,-14,-29,-14,-34
-39,39,78,0,-58,58,117,-73,-14,-29,-9,-29
-39,39,78,0,-58,58,112,-78,-14,-29,-9,-29
-43,39,82,2,-63,61,107,-82,-9,-29,0,-19
-39,39,78,0,-58,58,97,-82,-9,-29,0,-19
-29,39,68,-4,-48,53,92,-87,-9,-34,-4,-19
-29,39,68,-4,-48,53,78,-92,-24,-43,-9,-24
-24,34,58,-4,-41,46,82,-102,-34,-48,-14,-24
-19,34,53,-7,-36,43,78,-107,-34,-48,-14,-24
-19,34,53,-7,-36,43,78,-107,-39,-48,-14,-24
-19,29,48,-4,-34,39,78,-107,-43,-53,-19,-29
-9,34,43,-12,-26,39,63,-97,-43,-53,-19,-29
-4,39,43,-17,-24,41,63,-97,-48,-53,-24,-29
-4,39,43,-17,-24,41,58,-107,-48,-58,-24,-29
-4,43,48,-19,-26,46,53,-107,-48,-58,-24,-34
-9,34,43,-12,-26,39,43,-117,-48,-53,-24,-39
-9,24,34,-7,-21,29,48,-112,-48,-53,-24,-39
-4,14,19,-4,-12,17,48,-107,-48,-53,-24,-43
-4,0,4,2,-4,2,48,-107,-48,-58,-29,-43
-9,-4,4,7,-7,0,63,-107,-48,-68,-34,-43
-14,-9,4,12,-9,-2,63,-112,-48,-68,-34,-48
-24,-19,4,21,-14,-7,63,-112,-48,-68,-34,-48
-53,-39,14,46,-34,-12,63,-112,-48,-73,-39,-48
-48,-39,9,43,-29,-14,63,-112,-68,-82,-48,-53
-53,-48,4,51,-29,-21,63,-112,-73,-87,-53,-63
-63,-58,4,61,-34,-26,63,-117,-78,-92,-58,-68
-68,-58,9,63,-39,-24,63,-122,-78,-97,-63,-68
-78,-68,9,73,-43,-29,73,-131,-73,-92,-68,-73
-87,-68,19,78,-53,-24,73,-131,-73,-97,-73,-78
-87,-68,19,78,-53,-24,73,-131,-73,-97,-73,-78
-82,-63,19,73,-51,-21,73,-131,-73,-97,-78,-78
-87,-53,34,70,-61,-9,68,-136,-82,-102,-68,-78
-97,-63,34,80,-65,-14,63,-141,-82,-102,-68,-82
-107,-63,43,85,-75,-9,58,-141,-87,-107,-68,-82
-112,-63,48,87,-80,-7,53,-141,-87,-107,-73,-92
-107,-68,39,87,-73,-14,63,-141,-87,-107,-82,-92
-102,-68,34,85,-68,-17,63,-136,-82,-107,-82,-87
-97,-68,29,82,-63,-19,63,-136,-82,-102,-78,-82
-97,-68,29,82,-63,-19,68,-136,-82,-102,-78,-82
-102,-78,24,90,-63,-26,68,-146,-92,-102,-78,-92
-102,-78,24,90,-63,-26,68,-141,-92,-102,-78,-92
-97,-78,19,87,-58,-29,68,-141,-92,-102,-78,-92
-97,-78,19,87,-58,-29,68,-141,-92,-102,-78,-92
-107,-68,39,87,-73,-14,68,-136,-92,-107,-68,-87
-112,-68,43,90,-78,-12,68,-136,-92,-107,-68,-87
-112,-73,39,92,-75,-17,68,-136,-92,-102,-68,-87
-112,-73,39,92,-75,-17,73,-136,-92,-102,-68,-87
-112,-73,39,92,-75,-17,73,-131,-82,-102,-68,-87
-112,-73,39,92,-75,-17,73,-131,-82,-102,-68,-87
-112,-68,43,90,-78,-12,73,-131,-82,-102,-68,-82
-112,-68,43,90,-78,-12,73,-131,-78,-102,-68,-82
-107,-78,29,92,-68,-24,73,-131,-78,-102,-78,-82
-107,-78,29,92,-68,-24,73,-131,-78,-102,-78,-87
-107,-78,29,92,-68,-24,73,-131,-78,-102,-78,-87
-107,-78,29,92,-68,-24,73,-131,-78,-102,-78,-82
-97,-68,29,82,-63,-19,63,-131,-78,-92,-73,-82
-97,-68,29,82,-63,-19,63,-131,-78,-92,-73,-82
-97,-68,29,82,-63,-19,63,-131,-78,-92,-68,-82
-97,-73,24,85,-61,-24,63,-131,-78,-92,-68,-82
-102,-73,29,87,-65,-21,73,-122,-78,-92,-68,-73
-131,-78,53,104,-92,-12,68,-122,-68,-87,-58,-73
-126,-78,48,102,-87,-14,78,-122,-68,-87,-58,-73
-117,-78,39,97,-78,-19,82,-117,-63,-87,-58,-82
-122,-78,43,100,-82,-17,97,-112,-58,-82,-58,-82
-112,-73,39,92,-75,-17,87,-107,-58,-82,-63,-82
-82,-63,19,73,-51,-21,107,-87,-48,-78,-53,-78
-87,-73,14,80,-51,-29,122,-78,-34,-63,-53,-78
-87,-82,4,85,-46,-39,141,-53,-9,-43,-39,-63
-53,-43,9,48,-31,-17,161,0,43,4,4,-34
-19,-34,-14,26,-2,-24,175,43,102,43,34,0
-14,-48,-34,31,9,-41,209,107,141,68,63,9
-14,-53,-39,34,12,-46,253,170,204,112,97,19
4,-43,-48,19,26,-46,317,253,273,161,141,48
43,-29,-73,-7,58,-51,361,322,346,214,185,73
82,-24,-107,-29,95,-65,424,405,419,287,234,112
131,9,-122,-70,126,-56,488,492,502,366,302,170
190,63,-126,-126,158,-31,492,551,585,444,390,239
268,122,-146,-195,207,-12,473,595,649,527,468,322
346,204,-141,-275,244,31,439,619,717,610,561,405
414,287,-126,-351,270,80,400,619,736,678,639,468
463,341,-122,-402,292,109,297,527,688,688,663,502
463,361,-102,-412,283,129,156,366,575,644,644,497
478,361,-117,-419,297,122,19,180,424,566,580,463
478,317,-161,-397,319,78,-126,0,224,444,492,409
419,253,-165,-336,292,43,-292,-200,9,283,380,331
307,175,-131,-241,219,21,-453,-419,-200,122,248,244
224,117,-107,-170,165,4,-570,-614,-395,-48,107,151
146,48,-97,-97,122,-24,-644,-790,-610,-253,-68,14
19,-63,-82,21,51,-73,-683,-941,-810,-478,-263,-146
-97,-156,-58,126,-19,-107,-712,-1034,-941,-624,-409,-273
-156,-175,-19,165,-68,-97,-697,-1078,-985,-688,-488,-331
-175,-156,19,165,-97,-68,-653,-1058,-966,-678,-492,-331
-200,-136,63,168,-131,-36,-600,-980,-893,-629,-453,-312
-244,-107,136,175,-190,14,-512,-863,-766,-546,-395,-273
-263,-63,200,163,-231,68,-405,-717,-619,-439,-307,-204
-234,-19,214,126,-224,97,-297,-590,-488,-351,-244,-161
-190,14,204,87,-197,109,-234,-488,-405,-292,-195,-136
-156,14,170,70,-163,92,-175,-395,-317,-229,-156,-117
-131,9,141,61,-136,75,-107,-312,-239,-170,-107,-97
-117,-9,107,63,-112,48,-53,-234,-175,-126,-82,-78
-87,-29,58,58,-73,14,-29,-180,-126,-92,-68,-68
-53,-9,43,31,-48,17,0,-131,-82,-58,-34,-39
-39,9,48,14,-43,29,29,-92,-43,-34,0,-9
-29,9,39,9,-34,24,63,-68,-14,-19,9,-4
-39,9,48,14,-43,29,78,-58,-4,-19,4,-4
-63,0,63,31,-63,31,78,-63,-4,-14,0,-19
-87,-14,73,51,-80,29,78,-58,-9,-14,4,-29
-78,-9,68,43,-73,29,87,-48,4,-9,4,-29
-87,-19,68,53,-78,24,97,-39,9,-14,9,-29
-82,-24,58,53,-70,17,97,-39,9,-14,9,-29
-82,-29,53,56,-68,12,97,-39,9,-19,4,-29
-82,-29,53,56,-68,12,102,-34,9,-19,4,-29
-78,-29,48,53,-63,9,97,-34,9,-4,4,-19
-68,-29,39,48,-53,4,107,-29,19,-4,4,-19
-63,-24,39,43,-51,7,112,-19,24,4,4,-19
-63,-9,53,36,-58,21,117,-9,34,4,9,-14
-73,-19,53,46,-63,17,107,-9,34,0,19,-24
-68,-19,48,43,-58,14,107,-9,34,0,19,-24
-68,-24,43,46,-56,9,107,-9,39,0,14,-24
-68,-24,43,46,-56,9,107,-9,39,0,14,-24
-58,-14,43,36,-51,14,117,-9,39,9,24,-14
-53,-14,39,34,-46,12,122,0,39,9,24,-14
-53,-14,39,34,-46,12,131,4,48,14,24,-14
-53,-9,43,31,-48,17,131,4,48,19,34,-9
-43,-9,34,26,-39,12,131,4,58,19,34,-4
-43,-9,34,26,-39,12,131,14,58,19,34,-4
-43,-9,34,26,-39,12,122,4,48,19,34,-4
-43,-9,34,26,-39,12,122,4,48,19,34,-4
-39,-19,19,29,-29,0,112,14,53,19,39,4
-43,-19,24,31,-34,2,122,14,58,24,39,4
-48,-19,29,34,-39,4,122,14,58,29,43,4
-53,-14,39,34,-46,12,122,24,58,29,43,4
-48,-4,43,26,-46,19,117,14,63,34,39,4
-39,-4,34,21,-36,14,117,14,63,34,39,4
-34,-4,29,19,-31,12,112,14,68,34,39,4
-24,0,24,12,-24,12,112,14,68,39,43,9
-29,0,29,14,-29,14,112,29,63,39,43,9
-24,0,24,12,-24,12,112,29,63,39,43,9
-24,0,24,12,-24,12,112,29,73,43,43,9
-24,4,29,9,-26,17,112,34,73,43,48,9
-19,4,24,7,-21,14,112,34,73,43,53,9
-24,4,29,9,-26,17,112,34,78,43,53,9
-29,4,34,12,-31,19,112,39,78,53,53,19
-34,4,39,14,-36,21,112,39,82,53,53,19
-19,4,24,7,-21,14,112,39,82,53,58,19
-19,4,24,7,-21,14,112,43,82,53,58,19
-14,9,24,2,-19,17,112,48,87,58,63,19
-14,14,29,0,-21,21,112,48,92,58,63,24
0,14,14,-7,-7,14,102,48,92,63,73,24
0,14,14,-7,-7,14,107,48,92,63,78,29
4,24,19,-14,-7,21,107,53,92,68,78,29
14,24,9,-19,2,17,107,53,97,68,78,34
9,24,14,-17,-2,19,107,48,97,68,73,34
14,29,14,-21,0,21,107,53,102,73,82,39
14,29,14,-21,0,21,107,53,102,78,82,43
19,29,9,-24,4,19,107,53,107,78,82,43
29,34,4,-31,12,19,102,68,112,82,92,43
34,34,0,-34,17,17,102,68,112,87,97,43
34,34,0,-34,17,17,102,73,112,87,97,48
34,34,0,-34,17,17,97,73,112,87,102,53
48,39,-9,-43,29,14,97,73,107,97,102,53
58,43,-14,-51,36,14,102,82,112,97,112,53
63,43,-19,-53,41,12,102,82,112,97,117,58
68,48,-19,-58,43,14,97,82,112,107,117,63
63,48,-14,-56,39,17,102,78,126,117,122,68
63,48,-14,-56,39,17,102,82,126,122,126,68
73,48,-24,-61,48,12,97,82,131,122,131,73
82,53,-29,-68,56,12,97,82,131,122,131,78
87,48,-39,-68,63,4,92,82,131,122,126,82
92,53,-39,-73,65,7,92,92,141,126,131,87
87,58,-29,-73,58,14,92,97,141,126,136,92
97,63,-34,-80,65,14,87,97,146,126,141,92
112,78,-34,-95,73,21,73,107,146,141,156,97
131,82,-48,-107,90,17,73,107,151,146,161,102
136,87,-48,-112,92,19,68,112,151,146,165,107
141,87,-53,-114,97,17,68,112,151,146,170,112
146,97,-48,-122,97,24,73,112,156,156,175,112
161,102,-58,-131,109,21,68,117,156,161,180,117
170,102,-68,-136,119,17,68,117,161,165,185,122
180,112,-68,-146,124,21,63,117,161,165,190,126
170,107,-63,-139,117,21,48,117,151,165,185,126
185,107,-78,-146,131,14,39,117,151,165,190,131
195,107,-87,-151,141,9,29,117,151,175,190,136
204,112,-92,-158,148,9,24,122,151,180,195,136
204,112,-92,-158,148,9,24,122,161,190,209,141
209,112,-97,-161,153,7,24,122,161,190,209,141
224,112,-112,-168,168,0,19,122,161,200,214,151
229,122,-107,-175,168,7,14,122,165,200,219,151
229,131,-97,-180,163,17,4,117,165,200,224,161
239,131,-107,-185,173,12,-9,117,161,200,224,165
239,136,-102,-187,170,17,-14,117,161,204,224,165
248,136,-112,-192,180,12,-14,117,161,204,229,170
244,136,-107,-190,175,14,-14,107,151,200,219,165
244,146,-97,-195,170,24,-19,107,151,200,224,165
244,146,-97,-195,170,24,-19,102,151,195,224,165
244,141,-102,-192,173,19,-19,97,146,195,214,165
248,131,-117,-190,183,7,-19,97,141,190,214,165
248,136,-112,-192,180,12,-19,92,136,190,214,161
244,136,-107,-190,175,14,-19,87,131,185,209,161
224,131,-92,-178,158,19,-19,78,126,175,204,156
214,131,-82,-173,148,24,-24,63,117,170,195,141
200,126,-73,-163,136,26,-19,58,117,165,190,131
185,122,-63,-153,124,29,-19,48,107,151,180,126
175,112,-63,-143,119,24,-19,43,102,141,170,117
170,112,-58,-141,114,26,-14,39,97,131,161,112
151,102,-48,-126,100,26,-14,29,92,122,151,102
136,92,-43,-114,90,24,-4,24,78,112,141,87
122,87,-34,-104,78,26,0,19,68,107,131,82
107,73,-34,-90,70,19,4,14,78,97,122,82
92,63,-29,-78,61,17,9,4,68,87,112,73
82,63,-19,-73,51,21,14,0,68,78,102,68
63,53,-9,-58,36,21,24,0,63,73,92,58
48,48,0,-48,24,24,14,-14,43,53,73,39
39,39,0,-39,19,19,19,-19,39,43,58,34
29,29,0,-29,14,14,24,-24,29,34,58,24
19,24,4,-21,7,14,29,-34,19,24,48,14
4,14,9,-9,-2,12,39,-29,14,29,39,9
0,4,4,-2,-2,4,39,-34,14,19,29,4
-14,-4,9,9,-12,2,39,-39,14,9,24,0
-24,-9,14,17,-19,2,43,-48,9,9,14,-14
-19,-4,14,12,-17,4,43,-48,4,-4,4,-14
-34,-9,24,21,-29,7,39,-53,0,-9,0,-19
-39,-14,24,26,-31,4,39,-58,-9,-24,-4,-19
-43,-14,29,29,-36,7,43,-58,-9,-24,-4,-24
-53,-24,29,39,-41,2,43,-63,-19,-19,-9,-29
-58,-34,24,46,-41,-4,43,-68,-19,-19,-14,-34
-68,-43,24,56,-46,-9,43,-68,-24,-24,-19,-34
-68,-53,14,61,-41,-19,43,-73,-29,-24,-19,-39
-68,-43,24,56,-46,-9,34,-78,-19,-39,-19,-43
-68,-43,24,56,-46,-9,34,-78,-24,-43,-29,-48
-68,-43,24,56,-46,-9,34,-78,-24,-43,-29,-53
-73,-43,29,58,-51,-7,34,-82,-29,-48,-34,-53
-68,-34,34,51,-51,0,34,-87,-39,-48,-34,-48
-63,-34,29,48,-46,-2,34,-87,-39,-48,-34,-48
-63,-43,19,53,-41,-12,34,-92,-39,-53,-39,-48
-58,-48,9,53,-34,-19,34,-92,-39,-53,-39,-53
-73,-58,14,65,-43,-21,43,-82,-34,-43,-39,-43
-78,-58,19,68,-48,-19,43,-82,-34,-48,-39,-48
-87,-58,29,73,-58,-14,43,-82,-43,-53,-43,-58
-97,-63,34,80,-65,-14,34,-87,-43,-53,-53,-58
-97,-63,34,80,-65,-14,34,-97,-43,-53,-53,-63
-87,-58,29,73,-58,-14,34,-97,-43,-53,-48,-63
-87,-58,29,73,-58,-14,34,-97,-43,-58,-43,-63
-92,-63,29,78,-61,-17,39,-102,-43,-58,-43,-63
-82,-53,29,68,-56,-12,39,-92,-43,-53,-43,-53
-82,-53,29,68,-56,-12,39,-92,-43,-53,-48,-53
-78,-53,24,65,-51,-14,39,-92,-48,-53,-48,-53
-78,-48,29,63,-53,-9,39,-92,-48,-53,-48,-53
-78,-39,39,58,-58,0,39,-102,-53,-58,-43,-63
-78,-39,39,58,-58,0,39,-102,-53,-58,-43,-63
-78,-39,39,58,-58,0,39,-102,-53,-58,-39,-63
-78,-39,39,58,-58,0,39,-102,-53,-58,-39,-63
-87,-48,39,68,-63,-4,39,-102,-48,-58,-48,-68
-87,-53,34,70,-61,-9,39,-102,-48,-58,-48,-68
-87,-58,29,73,-58,-14,39,-102,-43,-58,-48,-68
-87,-58,29,73,-58,-14,39,-97,-43,-53,-48,-63
-87,-43,43,65,-65,0,39,-87,-48,-53,-48,-53
-87,-43,43,65,-65,0,39,-87,-48,-53,-43,-53
-87,-48,39,68,-63,-4,39,-87,-48,-53,-43,-53
-87,-48,39,68,-63,-4,39,-87,-48,-53,-43,-53
-87,-48,39,68,-63,-4,48,-87,-39,-53,-43,-63
-87,-48,39,68,-63,-4,48,-87,-39,-53,-43,-63
-87,-48,39,68,-63,-4,48,-87,-39,-53,-43,-63
-87,-48,39,68,-63,-4,48,-87,-39,-53,-43,-58
-87,-53,34,70,-61,-9,48,-82,-39,-43,-34,-58
-92,-58,34,75,-63,-12,48,-82,-39,-43,-34,-58
-92,-63,29,78,-61,-17,48,-82,-39,-43,-34,-58
-92,-68,24,80,-58,-21,48,-82,-39,-43,-34,-58
-78,-63,14,70,-46,-24,39,-82,-39,-43,-43,-48
-78,-58,19,68,-48,-19,39,-87,-39,-43,-43,-48
-78,-53,24,65,-51,-14,39,-87,-39,-43,-43,-48
-78,-48,29,63,-53,-9,39,-82,-39,-43,-43,-48
-78,-39,39,58,-58,0,39,-82,-34,-43,-34,-48
-78,-39,39,58,-58,0,39,-78,-34,-43,-29,-48
-78,-34,43,56,-61,4,39,-78,-34,-34,-29,-43
-78,-34,43,56,-61,4,39,-78,-34,-24,-29,-43
-73,-43,29,58,-51,-7,39,-82,-34,-34,-34,-43
-68,-43,24,56,-46,-9,39,-82,-34,-34,-34,-43
-63,-43,19,53,-41,-12,39,-82,-34,-34,-34,-43
-58,-43,14,51,-36,-14,39,-82,-34,-34,-34,-43
-63,-48,14,56,-39,-17,29,-78,-34,-43,-34,-53
-68,-53,14,61,-41,-19,29,-78,-34,-43,-29,-53
-73,-58,14,65,-43,-21,29,-82,-34,-48,-29,-53
-78,-63,14,70,-46,-24,29,-82,-34,-48,-34,-53
-78,-58,19,68,-48,-19,29,-92,-34,-48,-34,-43
-82,-53,29,68,-56,-12,29,-92,-34,-48,-34,-43
-82,-48,34,65,-58,-7,29,-92,-34,-48,-34,-43
-82,-43,39,63,-61,-2,29,-92,-34,-48,-34,-43
-68,-43,24,56,-46,-9,19,-92,-34,-48,-34,-43
-68,-43,24,56,-46,-9,19,-87,-34,-48,-34,-43
-68,-43,24,56,-46,-9,19,-87,-34,-48,-34,-43
-68,-43,24,56,-46,-9,19,-87,-34,-48,-34,-43
-73,-48,24,61,-48,-12,19,-87,-43,-48,-43,-53
-78,-53,24,65,-51,-14,19,-87,-43,-48,-43,-53
-82,-58,24,70,-53,-17,19,-87,-43,-48,-48,-53
-87,-73,14,80,-51,-29,19,-87,-43,-48,-48,-53
-78,-63,14,70,-46,-24,9,-87,-43,-53,-43,-63
-78,-63,14,70,-46,-24,4,-92,-43,-53,-43,-63
-78,-63,14,70,-46,-24,4,-92,-43,-53,-43,-63
-82,-63,19,73,-51,-21,4,-92,-43,-53,-43,-63
-73,-53,19,63,-46,-17,14,-92,-48,-53,-43,-63
-68,-53,14,61,-41,-19,19,-92,-53,-53,-43,-63
-68,-53,14,61,-41,-19,19,-92,-53,-58,-48,-63
-68,-58,9,63,-39,-24,19,-92,-53,-58,-48,-63
-68,-58,9,63,-39,-24,9,-102,-53,-58,-48,-63
-68,-58,9,63,-39,-24,9,-102,-53,-58,-48,-63
-73,-58,14,65,-43,-21,9,-102,-53,-58,-48,-63
-73,-58,14,65,-43,-21,14,-102,-53,-58,-48,-63
-73,-58,14,65,-43,-21,14,-92,-53,-58,-48,-53
-73,-58,14,65,-43,-21,14,-97,-53,-58,-48,-58
-73,-58,14,65,-43,-21,9,-102,-53,-58,-53,-58
-73,-58,14,65,-43,-21,9,-102,-58,-63,-53,-58
-82,-58,24,70,-53,-17,19,-102,-48,-63,-53,-68
-82,-58,24,70,-53,-17,19,-102,-48,-63,-53,-68
-82,-58,24,70,-53,-17,19,-112,-53,-63,-53,-68
-82,-58,24,70,-53,-17,19,-112,-53,-63,-53,-68
-82,-68,14,75,-48,-26,9,-112,-63,-63,-63,-68
-82,-68,14,75,-48,-26,9,-112,-63,-63,-63,-68
-82,-68,14,75,-48,-26,9,-112,-63,-63,-63,-68
-82,-68,14,75,-48,-26,9,-112,-63,-63,-63,-73
-73,-58,14,65,-43,-21,9,-112,-63,-63,-53,-73
-78,-58,19,68,-48,-19,4,-112,-63,-63,-53,-73
-78,-63,14,70,-46,-24,0,-112,-68,-68,-53,-73
-78,-63,14,70,-46,-24,0,-112,-68,-68,-53,-73
-82,-63,19,73,-51,-21,9,-112,-68,-68,-53,-63
-82,-58,24,70,-53,-17,9,-112,-68,-68,-53,-63
-82,-58,24,70,-53,-17,9,-112,-68,-68,-58,-68
-87,-73,14,80,-51,-29,14,-112,-68,-68,-58,-68
-97,-53,43,75,-70,-4,4,-112,-63,-63,-48,-63
-97,-53,43,75,-70,-4,4,-112,-63,-63,-48,-63
-97,-53,43,75,-70,-4,0,-117,-68,-68,-48,-63
-97,-53,43,75,-70,-4,0,-117,-68,-68,-53,-63
-87,-58,29,73,-58,-14,0,-122,-68,-68,-63,-73
-92,-68,24,80,-58,-21,-4,-122,-73,-68,-63,-73
-92,-78,14,85,-53,-31,-4,-122,-73,-73,-63,-78
-92,-82,9,87,-51,-36,0,-122,-73,-73,-63,-78
-78,-68,9,73,-43,-29,0,-112,-63,-63,-53,-68
-78,-68,9,73,-43,-29,0,-112,-63,-63,-53,-68
-78,-68,9,73,-43,-29,-4,-112,-63,-63,-53,-68
-78,-68,9,73,-43,-29,-4,-112,-63,-63,-53,-68
-82,-68,14,75,-48,-26,-4,-107,-63,-63,-63,-78
-87,-68,19,78,-53,-24,-4,-107,-63,-58,-63,-73
-92,-68,24,80,-58,-21,-4,-112,-63,-58,-63,-73
-97,-68,29,82,-63,-19,-4,-112,-63,-58,-63,-73
-97,-68,29,82,-63,-19,-14,-112,-73,-68,-73,-78
-97,-68,29,82,-63,-19,-14,-112,-73,-73,-73,-78
-97,-68,29,82,-63,-19,-19,-112,-73,-78,-73,-78
-97,-68,29,82,-63,-19,-19,-112,-73,-82,-73,-73
-107,-68,39,87,-73,-14,-14,-112,-68,-78,-63,-73
-102,-68,34,85,-68,-17,-14,-112,-68,-78,-63,-73
-102,-68,34,85,-68,-17,-14,-112,-68,-78,-68,-73
-102,-68,34,85,-68,-17,-14,-112,-68,-78,-68,-73
-107,-78,29,92,-68,-24,-24,-117,-73,-68,-78,-78
-107,-78,29,92,-68,-24,-24,-117,-73,-68,-78,-78
-107,-78,29,92,-68,-24,-24,-117,-73,-68,-73,-78
-112,-78,34,95,-73,-21,-24,-117,-73,-68,-73,-78
-82,-53,29,68,-56,-12,-14,-107,-63,-58,-58,-68
-78,-29,48,53,-63,9,0,-107,-63,-58,-48,-58
-87,-29,58,58,-73,14,9,-97,-53,-58,-48,-58
-68,-29,39,48,-53,4,0,-107,-63,-58,-48,-58
-68,-29,39,48,-53,4,-9,-107,-58,-58,-48,-58
-73,-39,34,56,-53,-2,0,-97,-58,-48,-48,-58
-78,-39,39,58,-58,0,0,-97,-58,-48,-48,-58
-82,-39,43,61,-63,2,0,-97,-58,-48,-48,-58
-87,-39,48,63,-68,4,0,-97,-58,-48,-48,-58
-68,-34,34,51,-51,0,-4,-92,-48,-43,-43,-43
-68,-29,39,48,-53,4,-4,-87,-48,-43,-43,-39
-68,-29,39,48,-53,4,0,-87,-43,-43,-43,-39
-68,-29,39,48,-53,4,0,-82,-43,-43,-39,-39
-58,-24,34,41,-46,4,0,-82,-43,-43,-39,-39
-58,-24,34,41,-46,4,0,-82,-43,-43,-43,-43
-58,-19,39,39,-48,9,4,-82,-43,-43,-43,-43
-58,-14,43,36,-51,14,9,-78,-34,-39,-43,-39
-53,-9,43,31,-48,17,19,-68,-24,-34,-29,-34
-43,4,48,19,-46,26,14,-68,-24,-29,-24,-24
-39,19,58,9,-48,39,9,-73,-24,-29,-19,-19
-39,19,58,9,-48,39,4,-78,-24,-29,-19,-19
-43,29,73,7,-58,51,0,-82,-29,-19,-19,-19
-39,29,68,4,-53,48,-9,-82,-29,-19,-19,-19
-29,29,58,0,-43,43,-14,-87,-29,-24,-24,-19
-29,29,58,0,-43,43,-29,-92,-43,-34,-29,-24
-24,14,39,4,-31,26,-43,-112,-53,-39,-34,-34
-19,14,34,2,-26,24,-48,-117,-53,-39,-34,-34
-19,14,34,2,-26,24,-48,-117,-58,-39,-34,-34
-19,9,29,4,-24,19,-48,-117,-63,-43,-39,-39
-24,-9,14,17,-19,2,-43,-107,-53,-43,-29,-39
-24,-9,14,17,-19,2,-43,-107,-58,-43,-34,-39
-29,-14,14,21,-21,0,-48,-117,-58,-48,-34,-39
-34,-14,19,24,-26,2,-53,-117,-58,-48,-34,-43
-29,-14,14,21,-21,0,-63,-117,-68,-53,-34,-48
-29,-14,14,21,-21,0,-58,-112,-68,-53,-34,-48
-24,-14,9,19,-17,-2,-58,-107,-68,-53,-34,-53
-24,-19,4,21,-14,-7,-58,-107,-68,-58,-39,-53
-14,-19,-4,17,-4,-12,-53,-97,-68,-48,-43,-43
-14,-19,-4,17,-4,-12,-53,-102,-68,-48,-43,-48
-19,-24,-4,21,-7,-14,-53,-102,-68,-48,-43,-48
-43,-39,4,41,-24,-17,-53,-102,-68,-53,-48,-48
-53,-53,0,53,-26,-26,-43,-102,-68,-63,-48,-53
-63,-68,-4,65,-29,-36,-43,-102,-73,-68,-53,-63
-78,-82,-4,80,-36,-43,-43,-107,-78,-73,-58,-68
-87,-87,0,87,-43,-43,-43,-112,-78,-78,-63,-68
-97,-87,9,92,-53,-39,-34,-122,-92,-82,-68,-73
-107,-87,19,97,-63,-34,-34,-122,-92,-87,-73,-78
-107,-87,19,97,-63,-34,-34,-122,-92,-87,-73,-78
-102,-82,19,92,-61,-31,-34,-122,-92,-87,-78,-78
-102,-82,19,92,-61,-31,-39,-136,-102,-92,-87,-78
-107,-92,14,100,-61,-39,-43,-141,-102,-92,-87,-82
-112,-92,19,102,-65,-36,-48,-141,-107,-97,-87,-82
-112,-92,19,102,-65,-36,-53,-141,-107,-97,-92,-92
-112,-97,14,104,-63,-41,-43,-141,-107,-97,-92,-92
-112,-97,14,104,-63,-41,-43,-136,-102,-97,-92,-87
-112,-97,14,104,-63,-41,-43,-136,-102,-92,-87,-82
-117,-97,19,107,-68,-39,-39,-136,-102,-92,-87,-82
-117,-92,24,104,-70,-34,-48,-136,-102,-82,-87,-82
-112,-87,24,100,-68,-31,-48,-131,-102,-82,-87,-82
-102,-82,19,92,-61,-31,-48,-131,-102,-82,-87,-82
-97,-78,19,87,-58,-29,-48,-131,-102,-82,-87,-82
-107,-82,24,95,-65,-29,-39,-136,-102,-97,-87,-87
-112,-87,24,100,-68,-31,-39,-136,-102,-97,-87,-87
-112,-97,14,104,-63,-41,-39,-136,-102,-92,-87,-87
-112,-102,9,107,-61,-46,-34,-136,-102,-92,-87,-87
-112,-102,9,107,-61,-46,-43,-131,-92,-82,-78,-87
-112,-102,9,107,-61,-46,-43,-131,-92,-82,-78,-87
-112,-97,14,104,-63,-41,-43,-131,-92,-82,-78,-82
-112,-97,14,104,-63,-41,-43,-131,-87,-82,-78,-82
-97,-97,0,97,-48,-48,-34,-141,-97,-92,-87,-82
-97,-97,0,97,-48,-48,-34,-141,-97,-92,-87,-87
-97,-97,0,97,-48,-48,-34,-141,-97,-92,-87,-87
-97,-97,0,97,-48,-48,-34,-141,-97,-92,-87,-82
-107,-87,19,97,-63,-34,-43,-131,-97,-82,-82,-82
-107,-87,19,97,-63,-34,-43,-131,-97,-82,-82,-82
-107,-87,19,97,-63,-34,-43,-131,-97,-82,-78,-82
-107,-92,14,100,-61,-39,-43,-131,-97,-82,-78,-82
-131,-102,29,117,-80,-36,-34,-122,-97,-82,-87,-82
-112,-97,14,104,-63,-41,-19,-112,-78,-78,-78,-73
-107,-87,19,97,-63,-34,-29,-122,-78,-78,-78,-73
-107,-87,19,97,-63,-34,-24,-117,-82,-87,-87,-82
-112,-97,14,104,-63,-41,-9,-112,-87,-82,-87,-82
-122,-92,29,107,-75,-31,9,-87,-68,-73,-73,-73
-112,-92,19,102,-65,-36,0,-78,-58,-68,-73,-68
-107,-92,14,100,-61,-39,4,-68,-53,-63,-73,-68
-107,-92,14,100,-61,-39,34,-43,-19,-34,-48,-63
-92,-73,19,82,-56,-26,73,0,24,4,-24,-43
-68,-63,4,65,-36,-29,87,43,73,34,14,-9
-53,-68,-14,61,-19,-41,102,97,122,68,43,9
-34,-63,-29,48,-2,-46,156,170,185,122,78,29
-4,-43,-39,24,17,-41,229,263,263,180,122,58
14,-39,-53,12,34,-46,273,341,346,234,175,92
43,-34,-78,-4,61,-56,317,414,409,287,224,131
92,0,-92,-46,92,-46,370,483,492,366,292,170
161,63,-97,-112,129,-17,405,551,575,453,370,239
229,122,-107,-175,168,7,395,595,639,536,448,312
307,175,-131,-241,219,21,351,610,678,600,522,375
366,239,-126,-302,246,56,302,590,688,658,590,439
414,292,-122,-353,268,85,209,507,649,688,634,492
444,322,-122,-383,283,100,68,366,546,653,634,507
448,331,-117,-390,283,107,-107,180,395,575,580,483
458,317,-141,-387,300,87,-273,-19,204,453,492,419
458,283,-175,-370,317,53,-429,-209,0,312,390,361
405,234,-170,-319,287,31,-580,-419,-209,151,268,273
292,156,-136,-224,214,9,-717,-614,-424,-19,126,170
185,48,-136,-117,161,-43,-800,-790,-629,-214,-39,53
68,-82,-151,7,109,-117,-829,-932,-810,-409,-224,-97
-48,-165,-117,107,34,-141,-829,-1024,-941,-575,-380,-224
-126,-214,-87,170,-19,-151,-834,-1049,-995,-658,-468,-302
-175,-214,-39,195,-68,-126,-819,-1049,-985,-668,-483,-322
-200,-175,24,187,-112,-75,-756,-990,-922,-619,-463,-302
-204,-126,78,165,-141,-24,-658,-883,-805,-546,-405,-263
-224,-92,131,158,-178,19,-551,-766,-678,-458,-346,-224
-234,-78,156,156,-195,39,-453,-639,-566,-380,-292,-190
-190,-53,136,122,-163,41,-370,-517,-453,-302,-234,-156
-156,-14,141,85,-148,63,-283,-405,-346,-219,-175,-107
-131,-9,122,70,-126,56,-214,-312,-258,-161,-136,-87
-97,-19,78,58,-87,29,-180,-224,-185,-117,-92,-68
-68,-19,48,43,-58,14,-136,-161,-126,-73,-58,-48
-53,-19,34,36,-43,7,-97,-122,-82,-48,-34,-29
-58,-19,39,39,-48,9,-78,-102,-63,-34,-19,-19
-68,-39,29,53,-48,-4,-73,-87,-53,-39,-29,-34
-78,-48,29,63,-53,-9,-48,-78,-43,-29,-24,-24
-73,-48,24,61,-48,-12,-9,-53,-24,-24,-19,-19
-68,-24,43,46,-56,9,0,-39,-9,-14,-14,-19
-58,-9,48,34,-53,19,-9,-19,-4,0,-4,-9
-73,-14,58,43,-65,21,0,-29,0,-4,0,-19
-73,-24,48,48,-61,12,0,-29,0,-4,0,-19
-78,-34,43,56,-61,4,0,-29,0,-9,-4,-19
-82,-39,43,61,-63,2,4,-24,0,-9,-4,-19
-78,-43,34,61,-56,-4,0,-24,0,-14,-14,-29
-68,-48,19,58,-43,-14,9,-19,9,-14,-14,-29
-63,-48,14,56,-39,-17,14,-9,14,-4,-14,-29
-63,-39,24,51,-43,-7,19,0,24,-4,-9,-24
-68,-29,39,48,-53,4,19,9,34,9,9,-14
-68,-29,39,48,-53,4,19,9,34,9,9,-14
-73,-34,39,53,-56,2,19,9,39,9,4,-14
-78,-34,43,56,-61,4,19,9,39,9,4,-14
-73,-34,39,53,-56,2,19,4,34,0,-4,-14
-63,-34,29,48,-46,-2,24,9,29,0,-4,-14
-58,-34,24,46,-41,-4,34,9,34,4,-4,-14
-53,-29,24,41,-39,-2,34,4,29,9,4,-9
-63,-39,24,51,-43,-7,34,14,39,19,4,-4
-63,-39,24,51,-43,-7,34,24,39,19,4,-4
-63,-39,24,51,-43,-7,24,14,29,19,4,-4
-63,-39,24,51,-43,-7,24,14,29,19,4,-4
-43,-29,14,36,-29,-7,14,14,34,19,9,-4
-43,-29,14,36,-29,-7,24,14,39,24,9,-4
-43,-29,14,36,-29,-7,24,14,39,29,14,-4
-43,-24,19,34,-31,-2,24,24,39,29,14,-4
-43,-24,19,34,-31,-2,39,34,43,34,19,4
-39,-24,14,31,-26,-4,39,34,43,34,19,4
-39,-24,14,31,-26,-4,34,34,48,34,19,4
-34,-19,14,26,-24,-2,34,34,48,39,24,9
-39,-19,19,29,-29,0,34,39,43,39,24,0
-34,-19,14,26,-24,-2,34,39,43,39,24,0
-34,-19,14,26,-24,-2,34,39,53,43,24,0
-34,-14,19,24,-26,2,34,43,53,43,29,0
-14,-4,9,9,-12,2,34,43,63,53,34,9
-14,-4,9,9,-12,2,34,43,68,53,34,9
-14,-4,9,9,-12,2,34,48,68,63,34,19
-14,-4,9,9,-12,2,34,48,73,63,34,19
-9,-14,-4,12,-2,-9,34,48,73,53,39,29
-9,-14,-4,12,-2,-9,34,53,73,53,39,29
-4,-9,-4,7,0,-7,34,58,78,58,43,29
-4,-4,0,4,-2,-2,34,58,82,58,43,34
0,-14,-14,7,7,-14,34,58,82,63,53,24
0,-14,-14,7,7,-14,39,58,82,63,58,29
4,-4,-9,0,7,-7,39,63,82,68,58,29
14,-4,-19,-4,17,-12,39,63,87,68,58,34
4,-4,-9,0,7,-7,39,78,97,78,63,43
4,0,-4,-2,4,-2,39,82,102,82,73,48
0,0,0,0,0,0,39,82,102,87,73,53
0,0,0,0,0,0,39,82,107,87,73,53
4,4,0,-4,2,2,34,87,102,92,82,43
14,4,-9,-9,12,-2,34,87,102,97,87,43
19,4,-14,-12,17,-4,34,92,102,97,87,48
24,4,-19,-14,21,-7,29,92,102,97,92,53
29,19,-9,-24,19,4,19,82,117,97,92,63
39,24,-14,-31,26,4,24,92,122,97,102,63
43,24,-19,-34,31,2,24,92,122,97,107,68
48,29,-19,-39,34,4,19,92,122,107,107,73
53,39,-14,-46,34,12,24,97,126,117,102,68
53,39,-14,-46,34,12,24,102,126,122,107,68
63,39,-24,-51,43,7,19,102,131,122,112,73
73,43,-29,-58,51,7,19,102,131,122,112,78
82,48,-34,-65,58,7,14,112,131,136,126,82
92,53,-39,-73,65,7,14,122,141,146,131,87
92,58,-34,-75,63,12,14,126,141,151,136,92
107,63,-43,-85,75,9,9,126,146,156,141,92
107,58,-48,-82,78,4,-4,126,136,151,136,97
122,63,-58,-92,90,2,-4,126,141,156,141,102
122,68,-53,-95,87,7,-9,131,141,156,146,107
122,68,-53,-95,87,7,-9,131,141,156,151,112
126,78,-48,-102,87,14,-4,131,156,165,156,112
141,82,-58,-112,100,12,-9,136,156,170,161,117
151,82,-68,-117,109,7,-9,136,161,175,165,122
161,92,-68,-126,114,12,-14,136,161,175,170,126
161,92,-68,-126,114,12,-24,146,161,185,175,136
175,97,-78,-136,126,9,-29,146,161,185,180,141
185,102,-82,-143,134,9,-34,146,161,195,180,146
195,112,-82,-153,139,14,-34,151,161,200,185,146
204,102,-102,-153,153,0,-43,141,161,190,190,141
209,102,-107,-156,158,-2,-43,141,161,190,190,141
224,102,-122,-163,173,-9,-48,141,161,200,195,151
229,112,-117,-170,173,-2,-53,141,165,200,200,151
229,112,-117,-170,173,-2,-63,136,165,200,204,151
239,112,-126,-175,183,-7,-78,136,161,200,204,156
239,117,-122,-178,180,-2,-82,136,161,204,204,156
248,117,-131,-183,190,-7,-82,136,161,204,209,161
263,122,-141,-192,202,-9,-82,136,161,219,219,175
263,136,-126,-200,195,4,-87,136,161,219,224,175
263,141,-122,-202,192,9,-87,131,161,214,224,175
263,141,-122,-202,192,9,-87,126,156,214,214,175
258,136,-122,-197,190,7,-107,126,141,200,204,165
258,136,-122,-197,190,7,-107,122,136,200,204,161
253,131,-122,-192,187,4,-107,117,131,195,200,161
234,122,-112,-178,173,4,-107,107,126,185,195,156
234,122,-112,-178,173,4,-92,92,117,180,185,151
219,117,-102,-168,161,7,-87,87,117,175,180,141
204,112,-92,-158,148,9,-87,78,107,161,170,136
195,102,-92,-148,143,4,-87,73,102,151,161,126
190,102,-87,-146,139,7,-92,68,107,141,151,122
170,92,-78,-131,124,7,-92,58,102,131,141,112
156,82,-73,-119,114,4,-82,53,87,122,131,97
141,78,-63,-109,102,7,-78,48,78,117,122,92
117,73,-43,-95,80,14,-63,34,68,97,102,82
102,63,-39,-82,70,12,-58,24,58,87,92,73
92,63,-29,-78,61,17,-53,19,58,78,82,68
73,53,-19,-63,46,17,-43,19,53,73,73,58
58,39,-19,-48,39,9,-53,4,43,63,63,48
48,29,-19,-39,34,4,-48,0,39,53,48,43
39,19,-19,-29,29,0,-43,-4,29,43,48,34
29,14,-14,-21,21,0,-39,-14,19,34,39,24
14,14,0,-14,7,7,-29,-9,14,29,29,19
9,4,-4,-7,7,0,-29,-14,14,19,19,14
-4,-4,0,4,-2,-2,-29,-19,14,9,14,9
-14,-9,4,12,-9,-2,-24,-29,9,9,4,-4
-19,-24,-4,21,-7,-14,-24,-29,-4,4,-4,-4
-34,-29,4,31,-19,-12,-29,-34,-9,0,-9,-9
-39,-34,4,36,-21,-14,-29,-39,-19,-14,-14,-9
-43,-34,9,39,-26,-12,-24,-39,-19,-14,-14,-14
-43,-39,4,41,-24,-17,-24,-53,-19,-19,-19,-19
-48,-43,4,46,-26,-19,-24,-58,-19,-19,-24,-24
-58,-48,9,53,-34,-19,-24,-58,-24,-24,-29,-24
-58,-53,4,56,-31,-24,-24,-63,-29,-24,-29,-29
-63,-53,9,58,-36,-21,-34,-58,-39,-39,-29,-34
-68,-53,14,61,-41,-19,-34,-58,-43,-43,-39,-39
-73,-53,19,63,-46,-17,-34,-58,-43,-43,-39,-43
-82,-53,29,68,-56,-12,-34,-63,-48,-48,-43,-43
-78,-43,34,61,-56,-4,-24,-68,-39,-39,-43,-39
-73,-43,29,58,-51,-7,-24,-68,-39,-39,-43,-39
-73,-53,19,63,-46,-17,-24,-73,-39,-43,-48,-39
-68,-58,9,63,-39,-24,-24,-73,-39,-43,-48,-43
-78,-58,19,68,-48,-19,-34,-73,-43,-43,-48,-43
-78,-58,19,68,-48,-19,-34,-73,-43,-48,-48,-48
-82,-58,24,70,-53,-17,-34,-73,-53,-53,-53,-58
-87,-63,24,75,-56,-19,-43,-78,-53,-53,-63,-58
-82,-63,19,73,-51,-21,-34,-78,-63,-53,-73,-63
-68,-58,9,63,-39,-24,-34,-78,-63,-53,-68,-63
-63,-58,4,61,-34,-26,-34,-78,-63,-58,-63,-63
-63,-63,0,63,-31,-31,-29,-82,-63,-58,-63,-63
-78,-63,14,70,-46,-24,-39,-82,-53,-63,-63,-53
-82,-63,19,73,-51,-21,-39,-82,-53,-63,-68,-53
-82,-63,19,73,-51,-21,-39,-82,-58,-63,-68,-53
-87,-58,29,73,-58,-14,-39,-82,-58,-63,-68,-53
-78,-68,9,73,-43,-29,-39,-92,-63,-58,-63,-63
-78,-68,9,73,-43,-29,-39,-92,-63,-58,-63,-63
-78,-68,9,73,-43,-29,-39,-92,-63,-58,-58,-63
-78,-68,9,73,-43,-29,-39,-92,-63,-58,-58,-63
-68,-63,4,65,-36,-29,-48,-92,-68,-68,-58,-58
-68,-63,4,65,-36,-29,-48,-92,-68,-68,-58,-58
-68,-63,4,65,-36,-29,-48,-92,-63,-68,-58,-58
-68,-58,9,63,-39,-24,-48,-87,-63,-63,-58,-53
-68,-53,14,61,-41,-19,-39,-78,-58,-53,-58,-53
-68,-53,14,61,-41,-19,-39,-78,-58,-53,-53,-53
-68,-58,9,63,-39,-24,-39,-78,-58,-53,-53,-53
-68,-58,9,63,-39,-24,-39,-78,-58,-53,-53,-53
-68,-58,9,63,-39,-24,-29,-68,-58,-53,-63,-53
-68,-58,9,63,-39,-24,-29,-68,-58,-53,-63,-53
-68,-58,9,63,-39,-24,-29,-68,-58,-53,-63,-53
-68,-58,9,63,-39,-24,-29,-68,-58,-53,-63,-48
-68,-68,0,68,-34,-34,-39,-73,-58,-53,-63,-48
-73,-68,4,70,-39,-31,-39,-73,-58,-53,-63,-48
-73,-68,4,70,-39,-31,-39,-73,-58,-53,-63,-48
-73,-68,4,70,-39,-31,-39,-73,-58,-53,-63,-48
-78,-68,9,73,-43,-29,-29,-73,-58,-53,-63,-48
-78,-68,9,73,-43,-29,-29,-78,-58,-53,-63,-48
-78,-68,9,73,-43,-29,-29,-78,-58,-53,-63,-48
-78,-68,9,73,-43,-29,-29,-73,-58,-53,-63,-48
-78,-58,19,68,-48,-19,-19,-73,-43,-53,-53,-48
-78,-58,19,68,-48,-19,-19,-68,-43,-53,-48,-48
-78,-53,24,65,-51,-14,-19,-68,-43,-43,-48,-43
-78,-53,24,65,-51,-14,-19,-68,-43,-34,-48,-43
-78,-53,24,65,-51,-14,-19,-63,-43,-43,-53,-43
-78,-53,24,65,-51,-14,-19,-63,-43,-43,-53,-43
-78,-53,24,65,-51,-14,-19,-63,-43,-43,-53,-43
-78,-53,24,65,-51,-14,-19,-63,-43,-43,-53,-43
-78,-63,14,70,-46,-24,-29,-68,-43,-43,-53,-43
-78,-63,14,70,-46,-24,-29,-68,-43,-43,-48,-43
-78,-63,14,70,-46,-24,-29,-73,-43,-48,-48,-43
-78,-63,14,70,-46,-24,-29,-73,-43,-48,-53,-43
-78,-53,24,65,-51,-14,-19,-63,-43,-39,-53,-43
-82,-53,29,68,-56,-12,-19,-63,-43,-39,-53,-43
-82,-53,29,68,-56,-12,-19,-63,-43,-39,-53,-43
-82,-53,29,68,-56,-12,-19,-63,-43,-39,-53,-43
-78,-53,24,65,-51,-14,-29,-73,-43,-48,-53,-43
-78,-53,24,65,-51,-14,-29,-68,-43,-48,-53,-43
-78,-53,24,65,-51,-14,-29,-68,-43,-48,-53,-43
-78,-53,24,65,-51,-14,-29,-68,-43,-48,-53,-43
-68,-53,14,61,-41,-19,-29,-68,-43,-48,-53,-43
-68,-53,14,61,-41,-19,-29,-68,-43,-48,-53,-43
-68,-53,14,61,-41,-19,-29,-68,-43,-48,-58,-43
-68,-63,4,65,-36,-29,-29,-68,-43,-48,-58,-43
-78,-63,14,70,-46,-24,-29,-78,-53,-53,-63,-53
-78,-63,14,70,-46,-24,-34,-82,-53,-53,-63,-53
-78,-63,14,70,-46,-24,-34,-82,-53,-53,-63,-53
-82,-63,19,73,-51,-21,-34,-82,-53,-53,-63,-53
-92,-63,29,78,-61,-17,-34,-82,-48,-53,-63,-53
-87,-63,24,75,-56,-19,-29,-82,-53,-53,-63,-53
-87,-63,24,75,-56,-19,-29,-82,-53,-58,-68,-53
-87,-68,19,78,-53,-24,-29,-82,-53,-58,-68,-53
-78,-68,9,73,-43,-29,-39,-82,-63,-68,-78,-53
-78,-68,9,73,-43,-29,-39,-82,-63,-68,-78,-53
-82,-68,14,75,-48,-26,-39,-82,-63,-68,-78,-53
-82,-68,14,75,-48,-26,-34,-82,-63,-68,-78,-53
-73,-68,4,70,-39,-31,-34,-73,-63,-58,-68,-53
-73,-68,4,70,-39,-31,-34,-78,-63,-58,-68,-58
-73,-68,4,70,-39,-31,-39,-82,-63,-58,-73,-58
-73,-68,4,70,-39,-31,-39,-82,-68,-63,-73,-58
-73,-68,4,70,-39,-31,-39,-82,-68,-73,-82,-58
-73,-68,4,70,-39,-31,-39,-82,-68,-73,-82,-58
-73,-68,4,70,-39,-31,-39,-92,-73,-73,-82,-58
-73,-68,4,70,-39,-31,-39,-92,-73,-73,-82,-58
-73,-68,4,70,-39,-31,-48,-102,-73,-63,-73,-58
-73,-68,4,70,-39,-31,-48,-102,-73,-63,-73,-58
-73,-68,4,70,-39,-31,-48,-102,-73,-63,-73,-58
-73,-68,4,70,-39,-31,-48,-102,-73,-63,-73,-63
-73,-68,4,70,-39,-31,-39,-102,-73,-73,-73,-63
-78,-68,9,73,-43,-29,-43,-102,-73,-73,-73,-63
-78,-73,4,75,-41,-34,-48,-102,-78,-78,-73,-63
-78,-73,4,75,-41,-34,-48,-102,-78,-78,-73,-63
-82,-73,9,78,-46,-31,-58,-102,-78,-68,-73,-63
-82,-68,14,75,-48,-26,-58,-102,-78,-68,-73,-63
-82,-68,14,75,-48,-26,-58,-102,-78,-68,-78,-68
-87,-82,4,85,-46,-39,-53,-102,-78,-68,-78,-68
-97,-73,24,85,-61,-24,-53,-92,-73,-63,-78,-63
-97,-73,24,85,-61,-24,-53,-92,-73,-63,-78,-63
-97,-73,24,85,-61,-24,-58,-97,-78,-68,-78,-63
-97,-73,24,85,-61,-24,-58,-97,-78,-68,-82,-63
-92,-63,29,78,-61,-17,-58,-102,-78,-68,-82,-63
-92,-68,24,80,-58,-21,-63,-102,-82,-68,-82,-63
-87,-73,14,80,-51,-29,-63,-102,-82,-73,-82,-68
-82,-73,9,78,-46,-31,-58,-102,-82,-73,-82,-68
-87,-58,29,73,-58,-14,-68,-102,-73,-73,-82,-68
-87,-58,29,73,-58,-14,-68,-102,-73,-73,-82,-68
-87,-58,29,73,-58,-14,-73,-102,-73,-73,-82,-68
-87,-58,29,73,-58,-14,-73,-102,-73,-73,-82,-68
-87,-58,29,73,-58,-14,-68,-97,-73,-73,-73,-58
-87,-58,29,73,-58,-14,-63,-97,-73,-68,-73,-53
-87,-58,29,73,-58,-14,-58,-102,-73,-68,-73,-53
-87,-58,29,73,-58,-14,-53,-102,-73,-68,-73,-53
-97,-63,34,80,-65,-14,-63,-102,-82,-73,-82,-68
-97,-68,29,82,-63,-19,-63,-102,-82,-73,-82,-68
-97,-73,24,85,-61,-24,-68,-102,-82,-73,-82,-68
-97,-78,19,87,-58,-29,-68,-102,-82,-73,-82,-63
-107,-68,39,87,-73,-14,-53,-102,-78,-68,-73,-53
-102,-68,34,85,-68,-17,-53,-102,-78,-68,-73,-53
-102,-68,34,85,-68,-17,-53,-102,-78,-68,-78,-53
-102,-68,34,85,-68,-17,-53,-102,-78,-68,-78,-53
-102,-58,43,80,-73,-7,-63,-97,-73,-68,-78,-58
-97,-58,39,78,-68,-9,-63,-97,-73,-68,-78,-58
-92,-58,34,75,-63,-12,-63,-97,-73,-68,-73,-58
-92,-58,34,75,-63,-12,-63,-97,-73,-68,-73,-58
-92,-63,29,78,-61,-17,-63,-97,-82,-68,-68,-58
-87,-58,29,73,-58,-14,-58,-97,-82,-68,-68,-58
-87,-58,29,73,-58,-14,-58,-97,-82,-68,-68,-58
-87,-58,29,73,-58,-14,-58,-97,-82,-68,-68,-58
-92,-63,29,78,-61,-17,-68,-107,-78,-68,-78,-58
-92,-63,29,78,-61,-17,-58,-102,-78,-63,-78,-48
-87,-58,29,73,-58,-14,-53,-102,-78,-63,-78,-48
-87,-58,29,73,-58,-14,-53,-102,-73,-63,-73,-48
-87,-53,34,70,-61,-9,-53,-92,-73,-63,-63,-53
-82,-53,29,68,-56,-12,-53,-92,-73,-63,-63,-53
-73,-43,29,58,-51,-7,-53,-87,-68,-63,-63,-53
-73,-43,29,58,-51,-7,-53,-87,-63,-58,-58,-48
-87,-53,34,70,-61,-9,-34,-87,-63,-63,-78,-58
-78,-39,39,58,-58,0,-43,-92,-63,-63,-78,-53
-68,-39,29,53,-48,-4,-48,-97,-68,-58,-68,-48
-68,-39,29,53,-48,-4,-48,-87,-58,-48,-58,-48
-68,-39,29,53,-48,-4,-48,-87,-58,-48,-58,-48
-68,-39,29,53,-48,-4,-48,-87,-58,-48,-58,-48
-68,-39,29,53,-48,-4,-48,-87,-58,-48,-58,-48
-68,-29,39,48,-53,4,-43,-82,-58,-53,-63,-43
-68,-19,48,43,-58,14,-43,-78,-58,-53,-63,-39
-68,-14,53,41,-61,19,-39,-78,-53,-53,-63,-39
-68,-9,58,39,-63,24,-39,-73,-53,-53,-58,-39
-68,-14,53,41,-61,19,-29,-73,-53,-53,-58,-29
-68,-24,43,46,-56,9,-29,-73,-53,-53,-63,-34
-68,-29,39,48,-53,4,-24,-73,-53,-53,-63,-34
-68,-34,34,51,-51,0,-19,-68,-43,-48,-63,-29
-53,-9,43,31,-48,17,-19,-58,-34,-34,-48,-24
-43,4,48,19,-46,26,-24,-58,-34,-29,-43,-14
-39,19,58,9,-48,39,-29,-63,-34,-29,-39,-9
-39,19,58,9,-48,39,-34,-68,-34,-29,-39,-9
-43,9,53,17,-48,31,-48,-82,-43,-39,-48,-19
-39,9,48,14,-43,29,-58,-82,-48,-39,-48,-19
-29,9,39,9,-34,24,-63,-87,-53,-43,-53,-19
-29,9,39,9,-34,24,-78,-92,-73,-53,-58,-24
-34,-4,29,19,-31,12,-82,-102,-73,-58,-53,-34
-29,-4,24,17,-26,9,-87,-107,-73,-58,-53,-34
-29,-4,24,17,-26,9,-87,-107,-78,-58,-53,-34
-29,-9,19,19,-24,4,-87,-107,-82,-63,-58,-39
-14,-9,4,12,-9,-2,-92,-107,-73,-63,-58,-39
-14,-9,4,12,-9,-2,-92,-107,-78,-63,-63,-39
-19,-14,4,17,-12,-4,-97,-117,-78,-68,-63,-39
-24,-14,9,19,-17,-2,-102,-117,-78,-68,-63,-43
-29,-19,9,24,-19,-4,-92,-107,-78,-63,-63,-39
-29,-24,4,26,-17,-9,-87,-102,-78,-63,-63,-39
-24,-29,-4,26,-9,-17,-87,-97,-78,-63,-63,-43
-24,-39,-14,31,-4,-26,-87,-97,-78,-68,-68,-43
-14,-29,-14,21,0,-21,-82,-97,-78,-58,-63,-43
-14,-29,-14,21,0,-21,-82,-102,-78,-58,-63,-48
-19,-34,-14,26,-2,-24,-82,-102,-78,-58,-63,-48
-43,-48,-4,46,-19,-26,-82,-102,-78,-63,-68,-48
-63,-68,-4,65,-29,-36,-73,-112,-87,-68,-78,-53
-73,-78,-4,75,-34,-41,-73,-112,-92,-78,-82,-63
-87,-87,0,87,-43,-43,-73,-117,-97,-87,-87,-68
-97,-87,9,92,-53,-39,-73,-122,-97,-97,-92,-68
-102,-87,14,95,-58,-36,-73,-122,-102,-97,-87,-73
-107,-87,19,97,-63,-34,-73,-122,-102,-97,-92,-78
-102,-87,14,95,-58,-36,-73,-122,-102,-92,-92,-78
-92,-82,9,87,-51,-36,-73,-122,-102,-87,-97,-78
-92,-82,9,87,-51,-36,-82,-126,-112,-102,-107,-68
-97,-92,4,95,-51,-43,-82,-131,-112,-102,-107,-73
-102,-92,9,97,-56,-41,-82,-131,-117,-107,-107,-73
-102,-92,9,97,-56,-41,-82,-131,-117,-107,-112,-82
-92,-92,0,92,-46,-46,-82,-131,-117,-107,-102,-82
-92,-87,4,90,-48,-41,-82,-126,-112,-107,-102,-78
-92,-82,9,87,-51,-36,-82,-126,-112,-102,-97,-73
-97,-78,19,87,-58,-29,-78,-126,-112,-102,-97,-73
-107,-87,19,97,-63,-34,-87,-136,-112,-112,-107,-82
-112,-97,14,104,-63,-41,-87,-131,-112,-112,-107,-82
-112,-107,4,109,-58,-51,-87,-131,-112,-112,-107,-82
-117,-117,0,117,-58,-58,-87,-131,-112,-112,-107,-82
-117,-107,9,112,-63,-48,-87,-136,-122,-107,-107,-87
-122,-107,14,114,-68,-46,-87,-136,-122,-107,-107,-87
-122,-112,9,117,-65,-51,-87,-136,-122,-102,-107,-87
-122,-112,9,117,-65,-51,-82,-136,-122,-102,-107,-87
-112,-102,9,107,-61,-46,-82,-122,-112,-92,-97,-78
-112,-102,9,107,-61,-46,-82,-122,-112,-92,-97,-78
-112,-97,14,104,-63,-41,-82,-122,-112,-92,-97,-73
-112,-97,14,104,-63,-41,-82,-122,-107,-92,-97,-73
-117,-107,9,112,-63,-48,-82,-131,-117,-102,-107,-82
-117,-107,9,112,-63,-48,-82,-131,-117,-102,-107,-87
-117,-107,9,112,-63,-48,-82,-131,-117,-102,-107,-87
-117,-107,9,112,-63,-48,-82,-131,-117,-102,-107,-82
-107,-102,4,104,-56,-48,-82,-122,-107,-92,-102,-73
-107,-97,9,102,-58,-43,-82,-122,-107,-92,-102,-73
-107,-92,14,100,-61,-39,-82,-122,-107,-92,-97,-73
-107,-92,14,100,-61,-39,-82,-122,-107,-92,-97,-73
-92,-82,9,87,-51,-36,-73,-122,-97,-82,-97,-73
-102,-97,4,100,-53,-46,-78,-122,-107,-97,-107,-73
-136,-126,9,131,-73,-58,-78,-122,-107,-107,-117,-82
-126,-117,9,122,-68,-53,-73,-117,-102,-107,-107,-82
-102,-78,24,90,-63,-26,-58,-112,-97,-92,-97,-82
-112,-73,39,92,-75,-17,-58,-97,-87,-82,-92,-73
-122,-102,19,112,-70,-41,-48,-78,-68,-78,-82,-68
-117,-112,4,114,-61,-53,-34,-58,-53,-63,-82,-68
-97,-102,-4,100,-46,-53,-4,-34,-19,-43,-58,-53
-82,-82,0,82,-41,-41,14,9,24,-4,-24,-24
-68,-63,4,65,-36,-29,39,63,63,24,4,-9
-43,-48,-4,46,-19,-26,73,117,122,68,34,9
-4,-34,-29,19,12,-31,136,200,195,131,78,48
34,-4,-39,-14,36,-21,200,292,283,200,131,78
73,0,-73,-36,73,-36,244,370,356,263,185,112
92,-4,-97,-43,95,-51,287,444,429,307,224,141
122,19,-102,-70,112,-41,331,502,502,375,292,190
190,82,-107,-136,148,-12,336,561,566,453,370,258
278,141,-136,-209,207,2,297,575,600,507,429,322
356,195,-161,-275,258,17,244,561,600,561,492,375
405,248,-156,-326,280,46,185,502,590,610,541,429
453,312,-141,-383,297,85,63,400,531,619,575,473
492,351,-141,-422,317,104,-107,229,409,566,556,468
497,322,-175,-409,336,73,-273,34,229,458,483,424
497,258,-239,-378,368,9,-439,-165,19,307,366,341
468,195,-273,-331,370,-39,-605,-385,-204,146,244,263
385,126,-258,-256,322,-65,-756,-595,-414,-24,102,165
273,39,-234,-156,253,-97,-873,-780,-619,-204,-39,63
146,-68,-214,-39,180,-141,-907,-907,-795,-380,-204,-63
9,-170,-180,80,95,-175,-907,-1010,-927,-536,-351,-185
-78,-204,-126,141,24,-165,-907,-1063,-1000,-644,-458,-283
-107,-195,-87,151,-9,-141,-912,-1068,-1015,-668,-497,-312
-136,-165,-29,151,-53,-97,-858,-1039,-966,-649,-492,-302
-180,-146,34,163,-107,-56,-785,-961,-883,-600,-453,-283
-224,-126,97,175,-161,-14,-668,-854,-775,-527,-405,-253
-224,-82,141,153,-183,29,-561,-717,-639,-439,-336,-204
-204,-58,146,131,-175,43,-453,-570,-507,-341,-263,-161
-180,-34,146,107,-163,56,-351,-448,-395,-263,-204,-117
-165,-34,131,100,-148,48,-283,-336,-297,-200,-156,-97
-141,-39,102,90,-122,31,-234,-244,-219,-141,-117,-68
-97,-39,58,68,-78,9,-200,-185,-156,-107,-82,-48
-68,-29,39,48,-53,4,-156,-141,-117,-73,-68,-39
-63,-39,24,51,-43,-7,-136,-112,-92,-58,-53,-29
-58,-58,0,58,-29,-29,-126,-102,-82,-53,-48,-19
-39,-39,0,39,-19,-19,-102,-87,-63,-39,-48,-14
-39,-29,9,34,-24,-9,-68,-48,-43,-19,-34,-14
-63,-29,34,46,-48,2,-39,-34,-24,-14,-29,-9
-68,-14,53,41,-61,19,-39,-19,-19,-4,-24,-9
-68,-9,58,39,-63,24,-39,-19,-4,0,-14,0
-68,-19,48,43,-58,14,-48,-24,-4,0,-14,-9
-63,-24,39,43,-51,7,-48,-29,-9,-4,-19,-9
-63,-29,34,46,-48,2,-48,-34,-14,-14,-29,-9
-63,-29,34,46,-48,2,-43,-34,-19,-19,-34,-9
-73,-43,29,58,-51,-7,-29,-24,-19,-14,-24,-19
-68,-48,19,58,-43,-14,-19,-19,-9,-14,-24,-19
-68,-48,19,58,-43,-14,-14,-9,-4,-4,-24,-19
-73,-39,34,56,-53,-2,-9,0,4,-4,-19,-14
-73,-34,39,53,-56,2,-19,0,14,9,-9,-4
-68,-29,39,48,-53,4,-19,0,14,9,-9,-4
-68,-29,39,48,-53,4,-19,0,19,9,-14,-4
-68,-24,43,46,-56,9,-19,0,19,9,-14,-4
-53,-24,29,39,-41,2,-9,9,9,9,-14,-4
-43,-24,19,34,-31,-2,-4,19,9,9,-14,-4
-39,-24,14,31,-26,-4,4,24,19,14,-14,-4
-34,-19,14,26,-24,-2,4,24,19,19,-4,0
-39,-24,14,31,-26,-4,-4,14,29,9,-4,-4
-43,-29,14,36,-29,-7,-4,24,29,9,-4,-4
-48,-34,14,41,-31,-9,-14,14,19,9,-4,-4
-53,-39,14,46,-34,-12,-14,14,19,9,-4,-4
-34,-29,4,31,-19,-12,-14,14,14,9,-9,-4
-34,-29,4,31,-19,-12,-4,14,19,14,-9,-4
-34,-29,4,31,-19,-12,-4,14,19,19,-4,-4
-34,-24,9,29,-21,-7,-4,24,19,19,-4,-4
-29,-9,19,19,-24,4,0,29,29,34,4,14
-19,-4,14,12,-17,4,0,34,34,34,9,14
-14,0,14,7,-14,7,-4,39,43,34,14,14
-4,9,14,-2,-9,12,-4,43,48,39,24,19
-14,0,14,7,-14,7,-4,43,39,34,19,14
-14,-9,4,12,-9,-2,-4,39,34,29,14,9
-19,-19,0,19,-9,-9,-4,34,39,29,9,4
-24,-24,0,24,-12,-12,-4,34,34,24,9,0
-24,-34,-9,29,-7,-21,-4,43,43,24,14,9
-24,-34,-9,29,-7,-21,-4,43,48,24,14,9
-24,-34,-9,29,-7,-21,-4,48,48,34,14,19
-24,-34,-9,29,-7,-21,-4,48,53,34,14,19
-14,-19,-4,17,-4,-12,-4,48,53,43,29,19
-9,-14,-4,12,-2,-9,-4,53,53,43,29,19
0,-4,-4,2,2,-4,-4,58,58,48,34,19
4,4,0,-4,2,2,-4,58,63,48,34,24
0,-4,-4,2,2,-4,-4,68,73,63,34,24
0,-4,-4,2,2,-4,0,68,73,63,39,29
4,4,0,-4,2,2,0,73,73,68,39,29
14,4,-9,-9,12,-2,0,73,78,68,39,34
19,4,-14,-12,17,-4,0,68,68,58,43,34
24,9,-14,-17,19,-2,0,73,73,63,53,39
24,9,-14,-17,19,-2,0,73,73,68,53,43
29,9,-19,-19,24,-4,0,73,78,68,53,43
39,24,-14,-31,26,4,4,87,92,82,63,53
43,24,-19,-34,31,2,4,87,92,87,68,53
43,24,-19,-34,31,2,4,92,92,87,68,58
43,24,-19,-34,31,2,0,92,92,87,73,63
39,29,-9,-34,24,9,0,92,97,97,63,63
48,34,-14,-41,31,9,4,102,102,97,73,63
53,34,-19,-43,36,7,4,102,102,97,78,68
58,39,-19,-48,39,9,0,102,102,107,78,73
63,39,-24,-51,43,7,-4,107,107,107,82,68
63,39,-24,-51,43,7,-4,112,107,112,87,68
73,39,-34,-56,53,2,-9,112,112,112,92,73
82,43,-39,-63,61,2,-9,112,112,112,92,78
92,58,-34,-75,63,12,-14,122,112,117,107,92
102,63,-39,-82,70,12,-14,131,122,126,112,97
102,68,-34,-85,68,17,-14,136,122,131,117,102
117,73,-43,-95,80,14,-19,136,126,136,122,102
126,78,-48,-102,87,14,-24,136,136,151,126,107
141,82,-58,-112,100,12,-24,136,141,156,131,112
141,87,-53,-114,97,17,-29,141,141,156,136,117
141,87,-53,-114,97,17,-29,141,141,156,141,122
136,87,-48,-112,92,19,-34,141,146,165,146,131
151,92,-58,-122,104,17,-39,146,146,170,151,136
161,92,-68,-126,114,12,-39,146,151,175,156,141
170,102,-68,-136,119,17,-43,146,151,175,161,146
175,102,-73,-139,124,14,-53,146,151,175,165,136
195,107,-87,-151,141,9,-58,146,151,175,170,141
209,112,-97,-161,153,7,-63,146,151,185,170,146
224,122,-102,-173,163,9,-63,151,151,190,175,146
224,122,-102,-173,163,9,-73,151,151,190,180,151
229,122,-107,-175,168,7,-73,151,151,190,180,151
244,122,-122,-183,183,0,-78,151,151,200,185,161
248,131,-117,-190,183,7,-82,151,156,200,190,161
258,131,-126,-195,192,2,-82,146,156,200,195,161
268,131,-136,-200,202,-2,-97,146,151,200,195,165
268,136,-131,-202,200,2,-102,146,151,204,195,165
278,136,-141,-207,209,-2,-102,146,151,204,200,170
283,131,-151,-207,217,-9,-107,136,141,200,200,175
283,136,-146,-209,214,-4,-117,136,141,200,204,175
283,131,-151,-207,217,-9,-122,131,141,195,204,175
283,122,-161,-202,222,-19,-126,126,136,195,195,175
278,126,-151,-202,214,-12,-126,117,131,190,185,175
278,136,-141,-207,209,-2,-126,112,126,190,185,170
273,141,-131,-207,202,4,-126,107,122,185,180,170
253,141,-112,-197,183,14,-126,97,117,175,175,165
263,151,-112,-207,187,19,-122,92,107,170,175,151
248,146,-102,-197,175,21,-117,87,107,165,170,141
234,141,-92,-187,163,24,-117,78,97,151,161,136
224,131,-92,-178,158,19,-117,73,92,141,151,126
200,126,-73,-163,136,26,-112,58,78,131,131,122
180,112,-68,-146,124,21,-112,48,73,122,122,112
165,97,-68,-131,117,14,-102,43,58,112,112,97
151,87,-63,-119,107,12,-97,39,48,107,102,92
146,82,-63,-114,104,9,-92,34,48,87,92,82
131,73,-58,-102,95,7,-87,24,39,78,82,73
122,73,-48,-97,85,12,-82,19,39,68,73,68
102,63,-39,-82,70,12,-73,19,34,63,63,58
78,48,-29,-63,53,9,-82,4,24,53,43,48
68,39,-29,-53,48,4,-78,0,19,43,29,43
58,29,-29,-43,43,0,-73,-4,9,34,29,34
48,24,-24,-36,36,0,-68,-14,0,24,19,24
24,24,0,-24,12,12,-58,-9,-4,19,19,19
19,14,-4,-17,12,4,-58,-14,-4,9,9,14
4,4,0,-4,2,2,-58,-19,-4,0,4,9
-4,0,4,2,-4,2,-53,-29,-9,0,-4,-4
0,-14,-14,7,7,-14,-53,-29,-14,-4,-14,-4
-14,-19,-4,17,-4,-12,-58,-34,-19,-9,-19,-9
-19,-24,-4,21,-7,-14,-58,-39,-29,-24,-24,-9
-24,-24,0,24,-12,-12,-53,-39,-29,-24,-24,-14
-34,-19,14,26,-24,-2,-43,-43,-39,-29,-39,-29
-39,-24,14,31,-26,-4,-43,-48,-39,-29,-43,-34
-48,-29,19,39,-34,-4,-43,-48,-43,-34,-48,-34
-48,-34,14,41,-31,-9,-43,-53,-48,-34,-48,-39
-48,-34,14,41,-31,-9,-53,-58,-48,-39,-39,-39
-48,-34,14,41,-31,-9,-53,-58,-53,-43,-48,-39
-48,-34,14,41,-31,-9,-53,-58,-53,-43,-48,-39
-53,-34,19,43,-36,-7,-53,-63,-58,-48,-53,-34
-63,-39,24,51,-43,-7,-53,-78,-68,-58,-63,-34
-63,-43,19,53,-41,-12,-53,-78,-68,-58,-63,-39
-68,-58,9,63,-39,-24,-53,-82,-68,-63,-68,-43
-68,-68,0,68,-34,-34,-53,-82,-68,-63,-68,-53
-58,-58,0,58,-29,-29,-53,-73,-63,-53,-68,-43
-58,-58,0,58,-29,-29,-53,-73,-63,-58,-68,-48
-63,-58,4,61,-34,-26,-53,-73,-73,-63,-73,-58
-68,-63,4,65,-36,-29,-63,-78,-73,-63,-82,-58
-78,-53,24,65,-51,-14,-63,-87,-73,-63,-82,-53
-68,-48,19,58,-43,-14,-63,-87,-73,-63,-78,-53
-68,-48,19,58,-43,-14,-63,-87,-73,-68,-73,-53
-73,-53,19,63,-46,-17,-58,-92,-73,-68,-73,-53
-73,-58,14,65,-43,-21,-58,-82,-73,-63,-73,-53
-73,-63,9,68,-41,-26,-58,-82,-73,-63,-78,-53
-68,-68,0,68,-34,-34,-58,-82,-78,-63,-78,-53
-68,-68,0,68,-34,-34,-58,-82,-78,-63,-78,-53
-53,-53,0,53,-26,-26,-58,-73,-73,-58,-73,-43
-48,-48,0,48,-24,-24,-58,-73,-73,-58,-73,-43
-43,-43,0,43,-21,-21,-58,-73,-73,-58,-68,-43
-39,-39,0,39,-19,-19,-58,-73,-73,-58,-68,-43
-53,-53,0,53,-26,-26,-58,-82,-78,-68,-68,-58
-58,-53,4,56,-31,-24,-58,-82,-78,-68,-68,-58
-63,-53,9,58,-36,-21,-58,-82,-73,-68,-68,-58
-68,-48,19,58,-43,-14,-58,-78,-73,-63,-68,-53
-63,-34,29,48,-46,-2,-68,-87,-78,-73,-78,-53
-58,-34,24,46,-41,-4,-68,-87,-78,-73,-73,-53
-53,-39,14,46,-34,-12,-68,-87,-78,-73,-73,-53
-48,-39,9,43,-29,-14,-68,-87,-78,-73,-73,-53
-48,-29,19,39,-34,-4,-58,-78,-68,-63,-63,-43
-48,-29,19,39,-34,-4,-58,-78,-68,-63,-63,-43
-48,-29,19,39,-34,-4,-58,-78,-68,-63,-63,-43
-48,-29,19,39,-34,-4,-58,-78,-68,-63,-63,-39
-58,-43,14,51,-36,-14,-58,-73,-78,-63,-73,-48
-63,-48,14,56,-39,-17,-58,-73,-78,-63,-73,-48
-63,-53,9,58,-36,-21,-58,-73,-78,-63,-73,-48
-63,-58,4,61,-34,-26,-58,-73,-78,-63,-73,-48
-48,-48,0,48,-24,-24,-48,-82,-68,-63,-73,-58
-48,-48,0,48,-24,-24,-48,-87,-68,-63,-73,-58
-48,-48,0,48,-24,-24,-48,-87,-68,-63,-73,-58
-48,-48,0,48,-24,-24,-48,-82,-68,-63,-73,-58
-58,-58,0,58,-29,-29,-58,-73,-63,-73,-73,-48
-58,-58,0,58,-29,-29,-58,-68,-63,-73,-68,-48
-58,-53,4,56,-31,-24,-58,-68,-63,-63,-68,-43
-58,-53,4,56,-31,-24,-58,-68,-63,-53,-68,-43
-58,-43,14,51,-36,-14,-48,-73,-63,-53,-73,-43
-58,-43,14,51,-36,-14,-48,-73,-63,-53,-73,-43
-58,-43,14,51,-36,-14,-48,-73,-63,-53,-73,-43
-58,-43,14,51,-36,-14,-48,-73,-63,-53,-73,-43
-58,-53,4,56,-31,-24,-48,-68,-63,-53,-73,-43
-58,-53,4,56,-31,-24,-48,-68,-63,-53,-68,-43
-58,-53,4,56,-31,-24,-48,-73,-63,-58,-68,-43
-58,-53,4,56,-31,-24,-48,-73,-63,-58,-73,-43
-58,-53,4,56,-31,-24,-48,-73,-73,-68,-73,-43
-63,-53,9,58,-36,-21,-48,-73,-73,-68,-73,-43
-63,-53,9,58,-36,-21,-48,-73,-73,-68,-73,-43
-63,-53,9,58,-36,-21,-48,-73,-73,-68,-73,-43
-68,-53,14,61,-41,-19,-48,-73,-63,-58,-63,-43
-68,-53,14,61,-41,-19,-48,-68,-63,-58,-63,-43
-68,-53,14,61,-41,-19,-48,-68,-63,-58,-63,-43
-68,-53,14,61,-41,-19,-48,-68,-63,-58,-63,-43
-63,-43,19,53,-41,-12,-48,-78,-63,-58,-63,-53
-58,-43,14,51,-36,-14,-48,-78,-63,-58,-63,-53
-53,-43,9,48,-31,-17,-48,-78,-63,-58,-68,-53
-48,-53,-4,51,-21,-29,-48,-78,-63,-58,-68,-53
-53,-43,9,48,-31,-17,-39,-78,-63,-63,-63,-43
-58,-43,14,51,-36,-14,-43,-82,-63,-63,-63,-43
-63,-43,19,53,-41,-12,-43,-82,-63,-63,-63,-43
-73,-43,29,58,-51,-7,-43,-82,-63,-63,-63,-43
-73,-39,34,56,-53,-2,-43,-82,-68,-63,-73,-53
-68,-43,24,56,-46,-9,-39,-82,-73,-63,-73,-53
-68,-48,19,58,-43,-14,-39,-82,-73,-68,-78,-53
-68,-58,9,63,-39,-24,-39,-82,-73,-68,-78,-53
-68,-58,9,63,-39,-24,-39,-82,-73,-68,-68,-53
-68,-58,9,63,-39,-24,-39,-82,-73,-68,-68,-53
-73,-58,14,65,-43,-21,-39,-82,-73,-68,-68,-53
-73,-58,14,65,-43,-21,-34,-82,-73,-68,-68,-53
-63,-48,14,56,-39,-17,-43,-82,-73,-68,-68,-53
-63,-48,14,56,-39,-17,-43,-87,-73,-68,-68,-58
-63,-48,14,56,-39,-17,-48,-92,-73,-68,-73,-58
-63,-48,14,56,-39,-17,-48,-92,-78,-73,-73,-58
-73,-48,24,61,-48,-12,-39,-82,-78,-73,-73,-48
-73,-48,24,61,-48,-12,-39,-82,-78,-73,-73,-48
-73,-48,24,61,-48,-12,-39,-92,-82,-73,-73,-48
-73,-48,24,61,-48,-12,-39,-92,-82,-73,-73,-48
-63,-48,14,56,-39,-17,-48,-92,-82,-63,-73,-58
-63,-48,14,56,-39,-17,-48,-92,-82,-63,-73,-58
-63,-48,14,56,-39,-17,-48,-92,-82,-63,-73,-58
-63,-48,14,56,-39,-17,-48,-92,-82,-63,-73,-63
-53,-48,4,51,-29,-21,-48,-102,-82,-73,-82,-53
-58,-48,9,53,-34,-19,-53,-102,-82,-73,-82,-53
-58,-53,4,56,-31,-24,-58,-102,-87,-78,-82,-53
-58,-53,4,56,-31,-24,-58,-102,-87,-78,-82,-53
-58,-63,-4,61,-26,-34,-58,-102,-87,-78,-82,-53
-63,-58,4,61,-34,-26,-58,-102,-87,-78,-82,-53
-68,-58,9,63,-39,-24,-58,-102,-87,-78,-87,-58
-78,-73,4,75,-41,-34,-53,-102,-87,-78,-87,-58
-68,-63,4,65,-36,-29,-63,-112,-92,-82,-87,-63
-68,-63,4,65,-36,-29,-63,-112,-92,-82,-87,-63
-68,-63,4,65,-36,-29,-68,-117,-97,-87,-87,-63
-68,-63,4,65,-36,-29,-68,-117,-97,-87,-92,-63
-68,-53,14,61,-41,-19,-68,-112,-97,-87,-82,-53
-73,-58,14,65,-43,-21,-73,-112,-102,-87,-82,-53
-73,-63,9,68,-41,-26,-73,-112,-102,-92,-82,-58
-73,-63,9,68,-41,-26,-68,-112,-102,-92,-82,-58
-58,-48,9,53,-34,-19,-58,-112,-102,-92,-82,-58
-58,-48,9,53,-34,-19,-58,-112,-102,-92,-82,-58
-58,-48,9,53,-34,-19,-63,-112,-102,-92,-82,-58
-58,-48,9,53,-34,-19,-63,-112,-102,-92,-82,-58
-68,-48,19,58,-43,-14,-63,-97,-92,-82,-82,-58
-68,-48,19,58,-43,-14,-63,-97,-92,-78,-82,-53
-68,-48,19,58,-43,-14,-63,-102,-92,-78,-82,-53
-68,-48,19,58,-43,-14,-63,-102,-92,-78,-82,-53
-68,-58,9,63,-39,-24,-63,-112,-102,-92,-92,-68
-68,-58,9,63,-39,-24,-63,-112,-102,-92,-92,-68
-68,-58,9,63,-39,-24,-68,-112,-102,-92,-92,-68
-68,-58,9,63,-39,-24,-68,-112,-102,-92,-92,-63
-78,-58,19,68,-48,-19,-63,-112,-97,-78,-82,-63
-73,-58,14,65,-43,-21,-63,-112,-97,-78,-82,-63
-73,-58,14,65,-43,-21,-63,-112,-97,-78,-87,-63
-73,-58,14,65,-43,-21,-63,-112,-97,-78,-87,-63
-78,-48,29,63,-53,-9,-73,-117,-102,-87,-97,-68
-78,-48,29,63,-53,-9,-73,-117,-102,-87,-97,-68
-78,-48,29,63,-53,-9,-73,-117,-102,-87,-92,-68
-82,-48,34,65,-58,-7,-73,-117,-102,-87,-92,-68
-82,-48,34,65,-58,-7,-73,-107,-92,-78,-87,-58
-78,-48,29,63,-53,-9,-68,-107,-92,-78,-87,-58
-78,-53,24,65,-51,-14,-68,-107,-92,-78,-87,-58
-78,-58,19,68,-48,-19,-68,-107,-92,-78,-87,-58
-73,-53,19,63,-46,-17,-78,-107,-97,-78,-87,-68
-73,-53,19,63,-46,-17,-68,-102,-97,-73,-87,-58
-68,-48,19,58,-43,-14,-63,-102,-97,-73,-87,-58
-68,-48,19,58,-43,-14,-63,-102,-92,-73,-82,-58
-78,-43,34,61,-56,-4,-63,-102,-102,-82,-82,-63
-73,-43,29,58,-51,-7,-63,-102,-102,-82,-82,-63
-63,-34,29,48,-46,-2,-63,-97,-97,-82,-82,-63
-63,-34,29,48,-46,-2,-63,-97,-92,-78,-78,-58
-78,-39,39,58,-58,0,-63,-97,-92,-73,-78,-48
-78,-39,39,58,-58,0,-53,-92,-92,-73,-78,-53
-73,-39,34,56,-53,-2,-53,-87,-87,-68,-78,-53
-73,-43,29,58,-51,-7,-48,-87,-82,-68,-73,-43
-73,-34,39,53,-56,2,-34,-87,-82,-78,-73,-48
-68,-19,48,43,-58,14,-39,-97,-78,-68,-78,-48
-58,-9,48,34,-53,19,-48,-87,-78,-58,-68,-39
-58,-9,48,34,-53,19,-48,-87,-78,-58,-68,-39
-58,-9,48,34,-53,19,-48,-87,-78,-58,-68,-39
-58,-9,48,34,-53,19,-48,-87,-78,-58,-68,-39
-39,-4,34,21,-36,14,-34,-82,-68,-53,-63,-34
-39,0,39,19,-39,19,-34,-78,-68,-53,-63,-29
-39,0,39,19,-39,19,-29,-78,-63,-53,-63,-29
-39,0,39,19,-39,19,-29,-73,-63,-53,-58,-29
-39,9,48,14,-43,29,-29,-73,-63,-53,-58,-29
-39,4,43,17,-41,24,-29,-73,-63,-53,-63,-34
-39,4,43,17,-41,24,-24,-73,-63,-53,-63,-34
-39,4,43,17,-41,24,-19,-68,-53,-48,-63,-29
-24,19,43,2,-34,31,-19,-58,-43,-34,-48,-14
-14,34,48,-9,-31,41,-24,-58,-43,-29,-43,-4
-9,48,58,-19,-34,53,-29,-63,-43,-29,-39,0
-9,48,58,-19,-34,53,-34,-68,-43,-29,-39,0
-4,39,43,-17,-24,41,-43,-82,-58,-39,-48,-9
0,39,39,-19,-19,39,-58,-82,-58,-39,-48,-9
9,39,29,-24,-9,34,-68,-87,-58,-43,-53,-9
9,39,29,-24,-9,34,-87,-92,-73,-53,-58,-14
4,34,29,-19,-12,31,-87,-92,-73,-48,-53,-14
9,34,24,-21,-7,29,-87,-97,-73,-48,-53,-14
9,34,24,-21,-7,29,-82,-97,-78,-48,-53,-14
9,29,19,-19,-4,24,-78,-97,-82,-53,-58,-19
14,9,-4,-12,9,2,-92,-107,-92,-53,-58,-29
14,9,-4,-12,9,2,-92,-107,-97,-53,-63,-29
9,4,-4,-7,7,0,-97,-117,-97,-58,-63,-29
4,4,0,-4,2,2,-102,-117,-97,-58,-63,-34
0,0,0,0,0,0,-102,-117,-97,-73,-73,-39
0,-4,-4,2,2,-4,-97,-112,-97,-73,-73,-39
4,-9,-14,2,9,-12,-97,-107,-97,-73,-73,-43
4,-19,-24,7,14,-21,-97,-107,-97,-78,-78,-43
9,-29,-39,9,24,-34,-92,-107,-97,-78,-73,-43
4,-29,-34,12,19,-31,-92,-112,-97,-78,-73,-48
-4,-34,-29,19,12,-31,-92,-112,-97,-78,-73,-48
-34,-48,-14,41,-9,-31,-92,-112,-97,-82,-78,-48
-39,-43,-4,41,-17,-24,-82,-112,-107,-82,-78,-43
-43,-48,-4,46,-19,-26,-82,-112,-112,-87,-82,-53
-53,-53,0,53,-26,-26,-82,-117,-117,-92,-87,-58
-58,-48,9,53,-34,-19,-82,-122,-117,-97,-92,-58
-68,-58,9,63,-39,-24,-82,-131,-122,-102,-97,-73
-78,-58,19,68,-48,-19,-82,-131,-122,-107,-102,-78
-78,-58,19,68,-48,-19,-82,-131,-122,-107,-102,-78
-73,-53,19,63,-46,-17,-82,-131,-122,-107,-107,-78
-82,-68,14,75,-48,-26,-92,-136,-141,-112,-117,-78
-87,-82,4,85,-46,-39,-92,-141,-141,-112,-117,-82
-92,-87,4,90,-48,-41,-92,-141,-146,-117,-117,-82
-92,-92,0,92,-46,-46,-92,-141,-146,-117,-122,-92
-92,-87,4,90,-48,-41,-82,-141,-136,-107,-112,-82
-92,-87,4,90,-48,-41,-82,-136,-131,-107,-112,-78
-92,-87,4,90,-48,-41,-82,-136,-131,-102,-107,-73
-97,-87,9,92,-53,-39,-78,-136,-131,-102,-107,-73
-102,-87,14,95,-58,-36,-87,-136,-131,-112,-107,-73
-102,-87,14,95,-58,-36,-87,-131,-131,-112,-107,-73
-97,-87,9,92,-53,-39,-87,-131,-131,-112,-107,-73
-97,-87,9,92,-53,-39,-87,-131,-131,-112,-107,-73
-87,-78,9,82,-48,-34,-87,-136,-131,-117,-107,-78
-92,-78,14,85,-53,-31,-87,-136,-131,-117,-107,-78
-92,-82,9,87,-51,-36,-87,-136,-131,-112,-107,-78
-92,-82,9,87,-51,-36,-82,-136,-131,-112,-107,-78
-82,-73,9,78,-46,-31,-92,-131,-131,-112,-107,-78
-82,-73,9,78,-46,-31,-92,-131,-131,-112,-107,-78
-82,-68,14,75,-48,-26,-92,-131,-131,-112,-107,-73
-82,-68,14,75,-48,-26,-92,-131,-126,-112,-107,-73
-82,-78,4,80,-43,-36,-82,-131,-126,-112,-107,-73
-87,-78,9,82,-48,-34,-82,-131,-126,-112,-107,-78
-92,-78,14,85,-53,-31,-82,-131,-126,-112,-107,-78
-97,-78,19,87,-58,-29,-82,-131,-126,-112,-107,-73
-97,-78,19,87,-58,-29,-92,-131,-126,-102,-112,-73
-97,-78,19,87,-58,-29,-92,-131,-126,-102,-112,-73
-97,-78,19,87,-58,-29,-92,-131,-126,-102,-107,-73
-97,-82,14,90,-56,-34,-92,-131,-126,-102,-107,-73
-92,-82,9,87,-51,-36,-73,-131,-126,-102,-107,-73
-102,-78,24,90,-63,-26,-78,-131,-126,-107,-107,-73
-107,-78,29,92,-68,-24,-87,-141,-126,-107,-107,-73
-97,-68,29,82,-63,-19,-82,-126,-122,-107,-107,-73
-102,-68,34,85,-68,-17,-68,-112,-107,-92,-97,-63
-122,-63,58,92,-90,-2,-68,-107,-97,-92,-92,-73
-102,-63,39,82,-70,-12,-68,-107,-97,-87,-92,-78
-87,-63,24,75,-56,-19,-53,-87,-82,-82,-92,-68
-87,-63,24,75,-56,-19,-14,-63,-58,-53,-68,-53
-82,-73,9,78,-46,-31,14,-19,-14,-24,-43,-34
-58,-63,-4,61,-26,-34,29,34,24,4,-14,-9
-43,-48,-4,46,-19,-26,43,87,73,39,14,9
-34,-43,-9,39,-12,-26,97,151,136,92,48,29
4,-24,-29,9,17,-26,161,244,214,151,102,58
43,-19,-63,-12,53,-41,214,322,297,214,156,92
82,-4,-87,-39,85,-46,268,395,361,258,195,122
131,39,-92,-85,112,-26,312,473,434,326,253,170
190,92,-97,-141,143,-2,346,541,517,414,322,239
268,141,-126,-204,197,7,317,566,561,458,390,292
356,185,-170,-270,263,7,263,551,561,502,444,346
424,248,-175,-336,300,36,204,522,570,561,502,400
473,302,-170,-387,322,65,112,439,531,580,546,444
492,322,-170,-407,331,75,-39,287,429,546,536,458
497,322,-175,-409,336,73,-195,102,278,468,483,424
517,317,-200,-417,358,58,-341,-78,97,356,405,380
507,273,-234,-390,370,19,-507,-278,-117,204,292,312
453,185,-268,-319,361,-41,-668,-497,-346,24,151,204
341,97,-244,-219,292,-73,-805,-702,-551,-146,9,92
224,0,-224,-112,224,-112,-888,-858,-736,-322,-146,-24
117,-102,-219,-7,168,-161,-907,-990,-888,-497,-302,-156
9,-185,-195,87,102,-190,-897,-1073,-1000,-634,-439,-253
-68,-195,-126,131,29,-161,-902,-1088,-1024,-678,-497,-302
-107,-165,-58,136,-24,-112,-878,-1068,-995,-668,-502,-302
-141,-136,4,139,-73,-65,-805,-1000,-932,-619,-463,-273
-195,-107,87,151,-141,-9,-707,-902,-824,-556,-424,-244
-224,-82,141,153,-183,29,-600,-775,-697,-478,-366,-214
-214,-58,156,136,-185,48,-502,-639,-575,-390,-302,-180
-161,-43,117,102,-139,36,-409,-517,-463,-312,-244,-146
-126,-34,92,80,-109,29,-322,-405,-366,-239,-195,-107
-122,-29,92,75,-107,31,-263,-302,-278,-180,-146,-78
-107,-29,78,68,-92,24,-219,-224,-204,-126,-102,-58
-48,-29,19,39,-34,-4,-185,-170,-156,-102,-78,-39
-24,-19,4,21,-14,-7,-146,-131,-122,-68,-63,-19
-29,-19,9,24,-19,-4,-136,-112,-102,-63,-48,-19
-29,-19,9,24,-19,-4,-122,-97,-82,-58,-48,-14
-19,0,19,9,-19,9,-87,-78,-63,-39,-34,-4
-24,9,34,7,-29,21,-68,-53,-53,-34,-29,-9
-39,-4,34,21,-36,14,-58,-48,-48,-24,-34,0
-48,-9,39,29,-43,14,-58,-39,-34,-19,-24,0
-58,-9,48,34,-53,19,-58,-39,-29,-24,-19,0
-53,-14,39,34,-46,12,-58,-39,-29,-24,-19,0
-53,-19,34,36,-43,7,-58,-39,-29,-29,-24,0
-53,-19,34,36,-43,7,-53,-34,-29,-29,-24,0
-48,-19,29,34,-39,4,-39,-24,-29,-24,-14,-9
-39,-19,19,29,-29,0,-29,-19,-19,-24,-14,-9
-34,-14,19,24,-26,2,-24,-9,-14,-14,-14,-9
-34,0,34,17,-34,17,-19,0,-4,-14,-9,-4
-43,-9,34,26,-39,12,-29,-9,-14,-9,-9,4
-39,-9,29,24,-34,9,-29,-9,-14,-9,-9,4
-39,-14,24,26,-31,4,-29,-9,-9,-9,-14,4
-39,-14,24,26,-31,4,-29,-9,-9,-9,-14,4
-39,-4,34,21,-36,14,-29,-9,0,-9,-4,-4
-34,-4,29,19,-31,12,-24,0,0,-9,-4,-4
-34,-4,29,19,-31,12,-14,4,9,-4,-4,-4
-34,0,34,17,-34,17,-14,4,9,0,4,0
-29,0,29,14,-29,14,-14,4,19,9,4,14
-24,0,24,12,-24,12,-14,14,19,9,4,14
-19,0,19,9,-19,9,-24,4,9,9,4,14
-14,0,14,7,-14,7,-24,4,9,9,4,14
-19,-9,9,14,-14,0,-24,14,14,9,9,14
-24,-9,14,17,-19,2,-14,14,19,14,9,14
-29,-9,19,19,-24,4,-14,14,19,19,14,14
-34,-4,29,19,-31,12,-14,24,19,19,14,14
-29,4,34,12,-31,19,-9,24,14,14,9,14
-19,4,24,7,-21,14,-9,24,14,14,9,14
-14,4,19,4,-17,12,-14,24,19,14,9,14
-4,9,14,-2,-9,12,-14,24,19,19,14,19
0,9,9,-4,-4,9,-4,39,24,29,24,29
4,9,4,-7,0,7,-4,39,24,29,24,29
4,9,4,-7,0,7,-4,39,34,34,24,29
4,14,9,-9,-2,12,-4,43,34,34,29,29
9,9,0,-9,4,4,-4,34,24,24,24,24
4,4,0,-4,2,2,-4,34,29,24,24,19
0,0,0,0,0,0,-4,39,29,34,24,24
-4,-4,0,4,-2,-2,-4,39,34,34,24,19
4,4,0,-4,2,2,-4,39,34,34,19,29
9,4,-4,-7,7,0,-4,43,34,34,19,29
19,9,-9,-14,14,0,-4,48,39,39,24,29
24,14,-9,-19,17,2,-4,48,43,39,24,34
19,14,-4,-17,12,4,-4,48,43,43,34,34
19,14,-4,-17,12,4,0,48,43,43,39,39
24,24,0,-24,12,12,0,53,43,48,39,39
34,24,-9,-29,21,7,0,53,48,48,39,43
34,24,-9,-29,21,7,-9,58,48,48,34,34
34,29,-4,-31,19,12,-9,63,53,53,43,39
29,29,0,-29,14,14,-9,63,53,58,43,43
29,29,0,-29,14,14,-9,63,58,58,43,43
43,34,-9,-39,26,12,-4,68,63,63,53,53
53,34,-19,-43,36,7,-4,68,63,68,58,53
58,34,-24,-46,41,4,-4,73,63,68,58,58
63,34,-29,-48,46,2,-9,73,63,68,63,63
58,39,-19,-48,39,9,-19,73,68,68,53,53
68,43,-24,-56,46,9,-14,82,73,68,63,53
73,43,-29,-58,51,7,-14,82,73,68,68,58
78,48,-29,-63,53,9,-19,82,73,78,68,63
82,58,-24,-70,53,17,-14,87,87,87,82,68
82,58,-24,-70,53,17,-14,92,87,92,87,68
92,58,-34,-75,63,12,-19,92,92,92,92,73
102,63,-39,-82,70,12,-19,92,92,92,92,78
122,68,-53,-95,87,7,-34,102,92,107,97,92
131,73,-58,-102,95,7,-34,112,102,117,102,97
131,78,-53,-104,92,12,-34,117,102,122,107,102
146,82,-63,-114,104,9,-39,117,107,126,112,102
141,78,-63,-109,102,7,-34,107,97,126,107,97
151,82,-68,-117,109,7,-34,107,102,126,112,102
146,87,-58,-117,102,14,-39,112,102,122,117,107
141,87,-53,-114,97,17,-39,112,102,117,122,112
151,87,-63,-119,107,12,-48,122,107,136,126,112
170,92,-78,-131,124,7,-58,126,107,141,131,117
185,92,-92,-139,139,0,-63,126,112,146,136,122
200,102,-97,-151,148,2,-73,126,112,146,141,126
209,112,-97,-161,153,7,-73,117,112,146,146,126
224,117,-107,-170,165,4,-78,117,112,146,151,131
234,122,-112,-178,173,4,-82,117,112,156,151,136
244,131,-112,-187,178,9,-82,122,112,161,156,136
253,131,-122,-192,187,4,-102,131,122,161,170,151
258,131,-126,-195,192,2,-102,131,122,161,170,151
273,131,-141,-202,207,-4,-107,131,122,170,175,161
278,141,-136,-209,207,2,-112,131,126,170,180,161
287,141,-146,-214,217,-2,-117,117,117,170,175,161
297,141,-156,-219,226,-7,-126,117,112,170,175,165
297,146,-151,-222,224,-2,-126,117,112,175,175,165
307,146,-161,-226,234,-7,-122,117,112,175,180,170
312,146,-165,-229,239,-9,-131,126,112,180,190,175
312,156,-156,-234,234,0,-136,126,112,180,195,175
312,156,-156,-234,234,0,-136,122,112,175,195,175
312,151,-161,-231,236,-4,-136,117,107,175,185,175
312,161,-151,-236,231,4,-136,107,102,170,185,175
317,165,-151,-241,234,7,-136,102,97,170,185,170
317,165,-151,-241,234,7,-136,97,92,165,180,170
302,161,-141,-231,222,9,-136,87,87,156,175,165
297,151,-146,-224,222,2,-141,73,78,141,156,151
278,146,-131,-212,204,7,-136,68,78,136,151,141
258,141,-117,-200,187,12,-136,58,68,122,141,136
244,131,-112,-187,178,9,-136,53,63,112,131,126
234,122,-112,-178,173,4,-131,48,58,112,131,131
219,112,-107,-165,163,2,-131,39,53,102,122,122
209,102,-107,-156,158,-2,-122,34,39,92,112,107
200,97,-102,-148,151,-2,-117,29,29,87,102,102
175,92,-82,-134,129,4,-112,24,39,78,92,92
161,82,-78,-122,119,2,-107,14,29,68,82,82
151,82,-68,-117,109,7,-102,9,29,58,73,78
131,73,-58,-102,95,7,-92,9,24,53,63,68
97,68,-29,-82,63,19,-92,4,4,43,53,58
87,58,-29,-73,58,14,-87,0,0,34,39,53
78,48,-29,-63,53,9,-82,-4,-9,24,39,43
68,43,-24,-56,46,9,-78,-14,-19,14,29,34
43,43,0,-43,21,21,-68,-19,-24,9,19,29
39,34,-4,-36,21,14,-68,-24,-24,0,9,24
24,24,0,-24,12,12,-68,-29,-24,-9,4,19
14,19,4,-17,4,12,-63,-39,-29,-9,-4,4
19,24,4,-21,7,14,-63,-39,-34,-14,-14,4
4,19,14,-12,-4,17,-68,-43,-39,-19,-19,0
0,14,14,-7,-7,14,-68,-48,-48,-34,-24,0
-4,14,19,-4,-12,17,-63,-48,-48,-34,-24,-4
-19,4,24,7,-21,14,-63,-63,-58,-39,-39,-19
-29,-4,24,17,-26,9,-63,-68,-58,-39,-43,-24
-43,-14,29,29,-36,7,-63,-68,-63,-43,-48,-24
-48,-24,24,36,-36,0,-63,-73,-68,-43,-48,-29
-48,-24,24,36,-36,0,-63,-68,-58,-58,-48,-24
-48,-24,24,36,-36,0,-63,-68,-63,-63,-58,-29
-48,-24,24,36,-36,0,-63,-68,-63,-63,-58,-34
-53,-24,29,39,-41,2,-63,-73,-68,-68,-63,-34
-43,-14,29,29,-36,7,-53,-78,-78,-58,-53,-29
-43,-14,29,29,-36,7,-53,-78,-78,-58,-53,-29
-48,-24,24,36,-36,0,-53,-82,-78,-63,-58,-29
-48,-29,19,39,-34,-4,-53,-82,-78,-63,-58,-34
-48,-39,9,43,-29,-14,-63,-82,-82,-63,-58,-43
-48,-39,9,43,-29,-14,-63,-82,-82,-68,-58,-48
-53,-39,14,46,-34,-12,-63,-82,-92,-73,-63,-58
-58,-43,14,51,-36,-14,-73,-87,-92,-73,-73,-58
-48,-43,4,46,-26,-19,-63,-87,-92,-73,-82,-43
-39,-39,0,39,-19,-19,-63,-87,-92,-73,-78,-43
-39,-39,0,39,-19,-19,-63,-87,-92,-78,-73,-43
-43,-43,0,43,-21,-21,-58,-92,-92,-78,-73,-43
-48,-53,-4,51,-21,-29,-68,-82,-92,-73,-73,-43
-53,-53,0,53,-26,-26,-68,-82,-92,-73,-78,-43
-53,-53,0,53,-26,-26,-68,-82,-97,-73,-78,-43
-58,-48,9,53,-34,-19,-68,-82,-97,-73,-78,-43
-48,-39,9,43,-29,-14,-58,-92,-92,-78,-73,-43
-48,-39,9,43,-29,-14,-58,-92,-92,-78,-73,-43
-48,-39,9,43,-29,-14,-58,-92,-92,-78,-68,-43
-48,-39,9,43,-29,-14,-58,-92,-92,-78,-68,-43
-48,-43,4,46,-26,-19,-58,-92,-97,-68,-68,-48
-48,-43,4,46,-26,-19,-58,-92,-97,-68,-68,-48
-48,-43,4,46,-26,-19,-58,-92,-92,-68,-68,-48
-48,-39,9,43,-29,-14,-58,-87,-92,-63,-68,-43
-48,-34,14,41,-31,-9,-58,-97,-87,-73,-78,-43
-48,-34,14,41,-31,-9,-58,-97,-87,-73,-73,-43
-48,-39,9,43,-29,-14,-58,-97,-87,-73,-73,-43
-48,-39,9,43,-29,-14,-58,-97,-87,-73,-73,-43
-39,-34,4,36,-21,-14,-48,-92,-78,-63,-63,-43
-39,-29,9,34,-24,-9,-48,-87,-78,-63,-63,-43
-39,-24,14,31,-26,-4,-48,-82,-78,-63,-63,-43
-39,-19,19,29,-29,0,-48,-78,-78,-63,-63,-39
-39,-29,9,34,-24,-9,-58,-82,-78,-73,-63,-48
-43,-29,14,36,-29,-7,-58,-82,-78,-73,-63,-48
-43,-29,14,36,-29,-7,-58,-82,-78,-73,-63,-48
-43,-29,14,36,-29,-7,-58,-82,-78,-73,-63,-48
-48,-29,19,39,-34,-4,-48,-73,-78,-73,-73,-39
-48,-29,19,39,-34,-4,-48,-78,-78,-73,-73,-39
-48,-29,19,39,-34,-4,-48,-78,-78,-73,-73,-39
-48,-29,19,39,-34,-4,-48,-73,-78,-73,-73,-39
-58,-29,29,43,-43,0,-58,-82,-82,-82,-63,-48
-58,-29,29,43,-43,0,-58,-78,-82,-82,-58,-48
-58,-24,34,41,-46,4,-58,-78,-82,-73,-58,-43
-58,-24,34,41,-46,4,-58,-78,-82,-63,-58,-43
-48,-24,24,36,-36,0,-48,-73,-73,-63,-53,-34
-48,-24,24,36,-36,0,-48,-73,-73,-63,-53,-34
-48,-24,24,36,-36,0,-48,-73,-73,-63,-53,-34
-48,-24,24,36,-36,0,-48,-73,-73,-63,-53,-34
-48,-24,24,36,-36,0,-48,-78,-82,-63,-63,-34
-48,-24,24,36,-36,0,-48,-78,-82,-63,-58,-34
-48,-24,24,36,-36,0,-48,-82,-82,-68,-58,-34
-48,-24,24,36,-36,0,-48,-82,-82,-68,-63,-34
-48,-34,14,41,-31,-9,-48,-73,-82,-68,-63,-43
-53,-34,19,43,-36,-7,-48,-73,-82,-68,-63,-43
-53,-34,19,43,-36,-7,-48,-73,-82,-68,-63,-43
-53,-34,19,43,-36,-7,-48,-73,-82,-68,-63,-43
-58,-34,24,46,-41,-4,-48,-82,-82,-68,-63,-43
-58,-34,24,46,-41,-4,-48,-78,-82,-68,-63,-43
-58,-34,24,46,-41,-4,-48,-78,-82,-68,-63,-43
-58,-34,24,46,-41,-4,-48,-78,-82,-68,-63,-43
-58,-29,29,43,-43,0,-48,-87,-82,-68,-63,-43
-58,-24,34,41,-46,4,-48,-87,-82,-68,-63,-43
-58,-19,39,39,-48,9,-48,-87,-82,-68,-68,-43
-58,-24,34,41,-46,4,-48,-87,-82,-68,-68,-43
-58,-34,24,46,-41,-4,-48,-78,-82,-73,-63,-43
-58,-34,24,46,-41,-4,-53,-82,-82,-73,-63,-43
-58,-34,24,46,-41,-4,-53,-82,-82,-73,-63,-43
-63,-34,29,48,-46,-2,-53,-82,-82,-73,-63,-43
-73,-24,48,48,-61,12,-53,-82,-82,-63,-53,-34
-68,-24,43,46,-56,9,-48,-82,-82,-63,-53,-34
-68,-24,43,46,-56,9,-48,-82,-78,-68,-58,-34
-68,-29,39,48,-53,4,-48,-82,-73,-68,-58,-34
-68,-19,48,43,-58,14,-53,-82,-78,-78,-68,-43
-68,-19,48,43,-58,14,-58,-82,-82,-78,-68,-43
-73,-19,53,46,-63,17,-63,-82,-87,-78,-68,-43
-73,-19,53,46,-63,17,-63,-82,-92,-78,-68,-43
-73,-24,48,48,-61,12,-53,-82,-92,-78,-78,-43
-73,-29,43,51,-58,7,-53,-87,-92,-78,-78,-48
-73,-34,39,53,-56,2,-58,-92,-92,-78,-82,-48
-73,-39,34,56,-53,-2,-58,-92,-97,-82,-82,-48
-63,-39,24,51,-43,-7,-68,-82,-87,-82,-73,-48
-63,-39,24,51,-43,-7,-68,-82,-87,-82,-73,-48
-63,-39,24,51,-43,-7,-68,-92,-92,-82,-73,-48
-63,-39,24,51,-43,-7,-68,-92,-92,-82,-73,-48
-63,-29,34,46,-48,2,-68,-92,-92,-73,-73,-39
-63,-29,34,46,-48,2,-68,-92,-92,-73,-73,-39
-63,-29,34,46,-48,2,-68,-92,-92,-73,-73,-39
-63,-29,34,46,-48,2,-68,-92,-92,-73,-73,-43
-73,-39,34,56,-53,-2,-68,-102,-102,-78,-82,-53
-78,-39,39,58,-58,0,-73,-102,-102,-82,-82,-53
-78,-43,34,61,-56,-4,-78,-102,-107,-92,-82,-53
-78,-43,34,61,-56,-4,-78,-102,-107,-97,-82,-53
-68,-43,24,56,-46,-9,-87,-112,-107,-87,-82,-63
-63,-39,24,51,-43,-7,-87,-112,-107,-87,-82,-63
-58,-39,19,48,-39,-9,-87,-112,-107,-87,-87,-68
-58,-53,4,56,-31,-24,-82,-112,-107,-87,-87,-68
-48,-34,14,41,-31,-9,-82,-102,-102,-82,-78,-53
-48,-34,14,41,-31,-9,-82,-102,-102,-82,-78,-53
-48,-34,14,41,-31,-9,-87,-107,-107,-87,-78,-53
-48,-34,14,41,-31,-9,-87,-107,-107,-87,-82,-53
-53,-43,9,48,-31,-17,-78,-112,-107,-87,-82,-53
-63,-48,14,56,-39,-17,-82,-112,-112,-87,-82,-53
-68,-53,14,61,-41,-19,-82,-112,-112,-92,-82,-58
-73,-53,19,63,-46,-17,-78,-112,-112,-92,-82,-58
-68,-48,19,58,-43,-14,-78,-112,-112,-92,-92,-58
-68,-48,19,58,-43,-14,-78,-112,-112,-92,-92,-58
-68,-48,19,58,-43,-14,-82,-112,-112,-92,-92,-58
-68,-48,19,58,-43,-14,-82,-112,-112,-92,-92,-58
-58,-39,19,48,-39,-9,-82,-107,-112,-102,-82,-58
-58,-39,19,48,-39,-9,-82,-107,-112,-97,-82,-53
-58,-39,19,48,-39,-9,-82,-112,-112,-97,-82,-53
-58,-39,19,48,-39,-9,-82,-112,-112,-97,-82,-53
-58,-29,29,43,-43,0,-73,-112,-112,-102,-92,-68
-58,-29,29,43,-43,0,-73,-112,-112,-102,-92,-68
-58,-29,29,43,-43,0,-78,-112,-112,-102,-92,-68
-58,-29,29,43,-43,0,-78,-112,-112,-102,-92,-63
-68,-34,34,51,-51,0,-73,-112,-107,-97,-82,-63
-63,-39,24,51,-43,-7,-73,-112,-107,-97,-82,-63
-63,-43,19,53,-41,-12,-73,-112,-107,-97,-87,-63
-63,-48,14,56,-39,-17,-73,-112,-107,-97,-87,-63
-78,-58,19,68,-48,-19,-63,-107,-112,-97,-87,-58
-78,-58,19,68,-48,-19,-63,-107,-112,-97,-87,-58
-78,-58,19,68,-48,-19,-63,-107,-112,-97,-82,-58
-82,-58,24,70,-53,-17,-63,-107,-112,-97,-82,-58
-82,-43,39,63,-61,-2,-63,-107,-112,-87,-78,-58
-78,-39,39,58,-58,0,-58,-107,-112,-87,-78,-58
-78,-39,39,58,-58,0,-58,-107,-112,-87,-78,-58
-78,-39,39,58,-58,0,-58,-107,-112,-87,-78,-58
-73,-34,39,53,-56,2,-68,-107,-117,-97,-87,-68
-73,-34,39,53,-56,2,-58,-102,-117,-92,-87,-58
-68,-29,39,48,-53,4,-53,-102,-117,-92,-87,-58
-68,-29,39,48,-53,4,-53,-102,-112,-92,-82,-58
-78,-29,48,53,-63,9,-53,-102,-102,-92,-73,-53
-73,-34,39,53,-56,2,-53,-102,-102,-92,-73,-53
-63,-29,34,46,-48,2,-53,-97,-97,-92,-73,-53
-63,-34,29,48,-46,-2,-53,-97,-92,-87,-68,-48
-73,-34,39,53,-56,2,-53,-107,-92,-82,-78,-39
-78,-29,48,53,-63,9,-43,-102,-92,-82,-78,-43
-78,-24,53,51,-65,14,-43,-97,-87,-78,-78,-43
-82,-24,58,53,-70,17,-39,-97,-82,-78,-73,-34
-73,-14,58,43,-65,21,-34,-97,-82,-68,-63,-39
-68,-19,48,43,-58,14,-48,-97,-87,-68,-68,-39
-58,-9,48,34,-53,19,-43,-87,-87,-68,-58,-39
-58,-9,48,34,-53,19,-39,-87,-87,-68,-58,-39
-58,-9,48,34,-53,19,-34,-87,-87,-68,-58,-39
-58,-9,48,34,-53,19,-29,-87,-87,-68,-58,-39
-48,4,53,21,-51,29,-34,-82,-78,-63,-53,-34
-48,9,58,19,-53,34,-34,-78,-78,-63,-53,-29
-48,9,58,19,-53,34,-29,-78,-73,-63,-53,-29
-48,9,58,19,-53,34,-29,-73,-73,-63,-48,-29
-39,0,39,19,-39,19,-19,-63,-73,-63,-48,-29
-39,-4,34,21,-36,14,-19,-63,-73,-63,-53,-34
-39,-4,34,21,-36,14,-14,-63,-73,-63,-53,-34
-39,-4,34,21,-36,14,-9,-58,-63,-58,-53,-29
-24,14,39,4,-31,26,-9,-58,-63,-43,-48,-24
-14,34,48,-9,-31,41,-14,-58,-63,-39,-43,-14
-9,53,63,-21,-36,58,-19,-63,-63,-39,-39,-9
-9,58,68,-24,-39,63,-24,-68,-63,-39,-39,-9
-14,48,63,-17,-39,56,-29,-63,-58,-39,-34,0
-9,48,58,-19,-34,53,-39,-63,-58,-39,-29,0
0,48,48,-24,-24,48,-43,-68,-58,-43,-29,0
0,48,48,-24,-24,48,-58,-73,-73,-53,-29,-4
14,43,29,-29,-7,36,-73,-92,-92,-58,-43,-14
19,43,24,-31,-2,34,-78,-97,-92,-58,-43,-14
19,43,24,-31,-2,34,-78,-97,-97,-58,-43,-14
19,39,19,-29,0,29,-78,-97,-102,-63,-48,-19
19,29,9,-24,4,19,-73,-97,-92,-73,-48,-19
14,29,14,-21,0,21,-73,-97,-97,-73,-53,-19
4,24,19,-14,-7,21,-78,-107,-97,-78,-53,-19
-4,24,29,-9,-17,26,-82,-107,-97,-78,-53,-24
0,9,9,-4,-4,9,-82,-107,-97,-73,-53,-29
0,4,4,-2,-2,4,-78,-102,-97,-73,-53,-29
4,0,-4,-2,4,-2,-78,-97,-97,-73,-53,-34
4,-9,-14,2,9,-12,-78,-97,-97,-78,-58,-34
4,-19,-24,7,14,-21,-73,-107,-107,-87,-63,-43
4,-19,-24,7,14,-21,-73,-112,-107,-87,-63,-48
0,-24,-24,12,12,-24,-73,-112,-107,-87,-63,-48
-24,-39,-14,31,-4,-26,-73,-112,-107,-92,-68,-48
-24,-43,-19,34,-2,-31,-63,-102,-107,-82,-68,-43
-34,-48,-14,41,-9,-31,-63,-102,-112,-87,-73,-53
-48,-53,-4,51,-21,-29,-63,-107,-117,-92,-78,-58
-58,-48,9,53,-34,-19,-63,-112,-117,-97,-82,-58
-68,-58,9,63,-39,-24,-63,-122,-131,-102,-87,-63
-78,-58,19,68,-48,-19,-63,-122,-131,-107,-92,-68
-78,-58,19,68,-48,-19,-63,-122,-131,-107,-92,-68
-73,-53,19,63,-46,-17,-63,-122,-131,-107,-97,-68
-82,-63,19,73,-51,-21,-73,-126,-141,-112,-107,-68
-87,-73,14,80,-51,-29,-73,-131,-141,-112,-107,-73
-92,-73,19,82,-56,-26,-73,-131,-146,-117,-107,-73
-92,-73,19,82,-56,-26,-73,-131,-146,-117,-112,-82
-82,-78,4,80,-43,-36,-63,-131,-136,-117,-102,-82
-82,-78,4,80,-43,-36,-63,-126,-131,-117,-102,-78
-82,-78,4,80,-43,-36,-63,-126,-131,-112,-97,-73
-87,-78,9,82,-48,-34,-58,-126,-131,-112,-97,-73
-102,-68,34,85,-68,-17,-58,-126,-131,-112,-87,-63
-102,-68,34,85,-68,-17,-58,-122,-131,-112,-87,-63
-97,-68,29,82,-63,-19,-58,-122,-131,-112,-87,-63
-97,-68,29,82,-63,-19,-58,-122,-131,-112,-87,-63
-87,-58,29,73,-58,-14,-58,-126,-131,-117,-97,-78
-92,-58,34,75,-63,-12,-58,-126,-131,-117,-97,-78
-92,-63,29,78,-61,-17,-58,-126,-131,-112,-97,-78
-92,-63,29,78,-61,-17,-53,-126,-131,-112,-97,-78
-92,-68,24,80,-58,-21,-63,-122,-141,-122,-107,-78
-92,-73,19,82,-56,-26,-63,-122,-141,-122,-107,-78
-92,-73,19,82,-56,-26,-63,-122,-141,-122,-107,-73
-92,-78,14,85,-53,-31,-63,-122,-136,-122,-107,-73
-97,-87,9,92,-53,-39,-63,-122,-136,-112,-97,-82
-97,-87,9,92,-53,-39,-63,-122,-136,-112,-97,-87
-97,-87,9,92,-53,-39,-63,-122,-136,-112,-97,-87
-97,-87,9,92,-53,-39,-63,-122,-136,-112,-97,-82
-107,-87,19,97,-63,-34,-53,-122,-136,-112,-112,-73
-107,-87,19,97,-63,-34,-53,-122,-136,-112,-112,-73
-107,-87,19,97,-63,-34,-53,-122,-136,-112,-107,-73
-107,-92,14,100,-61,-39,-53,-122,-136,-112,-107,-73
-92,-53,39,73,-65,-7,-34,-112,-126,-102,-87,-63
-92,-58,34,75,-63,-12,-48,-122,-126,-107,-97,-73
-97,-58,39,78,-68,-9,-58,-122,-126,-107,-97,-73
-97,-48,48,73,-73,0,-53,-117,-122,-97,-97,-73
-82,-48,34,65,-58,-7,-29,-112,-107,-92,-87,-63
-102,-53,48,78,-75,-2,-19,-97,-107,-92,-82,-63
-102,-53,48,78,-75,-2,-19,-87,-97,-87,-73,-58
-87,-53,34,70,-61,-9,-14,-78,-92,-82,-73,-58
-78,-53,24,65,-51,-14,-4,-63,-68,-73,-58,-53
-82,-53,29,68,-56,-12,24,-19,-34,-43,-34,-34
-68,-53,14,61,-41,-19,39,24,14,-14,-14,-19
-53,-58,-4,56,-24,-31,53,68,43,19,14,0
-24,-53,-29,39,2,-41,97,131,97,53,39,19
4,-24,-29,9,17,-26,170,214,175,112,82,48
34,-19,-53,-7,43,-36,234,302,248,165,126,73
73,-14,-87,-29,80,-51,268,375,312,219,175,102
112,0,-112,-56,112,-56,322,453,385,287,224,141
161,34,-126,-97,143,-46,366,522,468,366,292,190
248,92,-156,-170,202,-31,356,575,531,429,370,253
356,165,-190,-261,273,-12,331,619,590,502,444,326
444,239,-204,-341,324,17,302,639,639,570,531,409
492,283,-209,-387,351,36,248,605,639,619,575,453
522,322,-200,-422,361,61,156,492,575,614,595,488
527,341,-185,-434,356,78,19,336,463,575,570,473
527,336,-190,-431,358,73,-136,136,302,473,502,429
527,292,-234,-409,380,29,-302,-73,87,331,390,351
492,234,-258,-363,375,-12,-483,-292,-141,161,258,273
400,175,-224,-287,312,-24,-639,-507,-356,-9,126,180
283,97,-185,-190,234,-43,-741,-692,-561,-185,-19,73
146,-24,-170,-61,158,-97,-780,-863,-761,-390,-204,-68
0,-136,-136,68,68,-136,-780,-976,-912,-575,-370,-204
-107,-185,-78,146,-14,-131,-775,-1039,-995,-658,-468,-292
-175,-185,-9,180,-82,-97,-761,-1049,-995,-678,-492,-312
-219,-175,43,197,-131,-65,-736,-1029,-971,-658,-492,-312
-234,-146,87,190,-161,-29,-678,-951,-883,-595,-444,-283
-214,-82,131,148,-173,24,-590,-814,-746,-497,-366,-224
-204,-29,175,117,-190,73,-502,-678,-614,-409,-302,-180
-180,-14,165,97,-173,75,-419,-566,-512,-351,-253,-146
-136,-4,131,70,-134,63,-331,-463,-424,-287,-214,-126
-131,-19,112,75,-122,46,-253,-361,-336,-229,-175,-107
-117,-19,97,68,-107,39,-190,-273,-263,-175,-131,-78
-78,0,78,39,-78,39,-136,-190,-185,-122,-78,-48
-34,9,43,12,-39,26,-107,-131,-141,-78,-53,-19
-29,-19,9,24,-19,-4,-97,-112,-122,-63,-39,-9
-48,-39,9,43,-29,-14,-82,-97,-102,-68,-39,-14
-58,-29,29,43,-43,0,-68,-78,-82,-58,-34,-14
-53,-9,43,31,-48,17,-29,-53,-53,-43,-19,0
-48,4,53,21,-51,29,-9,-39,-39,-34,-14,-9
-48,0,48,24,-48,24,-9,-29,-43,-29,-14,-9
-39,9,48,14,-43,29,-9,-29,-39,-24,-9,0
-34,4,39,14,-36,21,-9,-29,-39,-24,-9,0
-34,0,34,17,-34,17,-9,-29,-39,-29,-14,0
-34,0,34,17,-34,17,-4,-24,-39,-29,-14,0
-39,-4,34,21,-36,14,0,-24,-39,-24,-14,-9
-39,-9,29,24,-34,9,9,-19,-29,-24,-14,-9
-43,-9,34,26,-39,12,14,-9,-24,-14,-14,-9
-53,0,53,26,-53,26,19,0,-14,-14,-9,-4
-53,-4,48,29,-51,21,19,0,-24,-19,-9,-4
-48,-9,39,29,-43,14,19,0,-24,-19,-9,-4
-48,-19,29,34,-39,4,19,0,-19,-19,-14,-4
-48,-24,24,36,-36,0,19,0,-19,-19,-14,-4
-48,-14,34,31,-41,9,19,0,-19,-19,-4,-4
-43,-14,29,29,-36,7,24,9,-19,-19,-4,-4
-43,-14,29,29,-36,7,34,14,-9,-14,-4,-4
-43,-9,34,26,-39,12,34,14,-9,-9,4,0
-34,-9,24,21,-29,7,43,14,0,-9,-4,-4
-34,-9,24,21,-29,7,43,24,0,-9,-4,-4
-34,-9,24,21,-29,7,34,14,-9,-9,-4,-4
-34,-9,24,21,-29,7,34,14,-9,-9,-4,-4
-34,-19,14,26,-24,-2,24,24,-4,-9,9,4
-34,-19,14,26,-24,-2,34,24,0,-4,9,4
-34,-19,14,26,-24,-2,34,24,0,0,14,4
-34,-14,19,24,-26,2,34,34,0,0,14,4
-43,-4,39,24,-41,17,39,34,4,4,19,14
-39,-4,34,21,-36,14,39,34,4,4,19,14
-39,-4,34,21,-36,14,34,34,9,4,19,14
-34,0,34,17,-34,17,34,34,9,9,24,19
-24,0,24,12,-24,12,34,48,14,9,24,19
-14,0,14,7,-14,7,34,48,14,9,24,19
-9,0,9,4,-9,4,34,48,24,14,24,19
-4,4,9,0,-7,7,34,53,24,14,29,19
4,14,9,-9,-2,12,39,53,24,24,43,29
4,14,9,-9,-2,12,43,53,29,24,43,29
4,14,9,-9,-2,12,48,58,29,34,43,39
4,14,9,-9,-2,12,53,58,34,34,43,39
9,4,-4,-7,7,0,43,58,34,34,39,29
9,4,-4,-7,7,0,43,63,34,34,39,29
14,9,-4,-12,9,2,43,68,39,39,43,29
14,14,0,-14,7,7,43,68,43,39,43,34
14,4,-9,-9,12,-2,43,68,34,34,43,24
9,4,-4,-7,7,0,48,68,34,34,48,29
9,14,4,-12,2,9,48,73,34,39,48,29
14,14,0,-14,7,7,48,73,39,39,48,34
9,24,14,-17,-2,19,48,68,39,39,43,43
14,29,14,-21,0,21,48,73,43,43,53,48
14,29,14,-21,0,21,48,73,43,48,53,53
19,29,9,-24,4,19,48,73,48,48,53,53
24,43,19,-34,2,31,43,78,53,53,53,43
34,43,9,-39,12,26,43,78,53,58,58,43
39,43,4,-41,17,24,43,82,53,58,58,48
43,43,0,-43,21,21,39,82,53,58,63,53
58,48,-9,-53,34,19,39,82,58,68,73,63
68,53,-14,-61,41,19,43,92,63,68,82,63
73,53,-19,-63,46,17,43,92,63,68,87,68
78,58,-19,-68,48,19,39,92,63,78,87,73
73,48,-24,-61,48,12,43,97,68,78,82,68
73,48,-24,-61,48,12,43,102,68,82,87,68
82,48,-34,-65,58,7,39,102,73,82,92,73
92,53,-39,-73,65,7,39,102,73,82,92,78
102,48,-53,-75,78,-2,34,102,73,87,97,82
112,53,-58,-82,85,-2,34,112,82,97,102,87
112,58,-53,-85,82,2,34,117,82,102,107,92
126,63,-63,-95,95,0,29,117,87,107,112,92
146,78,-68,-112,107,4,14,107,78,112,117,107
161,82,-78,-122,119,2,14,107,82,117,122,112
161,87,-73,-124,117,7,9,112,82,117,126,117
161,87,-73,-124,117,7,9,112,82,117,131,122
165,87,-78,-126,122,4,-4,122,78,117,126,112
180,92,-87,-136,134,2,-9,126,78,122,131,117
190,92,-97,-141,143,-2,-9,126,82,126,136,122
200,102,-97,-151,148,2,-14,126,82,126,141,126
209,102,-107,-156,158,-2,-24,126,92,126,146,126
224,107,-117,-165,170,-4,-29,126,92,126,151,131
234,112,-122,-173,178,-4,-34,126,92,136,151,136
244,122,-122,-183,183,0,-34,131,92,141,156,136
244,117,-126,-180,185,-4,-43,122,82,141,161,131
248,112,-136,-180,192,-12,-43,122,82,141,161,131
263,107,-156,-185,209,-24,-48,122,82,151,165,141
268,112,-156,-190,212,-21,-53,122,87,151,170,141
287,117,-170,-202,229,-26,-53,117,87,151,175,141
297,122,-175,-209,236,-26,-68,117,82,151,175,146
297,131,-165,-214,231,-17,-73,117,82,156,175,146
307,136,-170,-222,239,-17,-73,117,82,156,180,151
312,126,-185,-219,248,-29,-73,117,82,151,180,156
312,136,-175,-224,244,-19,-78,117,82,151,185,156
312,136,-175,-224,244,-19,-78,112,82,146,185,156
312,131,-180,-222,246,-24,-78,107,78,146,175,156
297,131,-165,-214,231,-17,-97,107,73,141,175,156
297,136,-161,-217,229,-12,-97,102,68,141,175,151
292,136,-156,-214,224,-9,-97,97,63,136,170,151
273,131,-141,-202,207,-4,-97,87,58,126,165,146
273,131,-141,-202,207,-4,-82,82,48,126,165,151
258,126,-131,-192,195,-2,-78,78,48,126,161,141
244,122,-122,-183,183,0,-78,68,39,117,151,136
234,112,-122,-173,178,-4,-78,63,34,112,141,126
219,122,-97,-170,158,12,-63,48,29,102,131,122
200,112,-87,-156,143,12,-63,39,24,92,122,112
185,102,-82,-143,134,9,-53,34,9,82,112,97
170,97,-73,-134,122,12,-48,29,0,78,102,92
156,92,-63,-124,109,14,-43,29,4,78,102,92
141,82,-58,-112,100,12,-39,24,0,68,92,82
131,82,-48,-107,90,17,-34,24,4,58,82,78
112,73,-39,-92,75,17,-24,29,4,53,73,68
87,68,-19,-78,53,24,-19,24,4,43,63,68
78,58,-19,-68,48,19,-9,19,0,34,48,63
68,48,-19,-58,43,14,0,14,-9,24,48,53
58,43,-14,-51,36,14,9,4,-19,14,39,43
34,34,0,-34,17,17,0,9,-14,19,39,39
29,24,-4,-26,17,9,0,4,-14,9,29,34
14,14,0,-14,7,7,0,0,-14,0,24,29
4,9,4,-7,0,7,4,-9,-19,0,14,14
0,9,9,-4,-4,9,14,-14,-29,-14,-4,4
-14,9,24,2,-19,17,9,-24,-39,-19,-9,0
-19,9,29,4,-24,19,9,-34,-53,-34,-14,0
-24,14,39,4,-31,26,14,-39,-58,-34,-14,-4
-34,4,39,14,-36,21,14,-34,-58,-39,-19,-9
-39,-4,34,21,-36,14,14,-39,-58,-39,-24,-14
-48,-14,34,31,-41,9,14,-39,-63,-43,-29,-14
-48,-24,24,36,-36,0,14,-43,-68,-43,-29,-19
-58,-24,34,41,-46,4,24,-58,-68,-48,-29,-24
-58,-24,34,41,-46,4,24,-58,-73,-53,-39,-29
-58,-24,34,41,-46,4,24,-58,-73,-53,-39,-34
-63,-24,39,43,-51,7,24,-63,-78,-58,-43,-34
-53,-24,29,39,-41,2,24,-58,-78,-48,-43,-29
-53,-24,29,39,-41,2,24,-58,-78,-48,-43,-29
-58,-34,24,46,-41,-4,24,-63,-78,-53,-48,-29
-58,-39,19,48,-39,-9,24,-63,-78,-53,-48,-34
-68,-29,39,48,-53,4,24,-63,-82,-53,-48,-24
-68,-29,39,48,-53,4,24,-63,-82,-58,-48,-29
-73,-29,43,51,-58,7,24,-63,-92,-63,-53,-39
-78,-34,43,56,-61,4,14,-68,-92,-63,-63,-39
-68,-39,29,53,-48,-4,14,-68,-92,-63,-63,-43
-58,-39,19,48,-39,-9,14,-68,-92,-63,-58,-43
-58,-43,14,51,-36,-14,14,-68,-92,-68,-53,-43
-63,-53,9,58,-36,-21,19,-73,-92,-68,-53,-43
-73,-43,29,58,-51,-7,19,-73,-92,-73,-53,-34
-73,-43,29,58,-51,-7,19,-73,-92,-73,-58,-34
-68,-43,24,56,-46,-9,19,-73,-97,-73,-58,-34
-68,-39,29,53,-48,-4,19,-73,-97,-73,-58,-34
-58,-29,29,43,-43,0,9,-82,-102,-78,-63,-39
-58,-29,29,43,-43,0,9,-82,-102,-78,-63,-43
-58,-29,29,43,-43,0,9,-82,-102,-78,-58,-48
-58,-29,29,43,-43,0,9,-82,-102,-78,-58,-53
-58,-24,34,41,-46,4,19,-73,-97,-78,-58,-48
-58,-24,34,41,-46,4,19,-73,-97,-78,-58,-48
-58,-24,34,41,-46,4,19,-73,-92,-78,-58,-48
-58,-19,39,39,-48,9,19,-68,-92,-73,-58,-43
-68,-24,43,46,-56,9,19,-68,-87,-63,-58,-43
-68,-24,43,46,-56,9,19,-68,-87,-63,-53,-43
-68,-29,39,48,-53,4,19,-68,-87,-63,-53,-43
-68,-29,39,48,-53,4,19,-68,-87,-63,-53,-43
-68,-34,34,51,-51,0,19,-68,-87,-73,-63,-43
-68,-39,29,53,-48,-4,19,-68,-87,-73,-63,-43
-68,-43,24,56,-46,-9,19,-68,-87,-73,-63,-43
-68,-48,19,58,-43,-14,19,-68,-87,-73,-63,-39
-68,-43,24,56,-46,-9,29,-53,-87,-63,-53,-29
-73,-39,34,56,-53,-2,29,-53,-87,-63,-53,-29
-73,-34,39,53,-56,2,29,-53,-87,-63,-53,-29
-73,-29,43,51,-58,7,29,-53,-87,-63,-53,-29
-68,-34,34,51,-51,0,19,-63,-87,-63,-53,-39
-68,-39,29,53,-48,-4,19,-68,-87,-63,-53,-39
-68,-43,24,56,-46,-9,19,-68,-87,-63,-53,-39
-68,-48,19,58,-43,-14,19,-63,-87,-63,-53,-39
-68,-39,29,53,-48,-4,19,-63,-82,-73,-63,-39
-68,-39,29,53,-48,-4,19,-58,-82,-73,-58,-39
-68,-34,34,51,-51,0,19,-58,-82,-63,-58,-34
-68,-34,34,51,-51,0,19,-58,-82,-53,-58,-34
-68,-34,34,51,-51,0,19,-63,-82,-63,-53,-34
-68,-34,34,51,-51,0,19,-63,-82,-63,-53,-34
-68,-34,34,51,-51,0,19,-63,-82,-63,-53,-34
-68,-34,34,51,-51,0,19,-63,-82,-63,-53,-34
-58,-34,24,46,-41,-4,19,-48,-82,-58,-43,-34
-58,-34,24,46,-41,-4,19,-48,-82,-53,-39,-34
-58,-34,24,46,-41,-4,19,-53,-82,-53,-39,-34
-58,-34,24,46,-41,-4,19,-53,-82,-48,-43,-34
-68,-24,43,46,-56,9,19,-63,-73,-58,-43,-24
-73,-24,48,48,-61,12,19,-63,-73,-58,-43,-24
-73,-24,48,48,-61,12,19,-63,-73,-58,-43,-24
-73,-24,48,48,-61,12,19,-63,-73,-58,-43,-24
-58,-34,24,46,-41,-4,19,-63,-82,-58,-43,-34
-58,-34,24,46,-41,-4,19,-58,-82,-58,-43,-34
-58,-34,24,46,-41,-4,19,-58,-82,-58,-43,-34
-58,-34,24,46,-41,-4,19,-58,-82,-58,-43,-34
-68,-24,43,46,-56,9,19,-58,-82,-58,-34,-24
-68,-24,43,46,-56,9,19,-58,-82,-58,-34,-24
-68,-24,43,46,-56,9,19,-58,-82,-58,-39,-24
-68,-34,34,51,-51,0,19,-58,-82,-58,-39,-24
-58,-43,14,51,-36,-14,19,-68,-92,-68,-48,-29
-58,-43,14,51,-36,-14,14,-73,-92,-73,-53,-34
-58,-43,14,51,-36,-14,14,-73,-92,-78,-58,-39
-63,-43,19,53,-41,-12,14,-73,-92,-82,-63,-43
-73,-34,39,53,-56,2,4,-73,-87,-73,-53,-43
-68,-34,34,51,-51,0,9,-73,-92,-73,-53,-43
-68,-34,34,51,-51,0,9,-73,-92,-78,-58,-43
-68,-39,29,53,-48,-4,9,-73,-92,-78,-58,-43
-68,-39,29,53,-48,-4,19,-73,-92,-78,-58,-43
-68,-39,29,53,-48,-4,19,-73,-92,-78,-58,-43
-73,-39,34,56,-53,-2,19,-73,-92,-78,-58,-43
-73,-39,34,56,-53,-2,24,-73,-92,-78,-58,-43
-63,-39,24,51,-43,-7,24,-63,-92,-78,-58,-43
-63,-39,24,51,-43,-7,24,-68,-92,-78,-58,-48
-63,-39,24,51,-43,-7,19,-73,-92,-78,-63,-48
-63,-39,24,51,-43,-7,19,-73,-97,-82,-63,-48
-68,-48,19,58,-43,-14,19,-73,-97,-73,-63,-48
-73,-48,24,61,-48,-12,19,-73,-97,-73,-63,-48
-78,-48,29,63,-53,-9,19,-82,-102,-73,-63,-48
-82,-48,34,65,-58,-7,19,-82,-102,-73,-63,-48
-73,-48,24,61,-48,-12,9,-82,-102,-82,-63,-48
-73,-48,24,61,-48,-12,9,-82,-102,-82,-63,-48
-73,-48,24,61,-48,-12,9,-82,-102,-82,-63,-48
-73,-48,24,61,-48,-12,9,-82,-102,-82,-63,-53
-73,-39,34,56,-53,-2,19,-82,-102,-82,-63,-53
-78,-39,39,58,-58,0,14,-82,-102,-82,-63,-53
-78,-43,34,61,-56,-4,9,-82,-107,-87,-63,-53
-78,-43,34,61,-56,-4,9,-82,-107,-87,-63,-53
-73,-34,39,53,-56,2,9,-82,-107,-87,-73,-53
-73,-29,43,51,-58,7,9,-82,-107,-87,-73,-53
-73,-29,43,51,-58,7,9,-82,-107,-87,-78,-58
-78,-43,34,61,-56,-4,14,-82,-107,-87,-78,-58
-87,-39,48,63,-68,4,4,-92,-102,-92,-68,-63
-87,-43,43,65,-65,0,4,-92,-102,-92,-68,-63
-87,-48,39,68,-63,-4,0,-97,-107,-97,-68,-63
-87,-53,34,70,-61,-9,0,-97,-107,-97,-73,-63
-78,-53,24,65,-51,-14,0,-92,-117,-87,-73,-53
-82,-58,24,70,-53,-17,-4,-92,-122,-87,-73,-53
-82,-63,19,73,-51,-21,-4,-92,-122,-92,-73,-58
-82,-63,19,73,-51,-21,0,-92,-122,-92,-73,-58
-68,-53,14,61,-41,-19,9,-92,-112,-92,-73,-58
-68,-48,19,58,-43,-14,9,-92,-112,-92,-73,-58
-68,-43,24,56,-46,-9,4,-92,-112,-92,-73,-58
-68,-39,29,53,-48,-4,4,-92,-112,-92,-73,-58
-68,-43,24,56,-46,-9,-4,-87,-122,-102,-82,-68
-68,-48,19,58,-43,-14,-4,-87,-122,-97,-82,-63
-68,-53,14,61,-41,-19,-4,-92,-122,-97,-82,-63
-68,-58,9,63,-39,-24,-4,-92,-122,-97,-82,-63
-82,-68,14,75,-48,-26,4,-92,-112,-97,-73,-58
-87,-68,19,78,-53,-24,4,-92,-112,-92,-73,-58
-92,-68,24,80,-58,-21,0,-92,-112,-87,-73,-58
-97,-68,29,82,-63,-19,0,-92,-112,-82,-73,-53
-97,-58,39,78,-68,-9,-4,-92,-117,-82,-82,-63
-92,-58,34,75,-63,-12,-4,-92,-117,-87,-82,-63
-92,-58,34,75,-63,-12,-4,-92,-117,-92,-87,-63
-92,-58,34,75,-63,-12,-4,-92,-117,-97,-87,-63
-87,-58,29,73,-58,-14,-4,-87,-112,-97,-78,-58
-87,-58,29,73,-58,-14,-4,-87,-112,-97,-78,-58
-87,-58,29,73,-58,-14,-4,-87,-112,-97,-73,-58
-92,-58,34,75,-63,-12,-4,-87,-112,-97,-73,-58
-92,-43,48,68,-70,2,4,-78,-112,-87,-68,-48
-87,-39,48,63,-68,4,9,-78,-112,-87,-68,-48
-87,-39,48,63,-68,4,9,-78,-112,-87,-68,-48
-87,-39,48,63,-68,4,9,-78,-112,-87,-68,-48
-92,-34,58,63,-75,12,9,-78,-107,-78,-68,-48
-102,-43,58,73,-80,7,0,-82,-107,-82,-68,-48
-87,-39,48,63,-68,4,-4,-82,-107,-82,-68,-48
-78,-29,48,53,-63,9,14,-73,-102,-73,-63,-39
-87,-19,68,53,-78,24,29,-78,-97,-78,-68,-39
-78,-19,58,48,-68,19,19,-78,-97,-78,-58,-39
-78,-19,58,48,-68,19,19,-78,-97,-78,-58,-39
-78,-19,58,48,-68,19,19,-78,-97,-78,-58,-39
-78,-19,58,48,-68,19,19,-78,-97,-78,-58,-39
-63,-9,53,36,-58,21,14,-73,-97,-63,-53,-43
-58,0,58,29,-58,29,14,-68,-97,-63,-53,-39
-53,4,58,24,-56,31,19,-68,-92,-63,-53,-39
-48,9,58,19,-53,34,19,-63,-92,-63,-48,-39
-48,19,68,14,-58,43,24,-63,-87,-53,-39,-29
-48,14,63,17,-56,39,29,-63,-82,-53,-43,-34
-48,14,63,17,-56,39,39,-63,-78,-53,-43,-34
-48,14,63,17,-56,39,48,-58,-63,-48,-43,-29
-48,14,63,17,-56,39,48,-48,-63,-43,-39,-24
-43,24,68,9,-56,46,43,-48,-63,-39,-34,-14
-43,34,78,4,-61,56,39,-53,-63,-39,-29,-9
-48,29,78,9,-63,53,34,-58,-63,-39,-29,-9
-39,43,82,-2,-61,63,19,-63,-58,-29,-19,0
-29,48,78,-9,-53,63,9,-63,-58,-29,-19,0
-14,53,68,-19,-41,61,4,-68,-58,-34,-24,0
-9,58,68,-24,-39,63,-9,-73,-73,-43,-29,-4
-4,43,48,-19,-26,46,-14,-82,-92,-58,-34,-14
0,43,43,-21,-21,43,-19,-87,-92,-58,-34,-14
0,43,43,-21,-21,43,-19,-87,-97,-58,-34,-14
0,39,39,-19,-19,39,-19,-87,-102,-63,-39,-19
0,14,14,-7,-7,14,-34,-87,-112,-73,-48,-29
-4,9,14,-2,-9,12,-34,-87,-117,-73,-53,-29
-14,0,14,7,-14,7,-39,-97,-117,-78,-53,-29
-24,-4,19,14,-21,7,-43,-97,-117,-78,-53,-34
-19,-4,14,12,-17,4,-34,-97,-107,-73,-53,-29
-19,-4,14,12,-17,4,-29,-92,-107,-73,-53,-29
-14,-4,9,9,-12,2,-29,-87,-107,-73,-53,-34
-14,-9,4,12,-9,-2,-29,-87,-107,-78,-58,-34
-4,0,4,2,-4,2,-24,-87,-107,-78,-63,-34
-4,0,4,2,-4,2,-24,-92,-107,-78,-63,-39
-9,-4,4,7,-7,0,-24,-92,-107,-78,-63,-39
-34,-19,14,26,-24,-2,-24,-92,-107,-82,-68,-39
-53,-39,14,46,-34,-12,-24,-92,-117,-82,-68,-43
-63,-48,14,56,-39,-17,-24,-92,-122,-87,-73,-53
-78,-58,19,68,-48,-19,-24,-97,-126,-92,-78,-58
-87,-58,29,73,-58,-14,-24,-102,-126,-97,-82,-58
-97,-78,19,87,-58,-29,-24,-112,-141,-102,-87,-73
-107,-78,29,92,-68,-24,-24,-112,-141,-107,-92,-78
-107,-78,29,92,-68,-24,-24,-112,-141,-107,-92,-78
-102,-73,29,87,-65,-21,-24,-112,-141,-107,-97,-78
-92,-63,29,78,-61,-17,-24,-117,-141,-112,-97,-68
-97,-73,24,85,-61,-24,-24,-122,-141,-112,-97,-73
-102,-73,29,87,-65,-21,-24,-122,-146,-117,-97,-73
-102,-73,29,87,-65,-21,-24,-122,-146,-117,-102,-82
-112,-78,34,95,-73,-21,-14,-122,-156,-117,-102,-82
-112,-78,34,95,-73,-21,-14,-117,-151,-117,-102,-78
-112,-78,34,95,-73,-21,-14,-117,-151,-112,-97,-73
-117,-78,39,97,-78,-19,-9,-117,-151,-112,-97,-73
-117,-78,39,97,-78,-19,-19,-117,-141,-112,-97,-73
-112,-78,34,95,-73,-21,-19,-112,-141,-112,-97,-73
-102,-78,24,90,-63,-26,-19,-112,-141,-112,-97,-73
-97,-78,19,87,-58,-29,-19,-112,-141,-112,-97,-73
-107,-68,39,87,-73,-14,-19,-117,-151,-126,-107,-78
-112,-68,43,90,-78,-12,-19,-117,-151,-126,-107,-78
-112,-73,39,92,-75,-17,-19,-117,-151,-122,-107,-78
-112,-73,39,92,-75,-17,-14,-117,-151,-122,-107,-78
-112,-78,34,95,-73,-21,-14,-112,-146,-112,-102,-68
-112,-82,29,97,-70,-26,-14,-112,-141,-112,-97,-68
-112,-82,29,97,-70,-26,-14,-112,-136,-112,-92,-63
-112,-87,24,100,-68,-31,-14,-112,-126,-112,-87,-63
-107,-82,24,95,-65,-29,-4,-102,-136,-112,-97,-73
-107,-78,29,92,-68,-24,-4,-102,-136,-112,-97,-78
-107,-73,34,90,-70,-19,-4,-102,-136,-112,-97,-78
-107,-68,39,87,-73,-14,-4,-102,-136,-112,-97,-73
-107,-78,29,92,-68,-24,-14,-102,-126,-112,-102,-73
-107,-78,29,92,-68,-24,-14,-102,-126,-112,-102,-73
-107,-78,29,92,-68,-24,-14,-102,-126,-112,-97,-73
-107,-82,24,95,-65,-29,-14,-102,-126,-112,-97,-73
-112,-73,39,92,-75,-17,-24,-102,-136,-112,-97,-73
-112,-68,43,90,-78,-12,-19,-102,-136,-107,-97,-73
-126,-68,58,97,-92,-4,0,-102,-136,-107,-97,-73
-136,-78,58,107,-97,-9,-4,-97,-131,-107,-87,-73
-131,-78,53,104,-92,-12,0,-92,-126,-92,-87,-73
-122,-73,48,97,-85,-12,9,-78,-117,-102,-82,-73
-112,-82,29,97,-70,-26,29,-68,-97,-97,-82,-68
-97,-73,24,85,-61,-24,34,-39,-82,-82,-73,-58
-107,-73,34,90,-70,-19,43,-24,-58,-63,-58,-53
-92,-53,39,73,-65,-7,63,9,-24,-34,-24,-34
-48,-34,14,41,-31,-9,107,73,24,14,14,-9
-14,-29,-14,21,0,-21,131,126,73,48,43,19
-4,-14,-9,9,2,-12,175,190,126,92,78,39
-4,-14,-9,9,2,-12,239,273,204,151,112,68
14,-29,-43,7,29,-36,292,341,268,195,146,82
53,-34,-87,-9,70,-61,336,405,331,239,185,112
102,0,-102,-51,102,-51,370,492,414,307,244,151
170,43,-126,-107,148,-41,395,561,488,385,312,209
258,92,-165,-175,212,-36,395,605,551,458,400,283
366,175,-190,-270,278,-7,380,649,619,551,492,366
424,248,-175,-336,300,36,341,658,668,639,580,448
444,302,-141,-373,292,80,278,605,649,668,624,492
463,351,-112,-407,287,119,165,473,566,644,614,507
458,351,-107,-405,283,122,29,297,434,566,561,473
458,317,-141,-387,300,87,-136,97,253,453,483,409
448,273,-175,-361,312,48,-312,-102,39,302,370,341
395,224,-170,-309,283,26,-463,-312,-180,151,248,263
292,156,-136,-224,214,9,-590,-507,-385,-19,117,170
165,58,-107,-112,136,-24,-692,-702,-600,-204,-39,53
48,-53,-102,2,75,-78,-732,-863,-800,-419,-234,-97
-58,-117,-58,87,0,-87,-732,-966,-941,-575,-390,-224
-146,-156,-9,151,-68,-82,-727,-1029,-1015,-668,-478,-292
-224,-165,58,195,-141,-53,-722,-1039,-1015,-688,-512,-322
-248,-146,102,197,-175,-21,-697,-1000,-971,-668,-502,-322
-244,-117,126,180,-185,4,-619,-893,-863,-585,-444,-283
-234,-73,161,153,-197,43,-502,-746,-707,-478,-356,-224
-224,-58,165,141,-195,53,-405,-610,-585,-390,-292,-170
-209,-53,156,131,-183,51,-341,-497,-492,-322,-234,-146
-195,-43,151,119,-173,53,-263,-414,-405,-258,-195,-117
-161,-29,131,95,-146,51,-185,-312,-326,-200,-156,-97
-107,-9,97,58,-102,43,-131,-224,-244,-156,-122,-78
-58,9,68,24,-63,39,-107,-170,-185,-122,-87,-58
-14,9,24,2,-19,17,-87,-122,-141,-87,-63,-39
-29,9,39,9,-34,24,-48,-82,-112,-63,-39,-19
-39,0,39,19,-39,19,-24,-68,-92,-48,-29,-14
-39,0,39,19,-39,19,-19,-58,-92,-48,-24,-14
-53,-9,43,31,-48,17,0,-43,-73,-43,-19,-9
-78,-4,73,41,-75,34,29,-29,-58,-34,-14,-9
-78,-19,58,48,-68,19,39,-19,-53,-19,-14,-9
-73,-14,58,43,-65,21,39,-9,-39,-24,-19,-9
-63,-14,48,39,-56,17,39,-9,-39,-24,-19,-9
-58,-14,43,36,-51,14,39,-9,-39,-29,-24,-9
-53,-9,43,31,-48,17,43,-4,-39,-29,-24,-9
-63,-14,48,39,-56,17,39,-14,-48,-24,-14,-9
-58,-19,39,39,-48,9,48,-9,-39,-24,-14,-9
-58,-19,39,39,-48,9,53,0,-34,-14,-14,-9
-63,-9,53,36,-58,21,58,9,-24,-14,-9,-4
-73,-19,53,46,-63,17,68,19,-24,-9,-9,-4
-68,-19,48,43,-58,14,68,19,-24,-9,-9,-4
-68,-24,43,46,-56,9,68,19,-19,-9,-14,-4
-68,-24,43,46,-56,9,68,19,-19,-9,-14,-4
-58,-19,39,39,-48,9,58,9,-19,-9,-4,-4
-53,-14,39,34,-46,12,63,19,-19,-9,-4,-4
-53,-9,43,31,-48,17,73,24,-9,-4,-4,-4
-53,0,53,26,-53,26,73,24,-9,0,4,0
-53,-9,43,31,-48,17,73,24,-9,0,4,4
-53,-9,43,31,-48,17,73,34,-9,0,4,4
-53,-9,43,31,-48,17,63,24,-19,0,4,4
-53,-9,43,31,-48,17,63,24,-19,0,4,4
-34,-9,24,21,-29,7,63,43,-4,0,9,4
-34,-9,24,21,-29,7,73,43,0,4,9,4
-34,-9,24,21,-29,7,73,43,0,9,14,4
-34,-4,29,19,-31,12,73,53,0,9,14,4
-43,-4,39,24,-41,17,68,53,4,14,19,14
-39,-4,34,21,-36,14,68,53,4,14,19,14
-39,-4,34,21,-36,14,63,53,9,14,19,14
-34,0,34,17,-34,17,63,53,9,19,24,19
-29,9,39,9,-34,24,63,48,4,19,24,19
-24,9,34,7,-29,21,63,48,4,19,24,19
-24,9,34,7,-29,21,63,48,14,24,24,19
-24,14,39,4,-31,26,63,53,14,24,29,19
-14,14,29,0,-21,21,63,63,24,34,34,19
-14,14,29,0,-21,21,63,63,29,34,34,19
-14,14,29,0,-21,21,63,68,29,43,34,29
-14,14,29,0,-21,21,63,68,34,43,34,29
-9,4,14,2,-12,9,73,68,24,43,48,29
-9,4,14,2,-12,9,73,73,24,43,48,29
-4,9,14,-2,-9,12,73,78,29,48,53,29
-4,14,19,-4,-12,17,73,78,34,48,53,34
9,14,4,-12,2,9,63,78,34,43,48,34
9,14,4,-12,2,9,68,78,34,43,48,39
14,24,9,-19,2,17,68,82,34,48,43,39
24,24,0,-24,12,12,68,82,39,48,39,43
19,24,4,-21,7,14,68,87,39,58,53,34
24,29,4,-26,9,17,68,92,43,63,63,39
24,29,4,-26,9,17,68,92,43,68,63,43
29,29,0,-29,14,14,68,92,48,68,63,43
19,24,4,-21,7,14,63,87,43,63,63,43
24,24,0,-24,12,12,63,87,43,68,68,43
24,24,0,-24,12,12,63,92,43,68,68,48
24,24,0,-24,12,12,58,92,43,68,73,53
43,34,-9,-39,26,12,58,102,58,87,82,58
58,43,-14,-51,36,14,63,112,63,87,92,63
68,48,-19,-58,43,14,63,112,63,87,97,73
78,58,-19,-68,48,19,58,112,63,97,97,82
73,58,-14,-65,43,21,53,107,68,87,92,82
73,58,-14,-65,43,21,53,112,68,92,97,78
82,58,-24,-70,53,17,48,112,73,92,102,78
92,63,-29,-78,61,17,48,112,73,92,102,78
92,53,-39,-73,65,7,43,112,63,97,97,82
102,53,-48,-78,75,2,43,122,73,107,102,87
102,53,-48,-78,75,2,43,126,73,112,107,92
117,53,-63,-85,90,-4,39,126,78,117,112,92
131,73,-58,-102,95,7,34,136,78,131,126,107
151,82,-68,-117,109,7,34,136,82,136,131,112
156,92,-63,-124,109,14,29,141,82,136,136,117
161,97,-63,-129,112,17,29,141,82,136,141,122
156,92,-63,-124,109,14,14,131,87,136,146,112
170,92,-78,-131,124,7,9,136,87,141,151,117
180,87,-92,-134,136,-2,9,136,92,146,156,122
190,92,-97,-141,143,-2,4,136,92,146,161,126
180,92,-87,-136,134,2,-14,136,92,146,156,136
195,97,-97,-146,146,0,-19,136,92,146,161,141
204,102,-102,-153,153,0,-24,136,92,156,161,146
214,112,-102,-163,158,4,-24,141,92,161,165,146
234,122,-112,-178,173,4,-24,141,92,161,180,151
239,122,-117,-180,178,2,-24,141,92,161,180,151
253,122,-131,-187,192,-4,-29,141,92,170,185,161
258,131,-126,-195,192,2,-34,141,97,170,190,161
263,122,-141,-192,202,-9,-53,136,87,170,195,161
268,122,-146,-195,207,-12,-68,136,82,170,195,165
263,126,-136,-195,200,-4,-73,136,82,175,195,165
268,126,-141,-197,204,-7,-73,136,82,175,200,170
283,126,-156,-204,219,-14,-63,136,82,180,200,165
283,136,-146,-209,214,-4,-68,136,82,180,204,165
283,136,-146,-209,214,-4,-68,131,82,175,204,165
283,131,-151,-207,217,-9,-68,126,78,175,195,165
268,131,-136,-200,202,-2,-87,117,73,161,195,165
268,136,-131,-202,200,2,-87,112,68,161,195,161
263,136,-126,-200,195,4,-87,107,63,156,190,161
244,131,-112,-187,178,9,-87,97,58,146,185,156
244,131,-112,-187,178,9,-78,102,48,151,175,151
229,126,-102,-178,165,12,-68,97,48,146,170,141
214,122,-92,-168,153,14,-63,87,39,131,161,136
204,112,-92,-158,148,9,-58,82,34,122,151,126
200,122,-78,-161,139,21,-63,68,39,112,141,131
180,112,-68,-146,124,21,-63,58,34,102,131,122
165,102,-63,-134,114,19,-53,53,19,92,122,107
151,97,-53,-124,102,21,-48,48,9,87,112,102
131,82,-48,-107,90,17,-34,43,9,78,102,82
112,73,-39,-92,75,17,-29,34,0,68,92,73
97,73,-24,-85,61,24,-24,29,0,58,82,68
73,63,-9,-68,41,26,-14,29,-4,53,73,58
53,58,4,-56,24,31,-14,14,-14,34,63,58
48,48,0,-48,24,24,-9,9,-19,24,48,53
43,39,-4,-41,24,17,-4,4,-29,14,48,43
39,34,-4,-36,21,14,0,-4,-39,4,39,34
24,34,9,-29,7,21,9,-4,-43,9,29,29
19,24,4,-21,7,14,9,-4,-43,0,19,24
4,14,9,-9,-2,12,9,-4,-43,-9,14,19
-4,9,14,-2,-9,12,14,-9,-48,-9,4,4
-9,-4,4,7,-7,0,14,-9,-53,-14,-14,-4
-24,-9,14,17,-19,2,9,-14,-58,-19,-19,-9
-29,-14,14,21,-21,0,9,-19,-68,-34,-24,-9
-34,-14,19,24,-26,2,14,-19,-68,-34,-24,-14
-43,-19,24,31,-34,2,14,-34,-78,-48,-29,-19
-48,-24,24,36,-36,0,14,-39,-78,-48,-34,-24
-58,-29,29,43,-43,0,14,-39,-82,-53,-39,-24
-58,-34,24,46,-41,-4,14,-43,-87,-53,-39,-29
-48,-24,24,36,-36,0,14,-39,-78,-48,-39,-34
-48,-24,24,36,-36,0,14,-39,-82,-53,-48,-39
-48,-24,24,36,-36,0,14,-39,-82,-53,-48,-43
-53,-24,29,39,-41,2,14,-43,-87,-58,-53,-43
-58,-34,24,46,-41,-4,4,-48,-87,-68,-43,-39
-63,-34,29,48,-46,-2,4,-48,-87,-68,-43,-39
-73,-43,29,58,-51,-7,4,-53,-87,-73,-48,-39
-78,-48,29,63,-53,-9,4,-53,-87,-73,-48,-43
-68,-39,29,53,-48,-4,4,-63,-92,-63,-58,-43
-68,-39,29,53,-48,-4,4,-63,-92,-68,-58,-48
-73,-39,34,56,-53,-2,4,-63,-102,-73,-63,-58
-78,-43,34,61,-56,-4,-4,-68,-102,-73,-73,-58
-78,-34,43,56,-61,4,-4,-58,-102,-73,-63,-43
-68,-29,39,48,-53,4,-4,-58,-102,-73,-58,-43
-68,-29,39,48,-53,4,-4,-58,-102,-78,-53,-43
-73,-34,39,53,-56,2,0,-63,-102,-78,-53,-43
-73,-43,29,58,-51,-7,9,-63,-102,-73,-63,-43
-73,-43,29,58,-51,-7,9,-63,-102,-73,-68,-43
-68,-43,24,56,-46,-9,9,-63,-107,-73,-68,-43
-68,-39,29,53,-48,-4,9,-63,-107,-73,-68,-43
-78,-48,29,63,-53,-9,0,-53,-102,-78,-63,-43
-78,-48,29,63,-53,-9,0,-53,-102,-78,-63,-43
-78,-48,29,63,-53,-9,0,-53,-102,-78,-58,-43
-78,-48,29,63,-53,-9,0,-53,-102,-78,-58,-43
-87,-53,34,70,-61,-9,0,-63,-107,-78,-68,-58
-87,-53,34,70,-61,-9,0,-63,-107,-78,-68,-58
-87,-53,34,70,-61,-9,0,-63,-102,-78,-68,-58
-87,-48,39,68,-63,-4,0,-58,-102,-73,-68,-53
-82,-34,48,58,-65,7,0,-48,-97,-63,-68,-53
-78,-34,43,56,-61,4,0,-48,-97,-63,-63,-53
-73,-39,34,56,-53,-2,0,-48,-97,-63,-63,-53
-68,-39,29,53,-48,-4,0,-48,-97,-63,-63,-53
-63,-29,34,46,-48,2,9,-39,-87,-53,-53,-43
-58,-29,29,43,-43,0,9,-39,-87,-53,-53,-43
-53,-29,24,41,-39,-2,9,-39,-87,-53,-53,-43
-48,-29,19,39,-34,-4,9,-39,-87,-53,-53,-39
-53,-39,14,46,-34,-12,9,-43,-87,-63,-53,-39
-63,-39,24,51,-43,-7,9,-43,-87,-63,-53,-39
-68,-39,29,53,-48,-4,9,-43,-87,-63,-53,-39
-73,-39,34,56,-53,-2,9,-43,-87,-63,-53,-39
-68,-39,29,53,-48,-4,9,-43,-87,-63,-53,-48
-68,-39,29,53,-48,-4,9,-48,-87,-63,-53,-48
-68,-39,29,53,-48,-4,9,-48,-87,-63,-53,-48
-68,-39,29,53,-48,-4,9,-43,-87,-63,-53,-48
-68,-39,29,53,-48,-4,9,-43,-82,-63,-53,-39
-68,-39,29,53,-48,-4,9,-39,-82,-63,-48,-39
-68,-34,34,51,-51,0,9,-39,-82,-53,-48,-34
-68,-34,34,51,-51,0,9,-39,-82,-43,-48,-34
-68,-43,24,56,-46,-9,9,-43,-82,-48,-53,-39
-68,-43,24,56,-46,-9,9,-43,-82,-53,-53,-43
-68,-43,24,56,-46,-9,9,-43,-82,-58,-53,-48
-68,-43,24,56,-46,-9,9,-43,-82,-63,-53,-53
-68,-43,24,56,-46,-9,9,-39,-82,-63,-53,-43
-68,-43,24,56,-46,-9,9,-39,-82,-63,-48,-43
-68,-43,24,56,-46,-9,9,-43,-82,-68,-48,-43
-68,-43,24,56,-46,-9,9,-43,-82,-68,-53,-43
-78,-34,43,56,-61,4,9,-43,-82,-58,-53,-43
-82,-34,48,58,-65,7,9,-43,-82,-58,-53,-43
-82,-34,48,58,-65,7,9,-43,-82,-58,-53,-43
-82,-34,48,58,-65,7,9,-43,-82,-58,-53,-43
-78,-43,34,61,-56,-4,9,-43,-82,-58,-43,-34
-78,-43,34,61,-56,-4,9,-39,-82,-58,-43,-34
-78,-43,34,61,-56,-4,9,-39,-82,-58,-43,-34
-78,-43,34,61,-56,-4,9,-39,-82,-58,-43,-34
-68,-34,34,51,-51,0,9,-48,-82,-68,-53,-43
-68,-34,34,51,-51,0,9,-48,-82,-68,-53,-43
-68,-34,34,51,-51,0,9,-48,-82,-68,-58,-43
-68,-43,24,56,-46,-9,9,-48,-82,-68,-58,-43
-68,-34,34,51,-51,0,9,-48,-82,-63,-53,-34
-68,-34,34,51,-51,0,4,-53,-82,-63,-53,-34
-68,-34,34,51,-51,0,4,-53,-82,-63,-53,-34
-73,-34,39,53,-56,2,4,-53,-82,-63,-53,-34
-73,-34,39,53,-56,2,-4,-53,-97,-63,-53,-43
-68,-34,34,51,-51,0,0,-53,-102,-63,-53,-43
-68,-34,34,51,-51,0,0,-53,-102,-68,-58,-43
-68,-39,29,53,-48,-4,0,-53,-102,-68,-58,-43
-58,-39,19,48,-39,-9,0,-53,-92,-68,-58,-43
-58,-39,19,48,-39,-9,0,-53,-92,-68,-58,-43
-63,-39,24,51,-43,-7,0,-53,-92,-68,-58,-43
-63,-39,24,51,-43,-7,4,-53,-92,-68,-58,-43
-53,-34,19,43,-36,-7,4,-43,-92,-68,-58,-34
-53,-29,24,41,-39,-2,4,-48,-92,-68,-58,-39
-53,-24,29,39,-41,2,0,-53,-92,-68,-63,-39
-53,-19,34,36,-43,7,0,-53,-97,-73,-63,-39
-63,-34,29,48,-46,-2,0,-53,-97,-82,-63,-48
-63,-39,24,51,-43,-7,0,-53,-97,-82,-63,-48
-63,-43,19,53,-41,-12,0,-63,-102,-82,-63,-48
-63,-48,14,56,-39,-17,0,-63,-102,-82,-63,-48
-63,-39,24,51,-43,-7,-9,-63,-102,-82,-63,-48
-63,-39,24,51,-43,-7,-9,-63,-102,-82,-63,-48
-63,-39,24,51,-43,-7,-9,-63,-102,-82,-63,-48
-63,-39,24,51,-43,-7,-9,-63,-102,-82,-63,-53
-73,-29,43,51,-58,7,-9,-73,-102,-82,-73,-53
-78,-29,48,53,-63,9,-14,-73,-102,-82,-73,-53
-78,-34,43,56,-61,4,-19,-73,-107,-87,-73,-53
-78,-34,43,56,-61,4,-19,-73,-107,-87,-73,-53
-73,-43,29,58,-51,-7,-19,-73,-107,-78,-63,-53
-73,-39,34,56,-53,-2,-19,-73,-107,-78,-63,-53
-73,-39,34,56,-53,-2,-19,-73,-107,-78,-68,-58
-78,-53,24,65,-51,-14,-14,-73,-107,-78,-68,-58
-68,-53,14,61,-41,-19,-14,-73,-112,-73,-68,-53
-68,-53,14,61,-41,-19,-14,-73,-112,-73,-68,-53
-68,-53,14,61,-41,-19,-19,-78,-117,-78,-68,-53
-68,-53,14,61,-41,-19,-19,-78,-117,-78,-73,-53
-78,-43,34,61,-56,-4,-9,-73,-107,-68,-63,-43
-82,-48,34,65,-58,-7,-14,-73,-112,-68,-63,-43
-82,-53,29,68,-56,-12,-14,-73,-112,-73,-63,-48
-82,-53,29,68,-56,-12,-9,-73,-112,-73,-63,-48
-68,-39,29,53,-48,-4,-19,-73,-112,-82,-73,-58
-68,-39,29,53,-48,-4,-19,-73,-112,-82,-73,-58
-68,-39,29,53,-48,-4,-24,-73,-112,-82,-73,-58
-68,-39,29,53,-48,-4,-24,-73,-112,-82,-73,-58
-73,-43,29,58,-51,-7,-24,-78,-112,-82,-73,-48
-78,-48,29,63,-53,-9,-24,-78,-112,-78,-73,-43
-82,-53,29,68,-56,-12,-24,-82,-112,-78,-73,-43
-87,-58,29,73,-58,-14,-24,-82,-112,-78,-73,-43
-97,-48,48,73,-73,0,-14,-73,-102,-82,-63,-48
-97,-48,48,73,-73,0,-14,-73,-102,-82,-63,-48
-97,-48,48,73,-73,0,-19,-73,-102,-82,-63,-48
-97,-48,48,73,-73,0,-19,-73,-102,-82,-63,-43
-87,-39,48,63,-68,4,-14,-73,-107,-78,-63,-43
-82,-39,43,61,-63,2,-14,-73,-107,-78,-63,-43
-82,-39,43,61,-63,2,-14,-73,-107,-78,-68,-43
-82,-39,43,61,-63,2,-14,-73,-107,-78,-68,-43
-97,-48,48,73,-73,0,-24,-68,-112,-78,-68,-48
-97,-48,48,73,-73,0,-24,-68,-112,-78,-68,-48
-97,-48,48,73,-73,0,-24,-68,-112,-78,-63,-48
-102,-48,53,75,-78,2,-24,-68,-112,-78,-63,-48
-92,-43,48,68,-70,2,-14,-68,-102,-68,-58,-39
-87,-39,48,63,-68,4,-9,-68,-102,-68,-58,-39
-87,-39,48,63,-68,4,-9,-68,-102,-68,-58,-39
-87,-39,48,63,-68,4,-9,-68,-102,-68,-58,-39
-63,-24,39,43,-51,7,-9,-68,-97,-68,-58,-39
-63,-14,48,39,-56,17,0,-63,-107,-63,-58,-39
-78,-19,58,48,-68,19,-9,-58,-97,-68,-58,-39
-68,-9,58,39,-63,24,0,-58,-87,-58,-48,-29
-68,-9,58,39,-63,24,0,-58,-87,-58,-48,-29
-68,-9,58,39,-63,24,0,-58,-87,-58,-48,-29
-68,-9,58,39,-63,24,0,-58,-87,-58,-48,-29
-48,0,48,24,-48,24,-4,-53,-87,-53,-43,-24
-48,9,58,19,-53,34,-4,-48,-87,-53,-43,-19
-48,14,63,17,-56,39,0,-48,-82,-53,-43,-19
-48,19,68,14,-58,43,0,-43,-82,-53,-39,-19
-48,9,58,19,-53,34,0,-43,-73,-53,-39,-9
-48,4,53,21,-51,29,0,-43,-73,-53,-43,-14
-48,4,53,21,-51,29,4,-43,-73,-53,-43,-14
-48,4,53,21,-51,29,9,-39,-63,-48,-43,-9
-43,9,53,17,-48,31,9,-29,-63,-43,-39,-9
-34,24,58,4,-46,41,4,-29,-63,-39,-34,-4
-29,39,68,-4,-48,53,0,-34,-63,-39,-29,-4
-29,39,68,-4,-48,53,-4,-39,-63,-39,-29,-9
-14,39,53,-12,-34,46,-9,-43,-68,-29,-19,0
-9,39,48,-14,-29,43,-19,-43,-68,-29,-19,0
0,39,39,-19,-19,39,-24,-48,-68,-34,-24,0
0,39,39,-19,-19,39,-39,-53,-82,-43,-29,-4
4,43,39,-24,-17,41,-43,-63,-92,-58,-34,-14
9,43,34,-26,-12,39,-48,-68,-92,-58,-34,-14
9,43,34,-26,-12,39,-48,-68,-97,-58,-34,-14
9,39,29,-24,-9,34,-48,-68,-102,-63,-39,-19
4,29,24,-17,-9,26,-53,-68,-102,-63,-39,-9
4,29,24,-17,-9,26,-53,-68,-107,-63,-43,-9
0,24,24,-12,-12,24,-58,-78,-107,-68,-43,-9
-4,24,29,-9,-17,26,-63,-78,-107,-68,-43,-14
-9,9,19,0,-14,14,-73,-78,-117,-73,-53,-29
-9,4,14,2,-12,9,-68,-73,-117,-73,-53,-29
-4,0,4,2,-4,2,-68,-68,-117,-73,-53,-34
-4,-9,-4,7,0,-7,-68,-68,-117,-78,-58,-34
-4,-19,-14,12,4,-17,-53,-68,-107,-68,-53,-24
-4,-19,-14,12,4,-17,-53,-73,-107,-68,-53,-29
-9,-24,-14,17,2,-19,-53,-73,-107,-68,-53,-29
-34,-39,-4,36,-14,-21,-53,-73,-107,-73,-58,-29
-34,-34,0,34,-17,-17,-53,-63,-107,-73,-58,-34
-43,-39,4,41,-24,-17,-53,-63,-112,-78,-63,-43
-58,-43,14,51,-36,-14,-53,-68,-117,-82,-68,-48
-68,-39,29,53,-48,-4,-53,-73,-117,-87,-73,-48
-87,-53,34,70,-61,-9,-43,-82,-122,-92,-78,-63
-97,-58,39,78,-68,-9,-43,-82,-122,-97,-82,-68
-97,-63,34,80,-65,-14,-43,-82,-122,-97,-82,-68
-92,-63,29,78,-61,-17,-43,-82,-122,-97,-87,-68
-82,-73,9,78,-46,-31,-53,-97,-141,-102,-87,-68
-87,-82,4,85,-46,-39,-53,-102,-141,-102,-87,-73
-92,-82,9,87,-51,-36,-53,-102,-146,-107,-87,-73
-92,-82,9,87,-51,-36,-53,-102,-146,-107,-92,-82
-92,-82,9,87,-51,-36,-53,-102,-146,-107,-92,-82
-92,-78,14,85,-53,-31,-53,-97,-141,-107,-92,-78
-92,-73,19,82,-56,-26,-53,-97,-141,-102,-87,-73
-97,-68,29,82,-63,-19,-48,-97,-141,-102,-87,-73
-92,-58,34,75,-63,-12,-48,-97,-131,-102,-87,-63
-92,-58,34,75,-63,-12,-48,-92,-131,-102,-87,-63
-87,-58,29,73,-58,-14,-48,-92,-131,-102,-87,-63
-87,-58,29,73,-58,-14,-48,-92,-131,-102,-87,-63
-92,-63,29,78,-61,-17,-48,-87,-131,-107,-87,-78
-102,-68,34,85,-68,-17,-48,-87,-131,-107,-87,-78
-107,-78,29,92,-68,-24,-48,-87,-131,-102,-87,-78
-112,-82,29,97,-70,-26,-43,-87,-131,-102,-87,-78
-112,-82,29,97,-70,-26,-53,-92,-136,-112,-97,-68
-112,-82,29,97,-70,-26,-53,-92,-141,-112,-97,-68
-112,-78,34,95,-73,-21,-53,-92,-146,-112,-97,-63
-112,-78,34,95,-73,-21,-53,-92,-146,-112,-97,-63
-97,-68,29,82,-63,-19,-43,-92,-136,-102,-87,-63
-97,-68,29,82,-63,-19,-43,-92,-136,-102,-87,-68
-97,-68,29,82,-63,-19,-43,-92,-136,-102,-87,-68
-97,-68,29,82,-63,-19,-43,-92,-136,-102,-87,-63
-97,-78,19,87,-58,-29,-53,-102,-136,-112,-102,-73
-97,-78,19,87,-58,-29,-53,-102,-136,-112,-102,-73
-97,-78,19,87,-58,-29,-53,-102,-136,-112,-97,-73
-97,-82,14,90,-56,-34,-53,-102,-136,-112,-97,-73
-102,-92,9,97,-56,-41,-43,-92,-136,-102,-87,-63
-92,-78,14,85,-53,-31,-39,-92,-126,-97,-87,-73
-97,-78,19,87,-58,-29,-48,-92,-126,-97,-87,-73
-87,-68,19,78,-53,-24,-53,-87,-122,-97,-87,-63
-73,-48,24,61,-48,-12,-39,-73,-117,-82,-78,-63
-63,-24,39,43,-51,7,-19,-58,-97,-73,-73,-53
-73,-34,39,53,-56,2,-9,-39,-87,-68,-73,-58
-78,-53,24,65,-51,-14,-4,-29,-82,-63,-63,-58
-78,-43,34,61,-56,-4,14,-4,-58,-43,-39,-43
-92,-63,29,78,-61,-17,43,39,-24,-14,-24,-24
-87,-73,14,80,-51,-29,58,73,14,14,-4,-9
-43,-58,-14,51,-14,-36,73,126,73,48,34,9
-24,-43,-19,34,-2,-31,126,209,146,102,78,39
-4,-34,-29,19,12,-31,200,302,234,170,131,78
34,-19,-53,-7,43,-36,263,390,317,244,175,112
73,-4,-78,-34,75,-41,307,473,380,287,224,141
112,39,-73,-75,92,-17,341,541,453,356,292,200
180,102,-78,-141,129,12,375,600,527,434,370,258
278,151,-126,-214,202,12,356,634,580,497,439,322
375,204,-170,-290,273,17,302,639,619,570,512,385
434,268,-165,-351,300,51,253,610,619,629,580,448
463,312,-151,-387,307,80,161,527,580,639,605,492
473,331,-141,-402,307,95,19,375,478,605,595,497
478,331,-146,-405,312,92,-146,190,326,527,551,473
497,317,-180,-407,339,68,-322,-9,126,405,463,419
497,283,-214,-390,356,34,-497,-209,-97,244,351,341
434,224,-209,-329,322,7,-649,-429,-307,73,209,244
331,156,-175,-244,253,-9,-775,-634,-522,-107,58,131
214,58,-156,-136,185,-48,-849,-800,-717,-283,-97,14
87,-63,-151,-12,119,-107,-868,-922,-878,-468,-273,-117
-39,-156,-117,97,39,-136,-849,-995,-990,-605,-400,-234
-117,-185,-68,151,-24,-126,-844,-1019,-1024,-658,-468,-283
-146,-175,-29,161,-58,-102,-839,-1010,-1015,-668,-473,-292
-161,-126,34,143,-97,-46,-785,-941,-941,-629,-453,-273
-165,-68,97,117,-131,14,-678,-834,-824,-546,-395,-234
-175,-24,151,100,-163,63,-570,-707,-697,-458,-336,-195
-175,-9,165,92,-170,78,-483,-590,-585,-380,-273,-161
-151,-4,146,78,-148,70,-400,-478,-483,-302,-224,-126
-146,-4,141,75,-143,68,-312,-366,-375,-239,-175,-97
-141,-9,131,75,-136,61,-234,-253,-278,-170,-126,-68
-107,-19,87,63,-97,34,-190,-175,-204,-126,-82,-48
-78,-19,58,48,-68,19,-165,-122,-165,-102,-58,-39
-63,-19,43,41,-53,12,-126,-92,-131,-68,-43,-29
-48,0,48,24,-48,24,-97,-63,-112,-53,-39,-19
-29,0,29,14,-29,14,-92,-48,-92,-48,-29,-4
-19,0,19,9,-19,9,-68,-29,-82,-29,-14,-4
-24,0,24,12,-24,12,-39,-4,-63,-24,-9,0
-39,4,43,17,-41,24,-29,0,-48,-14,-4,9
-48,9,58,19,-53,34,-29,9,-34,-9,4,9
-58,9,68,24,-63,39,-29,9,-39,-4,0,0
-53,4,58,24,-56,31,-29,9,-39,-4,0,0
-53,0,53,26,-53,26,-29,9,-39,-9,-4,0
-53,0,53,26,-53,26,-24,14,-39,-9,-4,0
-53,-14,39,34,-46,12,-19,24,-39,-14,-4,0
-48,-19,29,34,-39,4,-9,29,-29,-14,-4,0
-48,-19,29,34,-39,4,-4,39,-24,-4,-4,0
-53,-9,43,31,-48,17,0,48,-14,-4,0,4
-43,-4,39,24,-41,17,-9,39,-14,0,9,4
-39,0,39,19,-39,19,-9,39,-14,0,9,4
-39,0,39,19,-39,19,-9,39,-9,0,4,4
-39,4,43,17,-41,24,-9,39,-9,0,4,4
-53,-4,48,29,-51,21,-9,39,-9,0,4,4
-53,-14,39,34,-46,12,-4,48,-9,0,4,4
-58,-24,34,41,-46,4,4,53,0,4,4,4
-63,-29,34,46,-48,2,4,53,0,9,14,9
-58,-19,39,39,-48,9,4,53,9,19,24,14
-53,-9,43,31,-48,17,4,63,9,19,24,14
-48,0,48,24,-48,24,-4,53,0,19,24,14
-43,9,53,17,-48,31,-4,53,0,19,24,14
-34,-4,29,19,-31,12,-4,73,4,19,19,14
-34,-9,24,21,-29,7,4,73,9,24,19,14
-34,-14,19,24,-26,2,4,73,9,29,24,14
-34,-14,19,24,-26,2,4,82,9,29,24,14
-34,-4,29,19,-31,12,9,82,14,24,29,24
-29,-4,24,17,-26,9,9,82,14,24,29,24
-29,-4,24,17,-26,9,4,82,19,24,29,24
-24,0,24,12,-24,12,4,82,19,29,34,29
-9,4,14,2,-12,9,14,87,24,39,34,29
-4,9,14,-2,-9,12,14,87,24,39,34,29
-4,14,19,-4,-12,17,14,87,34,43,34,29
-4,24,29,-9,-17,26,14,92,34,43,39,29
4,14,9,-9,-2,12,14,92,24,43,43,29
4,14,9,-9,-2,12,14,92,29,43,43,29
4,14,9,-9,-2,12,14,97,29,53,43,39
4,14,9,-9,-2,12,14,97,34,53,43,39
9,24,14,-17,-2,19,14,97,43,53,48,39
9,24,14,-17,-2,19,14,102,43,53,48,39
14,29,14,-21,0,21,14,107,48,58,53,39
14,34,19,-24,-2,26,14,107,53,58,53,43
14,29,14,-21,0,21,4,107,43,63,53,43
9,24,14,-17,-2,19,9,107,43,63,58,48
9,29,19,-19,-4,24,9,112,43,68,58,48
14,24,9,-19,2,17,9,112,48,68,58,53
29,24,-4,-26,17,9,9,117,58,68,63,53
34,29,-4,-31,19,12,9,122,63,73,73,58
34,29,-4,-31,19,12,9,122,63,78,73,63
39,29,-9,-34,24,9,9,122,68,78,73,63
39,34,-4,-36,21,14,4,117,63,73,73,53
43,34,-9,-39,26,12,4,117,63,78,78,53
43,34,-9,-39,26,12,4,122,63,78,78,58
43,34,-9,-39,26,12,0,122,63,78,82,63
48,48,0,-48,24,24,9,126,78,97,82,68
58,53,-4,-56,31,24,14,141,82,97,92,73
63,53,-9,-58,36,21,14,146,82,97,97,82
68,58,-9,-63,39,24,9,151,82,107,97,92
63,58,-4,-61,34,26,-4,146,87,107,102,87
63,58,-4,-61,34,26,-4,151,87,112,107,87
73,58,-14,-65,43,21,-9,151,92,112,112,92
82,63,-19,-73,51,21,-9,151,92,112,112,97
92,58,-34,-75,63,12,-4,151,92,126,126,102
102,63,-39,-82,70,12,-4,161,102,136,131,107
102,68,-34,-85,68,17,-4,165,102,141,136,112
117,73,-43,-95,80,14,-9,165,107,146,141,112
136,82,-53,-109,95,14,-24,175,117,151,146,126
151,92,-58,-122,104,17,-24,175,122,156,151,131
151,102,-48,-126,100,26,-29,180,122,156,156,136
151,107,-43,-129,97,31,-29,180,122,156,161,141
151,97,-53,-124,102,21,-34,180,117,156,156,131
161,102,-58,-131,109,21,-39,185,117,161,161,136
165,102,-63,-134,114,19,-39,185,122,165,165,141
170,112,-58,-141,114,26,-43,185,122,165,170,146
180,112,-68,-146,124,21,-53,185,131,165,175,146
195,117,-78,-156,136,19,-58,185,131,165,180,151
204,122,-82,-163,143,19,-63,185,131,175,180,156
214,131,-82,-173,148,24,-63,190,131,180,185,156
214,122,-92,-168,153,14,-82,190,122,180,200,161
219,122,-97,-170,158,12,-82,190,122,180,200,161
234,122,-112,-178,173,4,-87,190,122,190,204,170
239,131,-107,-185,173,12,-92,190,126,190,209,170
258,141,-117,-200,187,12,-102,175,117,190,204,170
268,141,-126,-204,197,7,-117,175,112,190,204,175
268,146,-122,-207,195,12,-122,175,112,195,204,175
278,146,-131,-212,204,7,-122,175,112,195,209,180
292,146,-146,-219,219,0,-131,175,112,190,209,185
292,156,-136,-224,214,9,-136,175,112,190,214,185
292,156,-136,-224,214,9,-136,170,112,185,214,185
292,151,-141,-222,217,4,-136,165,107,185,204,185
287,161,-126,-224,207,17,-136,156,102,180,204,185
287,165,-122,-226,204,21,-136,151,97,180,204,180
283,165,-117,-224,200,24,-136,146,92,175,200,180
263,161,-102,-212,183,29,-136,136,87,165,195,175
263,151,-112,-207,187,19,-141,131,78,161,175,161
248,146,-102,-197,175,21,-136,126,78,156,170,151
234,141,-92,-187,163,24,-136,117,68,141,161,146
224,131,-92,-178,158,19,-136,112,63,131,151,136
209,122,-87,-165,148,17,-131,107,48,122,141,131
190,112,-78,-151,134,17,-131,97,43,112,131,122
175,102,-73,-139,124,14,-122,92,29,102,122,107
161,97,-63,-129,112,17,-117,87,19,97,112,102
136,92,-43,-114,90,24,-112,73,19,78,112,92
122,82,-39,-102,80,21,-107,63,9,68,102,82
112,82,-29,-97,70,26,-102,58,9,58,92,78
92,73,-19,-82,56,26,-92,58,4,53,82,68
68,58,-9,-63,39,24,-102,53,4,43,63,58
58,48,-9,-53,34,19,-97,48,0,34,48,53
48,39,-9,-43,29,14,-92,43,-9,24,48,43
39,34,-4,-36,21,14,-87,34,-19,14,39,34
34,34,0,-34,17,17,-78,19,-24,19,29,39
29,24,-4,-26,17,9,-78,14,-24,9,19,34
14,14,0,-14,7,7,-78,9,-24,0,14,29
4,9,4,-7,0,7,-73,0,-29,0,4,14
-4,0,4,2,-4,2,-63,4,-34,-4,4,14
-24,-9,14,17,-19,2,-68,4,-39,-9,0,9
-34,-19,14,26,-24,-2,-68,4,-48,-24,-4,9
-43,-24,19,34,-31,-2,-63,9,-48,-24,-4,4
-48,-14,34,31,-41,9,-73,-4,-48,-19,0,0
-48,-14,34,31,-41,9,-73,-9,-48,-19,-4,-4
-53,-14,39,34,-46,12,-73,-9,-53,-24,-9,-4
-48,-14,34,31,-41,9,-73,-14,-58,-24,-9,-9
-48,-24,24,36,-36,0,-73,-19,-58,-39,-19,-14
-48,-24,24,36,-36,0,-73,-19,-63,-43,-29,-19
-48,-24,24,36,-36,0,-73,-19,-63,-43,-29,-24
-53,-24,29,39,-41,2,-73,-24,-68,-48,-34,-24
-58,-34,24,46,-41,-4,-63,-19,-68,-48,-34,-19
-63,-34,29,48,-46,-2,-63,-19,-68,-48,-34,-19
-73,-43,29,58,-51,-7,-63,-24,-68,-53,-39,-19
-78,-48,29,63,-53,-9,-63,-24,-68,-53,-39,-24
-73,-43,29,58,-51,-7,-68,-34,-82,-53,-39,-24
-68,-39,29,53,-48,-4,-73,-34,-82,-58,-39,-29
-68,-34,34,51,-51,0,-78,-34,-92,-63,-43,-39
-68,-34,34,51,-51,0,-92,-39,-92,-63,-53,-39
-68,-43,24,56,-46,-9,-82,-39,-92,-63,-53,-34
-58,-39,19,48,-39,-9,-82,-39,-92,-63,-48,-34
-58,-39,19,48,-39,-9,-82,-39,-92,-68,-43,-34
-63,-43,19,53,-41,-12,-78,-43,-92,-68,-43,-34
-63,-43,19,53,-41,-12,-87,-43,-92,-73,-43,-34
-63,-43,19,53,-41,-12,-87,-43,-92,-73,-48,-34
-58,-43,14,51,-36,-14,-87,-43,-97,-73,-48,-34
-58,-39,19,48,-39,-9,-87,-43,-97,-73,-48,-34
-68,-48,19,58,-43,-14,-87,-43,-92,-73,-53,-34
-68,-48,19,58,-43,-14,-87,-43,-92,-68,-53,-34
-68,-48,19,58,-43,-14,-87,-43,-92,-63,-48,-34
-68,-48,19,58,-43,-14,-87,-43,-92,-58,-48,-34
-58,-43,14,51,-36,-14,-87,-43,-97,-68,-58,-39
-58,-43,14,51,-36,-14,-87,-43,-97,-68,-58,-39
-58,-43,14,51,-36,-14,-87,-43,-92,-68,-58,-39
-58,-39,19,48,-39,-9,-87,-39,-92,-63,-58,-34
-68,-24,43,46,-56,9,-78,-39,-87,-53,-58,-34
-68,-24,43,46,-56,9,-78,-39,-87,-53,-53,-34
-68,-29,39,48,-53,4,-78,-39,-87,-53,-53,-34
-68,-29,39,48,-53,4,-78,-39,-87,-53,-53,-34
-58,-39,19,48,-39,-9,-87,-29,-78,-53,-43,-24
-58,-39,19,48,-39,-9,-87,-29,-78,-53,-43,-24
-58,-39,19,48,-39,-9,-87,-29,-78,-53,-43,-24
-58,-39,19,48,-39,-9,-87,-29,-78,-53,-43,-19
-58,-39,19,48,-39,-9,-78,-34,-78,-53,-53,-29
-63,-39,24,51,-43,-7,-78,-34,-78,-53,-53,-29
-63,-39,24,51,-43,-7,-78,-34,-78,-53,-53,-29
-63,-39,24,51,-43,-7,-78,-34,-78,-53,-53,-29
-48,-29,19,39,-34,-4,-87,-24,-87,-53,-53,-29
-48,-29,19,39,-34,-4,-87,-29,-87,-53,-53,-29
-48,-29,19,39,-34,-4,-87,-29,-87,-53,-53,-29
-48,-29,19,39,-34,-4,-87,-24,-87,-53,-53,-29
-58,-29,29,43,-43,0,-78,-34,-73,-58,-43,-29
-58,-29,29,43,-43,0,-78,-29,-73,-63,-39,-29
-58,-24,34,41,-46,4,-78,-29,-73,-58,-39,-24
-58,-24,34,41,-46,4,-78,-29,-73,-53,-39,-24
-48,-29,19,39,-34,-4,-87,-24,-82,-53,-43,-24
-48,-34,14,41,-31,-9,-87,-24,-82,-53,-43,-24
-48,-39,9,43,-29,-14,-87,-24,-82,-53,-43,-24
-48,-43,4,46,-26,-19,-87,-24,-82,-53,-43,-24
-58,-39,19,48,-39,-9,-78,-19,-73,-53,-43,-24
-58,-34,24,46,-41,-4,-78,-19,-73,-53,-39,-24
-58,-29,29,43,-43,0,-78,-24,-73,-58,-39,-24
-58,-24,34,41,-46,4,-78,-24,-73,-58,-43,-24
-48,-24,24,36,-36,0,-87,-24,-82,-58,-43,-34
-53,-24,29,39,-41,2,-87,-24,-82,-58,-43,-34
-53,-24,29,39,-41,2,-87,-24,-82,-58,-43,-34
-53,-24,29,39,-41,2,-87,-24,-82,-58,-43,-34
-53,-29,24,41,-39,-2,-87,-29,-82,-68,-53,-43
-58,-34,24,46,-41,-4,-87,-29,-82,-68,-53,-43
-63,-39,24,51,-43,-7,-87,-34,-82,-68,-53,-43
-68,-43,24,56,-46,-9,-87,-39,-82,-68,-53,-43
-68,-43,24,56,-46,-9,-87,-29,-82,-58,-43,-34
-68,-43,24,56,-46,-9,-87,-29,-82,-58,-43,-34
-68,-43,24,56,-46,-9,-87,-29,-82,-58,-48,-34
-68,-53,14,61,-41,-19,-87,-29,-82,-58,-48,-34
-63,-39,24,51,-43,-7,-78,-29,-82,-53,-34,-24
-58,-34,24,46,-41,-4,-82,-34,-82,-53,-34,-24
-53,-29,24,41,-39,-2,-82,-34,-82,-53,-34,-24
-53,-24,29,39,-41,2,-82,-34,-82,-53,-34,-24
-53,-19,34,36,-43,7,-87,-43,-87,-63,-43,-34
-48,-24,24,36,-36,0,-87,-43,-92,-63,-43,-34
-48,-29,19,39,-34,-4,-92,-43,-92,-68,-48,-34
-48,-39,9,43,-29,-14,-97,-43,-92,-68,-48,-34
-63,-39,24,51,-43,-7,-97,-34,-82,-58,-39,-34
-68,-39,29,53,-48,-4,-97,-34,-82,-58,-39,-34
-78,-39,39,58,-58,0,-97,-34,-82,-58,-39,-34
-82,-39,43,61,-63,2,-92,-34,-82,-58,-39,-34
-73,-48,24,61,-48,-12,-102,-34,-92,-68,-43,-34
-73,-48,24,61,-48,-12,-102,-39,-92,-68,-48,-39
-73,-48,24,61,-48,-12,-107,-43,-92,-68,-58,-39
-73,-48,24,61,-48,-12,-107,-43,-97,-73,-63,-39
-63,-48,14,56,-39,-17,-97,-43,-97,-73,-53,-39
-63,-48,14,56,-39,-17,-97,-43,-97,-73,-53,-39
-63,-48,14,56,-39,-17,-97,-53,-102,-73,-53,-39
-63,-48,14,56,-39,-17,-97,-53,-102,-73,-53,-39
-63,-43,19,53,-41,-12,-107,-43,-92,-73,-63,-39
-63,-39,24,51,-43,-7,-107,-43,-92,-73,-63,-39
-63,-34,29,48,-46,-2,-107,-43,-92,-73,-63,-39
-63,-29,34,46,-48,2,-107,-43,-92,-73,-63,-43
-53,-29,24,41,-39,-2,-97,-53,-102,-73,-53,-43
-58,-29,29,43,-43,0,-102,-53,-102,-73,-53,-43
-58,-34,24,46,-41,-4,-107,-53,-107,-78,-53,-43
-58,-34,24,46,-41,-4,-107,-53,-107,-78,-53,-43
-63,-34,29,48,-46,-2,-112,-53,-107,-87,-63,-43
-63,-29,34,46,-48,2,-117,-53,-107,-87,-63,-43
-63,-29,34,46,-48,2,-122,-53,-107,-87,-68,-48
-68,-43,24,56,-46,-9,-122,-53,-107,-87,-68,-48
-68,-39,29,53,-48,-4,-112,-53,-102,-82,-58,-53
-68,-43,24,56,-46,-9,-112,-53,-102,-82,-58,-53
-68,-48,19,58,-43,-14,-117,-58,-107,-87,-58,-53
-68,-53,14,61,-41,-19,-117,-58,-107,-87,-63,-53
-68,-48,19,58,-43,-14,-107,-53,-107,-78,-63,-43
-73,-48,24,61,-48,-12,-112,-53,-112,-78,-63,-43
-73,-48,24,61,-48,-12,-112,-53,-112,-82,-63,-48
-73,-43,29,58,-51,-7,-107,-53,-112,-82,-63,-48
-68,-48,19,58,-43,-14,-107,-63,-112,-82,-63,-48
-68,-48,19,58,-43,-14,-107,-63,-112,-82,-63,-48
-68,-48,19,58,-43,-14,-112,-63,-112,-82,-63,-48
-68,-48,19,58,-43,-14,-112,-63,-112,-82,-63,-48
-68,-48,19,58,-43,-14,-112,-58,-112,-92,-73,-58
-68,-48,19,58,-43,-14,-112,-58,-112,-87,-73,-53
-68,-48,19,58,-43,-14,-112,-63,-112,-87,-73,-53
-68,-48,19,58,-43,-14,-112,-63,-112,-87,-73,-53
-68,-39,29,53,-48,-4,-112,-63,-112,-82,-63,-48
-68,-39,29,53,-48,-4,-112,-63,-112,-82,-63,-48
-68,-39,29,53,-48,-4,-117,-63,-112,-82,-63,-48
-68,-39,29,53,-48,-4,-117,-63,-112,-82,-63,-43
-68,-43,24,56,-46,-9,-112,-63,-117,-87,-63,-53
-63,-48,14,56,-39,-17,-112,-63,-117,-87,-63,-53
-63,-53,9,58,-36,-21,-112,-63,-117,-87,-68,-53
-63,-58,4,61,-34,-26,-112,-63,-117,-87,-68,-53
-68,-48,19,58,-43,-14,-112,-68,-112,-87,-68,-48
-68,-48,19,58,-43,-14,-112,-68,-112,-87,-68,-48
-68,-48,19,58,-43,-14,-112,-68,-112,-87,-63,-48
-73,-48,24,61,-48,-12,-112,-68,-112,-87,-63,-48
-73,-43,29,58,-51,-7,-112,-58,-112,-78,-68,-48
-68,-39,29,53,-48,-4,-107,-58,-112,-78,-68,-48
-68,-39,29,53,-48,-4,-107,-58,-112,-78,-68,-48
-68,-39,29,53,-48,-4,-107,-58,-112,-78,-68,-48
-73,-34,39,53,-56,2,-117,-68,-107,-87,-68,-48
-73,-34,39,53,-56,2,-107,-63,-107,-82,-68,-39
-68,-29,39,48,-53,4,-102,-63,-107,-82,-68,-39
-68,-29,39,48,-53,4,-102,-63,-102,-82,-63,-39
-68,-24,43,46,-56,9,-92,-53,-92,-73,-53,-34
-63,-24,39,43,-51,7,-102,-43,-92,-63,-53,-34
-63,-24,39,43,-51,7,-102,-48,-97,-63,-53,-34
-53,-4,48,29,-51,21,-92,-39,-82,-58,-48,-19
-48,9,58,19,-53,34,-78,-39,-78,-58,-39,-19
-48,9,58,19,-53,34,-87,-39,-78,-58,-48,-29
-48,9,58,19,-53,34,-87,-39,-78,-58,-48,-29
-48,9,58,19,-53,34,-87,-39,-78,-58,-48,-29
-48,9,58,19,-53,34,-87,-39,-78,-58,-48,-29
-48,9,58,19,-53,34,-87,-43,-87,-63,-43,-24
-48,9,58,19,-53,34,-92,-39,-87,-63,-43,-19
-48,4,53,21,-51,29,-92,-39,-82,-63,-43,-19
-48,0,48,24,-48,24,-97,-34,-82,-63,-39,-19
-48,0,48,24,-48,24,-92,-34,-73,-53,-29,-19
-48,-4,43,26,-46,19,-87,-34,-73,-53,-34,-24
-48,-4,43,26,-46,19,-78,-34,-73,-53,-34,-24
-48,-4,43,26,-46,19,-68,-29,-63,-48,-34,-19
-39,19,58,9,-48,39,-78,-19,-63,-43,-19,-14
-24,34,58,-4,-41,46,-82,-19,-63,-39,-14,-4
-14,48,63,-17,-39,56,-87,-24,-63,-39,-9,0
-9,48,58,-19,-34,53,-92,-29,-63,-39,-9,0
-14,48,63,-17,-39,56,-87,-34,-68,-39,-19,0
-9,48,58,-19,-34,53,-97,-34,-68,-39,-19,0
0,48,48,-24,-24,48,-102,-39,-68,-43,-24,0
0,48,48,-24,-24,48,-117,-43,-82,-53,-29,-4
9,43,34,-26,-12,39,-131,-53,-92,-68,-34,-14
19,43,24,-31,-2,34,-136,-58,-92,-68,-34,-14
24,43,19,-34,2,31,-136,-58,-97,-68,-34,-14
29,39,9,-34,9,24,-136,-58,-102,-73,-39,-19
19,29,9,-24,4,19,-141,-58,-102,-63,-39,-19
14,29,14,-21,0,21,-141,-58,-107,-63,-43,-19
4,24,19,-14,-7,21,-146,-68,-107,-68,-43,-19
-4,24,29,-9,-17,26,-151,-68,-107,-68,-43,-24
-9,19,29,-4,-19,24,-141,-68,-107,-63,-34,-24
-9,14,24,-2,-17,19,-136,-63,-107,-63,-34,-19
-4,9,14,-2,-9,12,-136,-58,-107,-63,-34,-19
-4,0,4,2,-4,2,-136,-58,-107,-68,-39,-14
9,0,-9,-4,9,-4,-141,-68,-107,-78,-53,-24
14,0,-14,-7,14,-7,-141,-73,-107,-78,-53,-29
14,-4,-19,-4,17,-12,-141,-73,-107,-78,-53,-29
-4,-19,-14,12,4,-17,-141,-73,-107,-82,-58,-29
-24,-29,-4,26,-9,-17,-131,-73,-117,-82,-58,-34
-34,-39,-4,36,-14,-21,-131,-73,-122,-87,-63,-43
-48,-48,0,48,-24,-24,-131,-78,-126,-92,-68,-48
-58,-48,9,53,-34,-19,-131,-82,-126,-97,-73,-48
-58,-58,0,58,-29,-29,-131,-82,-131,-102,-78,-53
-68,-58,9,63,-39,-24,-131,-82,-131,-107,-82,-58
-68,-58,9,63,-39,-24,-131,-82,-131,-107,-82,-58
-63,-53,9,58,-36,-21,-131,-82,-131,-107,-87,-58
-68,-63,4,65,-36,-29,-131,-87,-141,-112,-87,-58
-78,-73,4,75,-41,-34,-131,-92,-141,-112,-87,-63
-87,-73,14,80,-51,-29,-131,-92,-146,-117,-87,-63
-92,-73,19,82,-56,-26,-131,-92,-146,-117,-92,-73
-92,-68,24,80,-58,-21,-141,-102,-146,-117,-92,-73
-92,-68,24,80,-58,-21,-141,-97,-141,-117,-92,-68
-92,-68,24,80,-58,-21,-141,-97,-141,-112,-87,-63
-97,-68,29,82,-63,-19,-136,-97,-141,-112,-87,-63
-112,-73,39,92,-75,-17,-126,-97,-141,-122,-97,-63
-112,-78,34,95,-73,-21,-126,-92,-141,-122,-97,-63
-107,-82,24,95,-65,-29,-126,-92,-141,-122,-97,-63
-107,-87,19,97,-63,-34,-126,-92,-141,-122,-97,-63
-92,-82,9,87,-51,-36,-136,-87,-141,-117,-87,-68
-92,-78,14,85,-53,-31,-136,-87,-141,-117,-87,-68
-87,-78,9,82,-48,-34,-136,-87,-141,-112,-87,-68
-82,-73,9,78,-46,-31,-131,-87,-141,-112,-87,-68
-82,-82,0,82,-41,-41,-131,-92,-141,-112,-87,-78
-82,-82,0,82,-41,-41,-131,-92,-141,-112,-87,-78
-82,-78,4,80,-43,-36,-131,-92,-141,-112,-87,-73
-82,-78,4,80,-43,-36,-131,-92,-136,-112,-87,-73
-82,-78,4,80,-43,-36,-131,-92,-136,-112,-97,-73
-87,-78,9,82,-48,-34,-131,-92,-136,-112,-97,-78
-92,-78,14,85,-53,-31,-131,-92,-136,-112,-97,-78
-97,-78,19,87,-58,-29,-131,-92,-136,-112,-97,-73
-92,-73,19,82,-56,-26,-122,-82,-126,-112,-97,-63
-87,-68,19,78,-53,-24,-122,-82,-126,-112,-92,-63
-82,-63,19,73,-51,-21,-122,-82,-126,-112,-82,-63
-78,-63,14,70,-46,-24,-122,-82,-126,-112,-78,-63
-102,-73,29,87,-65,-21,-131,-82,-136,-112,-87,-73
-92,-68,24,80,-58,-21,-126,-92,-136,-117,-97,-73
-97,-58,39,78,-68,-9,-117,-82,-136,-107,-87,-63
-107,-78,29,92,-68,-24,-112,-78,-131,-107,-87,-63
-122,-87,34,104,-78,-26,-117,-82,-136,-102,-87,-63
-92,-73,19,82,-56,-26,-107,-68,-117,-102,-82,-63
-73,-53,19,63,-46,-17,-78,-48,-97,-87,-73,-58
-87,-63,24,75,-56,-19,-73,-29,-92,-82,-73,-58
-107,-82,24,95,-65,-29,-63,-24,-78,-82,-68,-53
-92,-53,39,73,-65,-7,-43,19,-34,-43,-43,-34
-48,-14,34,31,-41,9,0,73,14,4,-4,0
-24,-9,14,17,-19,2,14,117,63,48,34,19
-24,-34,-9,29,-7,-21,39,170,107,73,58,39
-4,-34,-29,19,12,-31,92,244,175,122,102,58
24,-19,-43,-2,34,-31,165,341,258,185,146,92
63,-4,-68,-29,65,-36,229,424,341,239,195,122
112,19,-92,-65,102,-36,263,502,414,307,253,161
170,73,-97,-122,134,-12,287,570,488,385,322,219
239,141,-97,-190,168,21,287,614,551,458,400,283
336,214,-122,-275,229,46,253,619,570,522,463,346
434,287,-146,-361,290,70,195,590,570,561,522,409
473,322,-151,-397,312,85,92,517,541,590,566,453
483,322,-161,-402,322,80,-29,395,468,575,585,478
497,331,-165,-414,331,82,-165,239,346,517,541,463
527,307,-219,-417,373,43,-322,58,175,405,463,409
527,273,-253,-400,390,9,-497,-151,-39,263,351,341
492,204,-287,-348,390,-41,-658,-361,-258,102,229,253
400,136,-263,-268,331,-63,-795,-566,-473,-68,97,161
283,48,-234,-165,258,-92,-907,-761,-678,-244,-58,53
185,-43,-229,-70,207,-136,-966,-902,-849,-429,-214,-78
78,-126,-204,24,141,-165,-976,-1005,-980,-585,-370,-214
-29,-175,-146,102,58,-161,-951,-1049,-1044,-688,-478,-302
-87,-175,-87,131,0,-131,-927,-1039,-1034,-697,-492,-312
-122,-146,-24,134,-48,-85,-893,-990,-971,-649,-473,-292
-165,-117,48,141,-107,-34,-805,-902,-883,-585,-424,-253
-195,-82,112,139,-153,14,-678,-785,-766,-507,-375,-224
-204,-58,146,131,-175,43,-570,-658,-644,-429,-312,-180
-180,-43,136,112,-158,46,-497,-536,-522,-351,-253,-146
-146,-14,131,80,-139,58,-409,-414,-424,-278,-195,-107
-112,-9,102,61,-107,46,-322,-302,-317,-209,-146,-87
-78,-9,68,43,-73,29,-268,-204,-234,-156,-102,-68
-48,0,48,24,-48,24,-234,-131,-175,-112,-68,-39
-34,0,34,17,-34,17,-195,-82,-131,-78,-43,-19
-39,-19,19,29,-29,0,-175,-63,-112,-63,-29,-9
-39,-39,0,39,-19,-19,-161,-58,-112,-58,-29,-14
-39,-19,19,29,-29,0,-146,-48,-102,-58,-24,-14
-24,9,34,7,-29,21,-126,-24,-73,-43,-19,0
-29,14,43,7,-36,29,-107,0,-48,-34,-4,9
-39,9,48,14,-43,29,-87,19,-43,-29,-4,9
-48,19,68,14,-58,43,-97,19,-39,-14,0,0
-43,14,58,14,-51,36,-97,19,-39,-14,0,0
-43,9,53,17,-48,31,-97,19,-39,-19,-4,0
-43,9,53,17,-48,31,-92,24,-39,-19,-4,0
-34,-4,29,19,-31,12,-97,14,-48,-19,-4,0
-29,-9,19,19,-24,4,-87,19,-39,-24,-4,0
-29,-9,19,19,-24,4,-82,29,-34,-19,-4,0
-34,0,34,17,-34,17,-78,39,-24,-24,0,4
-39,-4,34,21,-36,14,-68,39,-24,-9,0,-4
-39,-9,29,24,-34,9,-68,39,-24,-9,0,-4
-43,-19,24,31,-34,2,-68,39,-19,-9,-4,-4
-48,-24,24,36,-36,0,-68,39,-19,-9,-4,-4
-39,-14,24,26,-31,4,-68,39,-19,-9,4,4
-34,-14,19,24,-26,2,-63,48,-19,-9,4,4
-34,-14,19,24,-26,2,-53,53,-9,-4,4,4
-34,-9,24,21,-29,7,-53,53,-9,0,14,9
-34,-9,24,21,-29,7,-53,53,0,0,14,4
-34,-9,24,21,-29,7,-53,63,0,0,14,4
-34,-9,24,21,-29,7,-63,53,-9,0,14,4
-34,-9,24,21,-29,7,-63,53,-9,0,14,4
-24,0,24,12,-24,12,-53,63,4,0,19,14
-24,0,24,12,-24,12,-43,63,9,4,19,14
-24,0,24,12,-24,12,-43,63,9,9,24,14
-24,4,29,9,-26,17,-43,73,9,9,24,14
-24,-4,19,14,-21,7,-48,73,14,14,29,14
-19,-4,14,12,-17,4,-48,73,14,14,29,14
-19,-4,14,12,-17,4,-53,73,19,14,29,14
-14,0,14,7,-14,7,-53,73,19,19,34,19
-9,0,9,4,-9,4,-43,78,4,9,34,19
-4,0,4,2,-4,2,-43,78,4,9,34,19
-4,0,4,2,-4,2,-43,78,14,14,34,19
-4,4,9,0,-7,7,-43,82,14,14,39,19
-4,14,19,-4,-12,17,-43,92,24,24,43,29
-4,14,19,-4,-12,17,-43,92,29,24,43,29
-4,14,19,-4,-12,17,-43,97,29,34,43,39
-4,14,19,-4,-12,17,-43,97,34,34,43,39
0,14,14,-7,-7,14,-53,92,24,24,39,29
0,14,14,-7,-7,14,-53,92,24,24,39,29
4,19,14,-12,-4,17,-53,92,29,29,43,29
4,24,19,-14,-7,21,-53,87,34,29,43,34
19,14,-4,-17,12,4,-43,97,43,43,43,34
19,14,-4,-17,12,4,-39,97,43,43,48,39
24,24,0,-24,12,12,-39,102,43,48,48,39
34,24,-9,-29,21,7,-39,102,48,48,48,43
39,24,-14,-31,26,4,-39,117,48,48,63,43
43,29,-14,-36,29,7,-39,122,53,53,73,48
43,29,-14,-36,29,7,-39,122,53,58,73,53
48,29,-19,-39,34,4,-39,122,58,58,73,53
43,34,-9,-39,26,12,-53,117,53,63,73,53
43,34,-9,-39,26,12,-53,117,53,68,78,53
39,34,-4,-36,21,14,-53,122,53,68,78,58
34,34,0,-34,17,17,-58,122,53,68,82,63
48,29,-19,-39,34,4,-58,122,58,68,73,63
58,34,-24,-46,41,4,-53,131,63,68,82,63
63,34,-29,-48,46,2,-53,131,63,68,87,68
68,39,-29,-53,48,4,-58,131,63,78,87,73
82,43,-39,-63,61,2,-63,136,78,78,102,78
82,48,-34,-65,58,7,-63,141,78,82,107,78
92,53,-39,-73,65,7,-68,141,82,82,112,82
102,63,-39,-82,70,12,-68,141,82,82,112,87
122,68,-53,-95,87,7,-63,141,82,97,117,92
131,73,-58,-102,95,7,-63,151,92,107,122,97
131,78,-53,-104,92,12,-63,156,92,112,126,102
146,82,-63,-114,104,9,-68,156,97,117,131,102
151,87,-63,-119,107,12,-82,156,97,122,136,107
161,92,-68,-126,114,12,-82,156,102,126,141,112
156,97,-58,-126,107,19,-87,161,102,126,146,117
151,97,-53,-124,102,21,-87,161,102,126,151,122
156,87,-68,-122,112,9,-92,161,107,126,146,112
170,92,-78,-131,124,7,-97,165,107,131,151,117
180,92,-87,-136,134,2,-97,165,112,136,156,122
190,102,-87,-146,139,7,-102,165,112,136,161,126
200,102,-97,-151,148,2,-112,175,122,146,175,131
214,107,-107,-161,161,0,-117,175,122,146,180,141
224,112,-112,-168,168,0,-122,175,122,156,180,151
234,122,-112,-178,173,4,-122,180,122,161,185,156
234,122,-112,-178,173,4,-131,170,112,151,180,156
239,122,-117,-180,178,2,-131,170,112,151,180,151
253,122,-131,-187,192,-4,-136,170,112,161,185,156
258,131,-126,-195,192,2,-141,170,117,161,190,151
273,141,-131,-207,202,4,-151,165,117,170,204,156
287,141,-146,-214,217,-2,-165,165,112,170,204,165
292,146,-146,-219,219,0,-170,165,112,175,204,170
307,146,-161,-226,234,-7,-170,165,112,175,209,180
312,151,-161,-231,236,-4,-170,165,122,180,209,175
312,165,-146,-239,229,9,-175,165,122,180,214,175
312,170,-141,-241,226,14,-175,161,122,175,214,175
312,170,-141,-241,226,14,-175,156,117,175,204,175
317,156,-161,-236,239,-2,-185,156,102,170,204,175
317,156,-161,-236,239,-2,-185,151,97,170,204,170
312,151,-161,-231,236,-4,-185,146,92,165,200,170
292,141,-151,-217,222,-4,-185,136,87,156,195,165
292,151,-141,-222,217,4,-190,122,78,151,185,161
278,146,-131,-212,204,7,-185,117,78,146,180,151
263,141,-122,-202,192,9,-185,107,68,131,170,146
253,131,-122,-192,187,4,-185,102,63,122,161,136
248,141,-107,-195,178,17,-180,97,58,112,151,131
229,131,-97,-180,163,17,-180,87,53,102,141,122
214,122,-92,-168,153,14,-170,82,39,92,131,107
200,117,-82,-158,141,17,-165,78,29,87,122,102
180,107,-73,-143,126,17,-161,73,29,78,112,92
161,92,-68,-126,114,12,-156,63,19,68,102,82
146,87,-58,-117,102,14,-151,58,19,58,92,78
122,73,-48,-97,85,12,-141,58,14,53,82,68
87,58,-29,-73,58,14,-131,43,4,43,73,68
78,48,-29,-63,53,9,-126,39,0,34,58,63
68,39,-29,-53,48,4,-122,34,-9,24,58,53
58,34,-24,-46,41,4,-117,24,-19,14,48,43
48,43,-4,-46,26,19,-126,19,-34,0,39,29
48,34,-14,-41,31,9,-126,14,-34,-9,29,24
39,24,-14,-31,26,4,-126,9,-34,-19,24,19
34,19,-14,-26,24,2,-122,0,-39,-19,14,4
19,14,-4,-17,12,4,-112,0,-43,-14,4,4
4,9,4,-7,0,7,-117,-4,-48,-19,0,0
0,4,4,-2,-2,4,-117,-9,-58,-34,-4,0
-4,4,9,0,-7,7,-112,-9,-58,-34,-4,-4
-24,-4,19,14,-21,7,-112,-14,-58,-39,-9,-9
-29,-14,14,21,-21,0,-112,-19,-58,-39,-14,-14
-39,-24,14,31,-26,-4,-112,-19,-63,-43,-19,-14
-39,-34,4,36,-21,-14,-112,-24,-68,-43,-19,-19
-39,-24,14,31,-26,-4,-112,-39,-68,-48,-19,-24
-39,-24,14,31,-26,-4,-112,-39,-73,-53,-29,-29
-39,-24,14,31,-26,-4,-112,-39,-73,-53,-29,-34
-43,-24,19,34,-31,-2,-112,-43,-78,-58,-34,-34
-43,-24,19,34,-31,-2,-112,-39,-87,-58,-34,-29
-43,-24,19,34,-31,-2,-112,-39,-87,-58,-34,-29
-48,-34,14,41,-31,-9,-112,-43,-87,-63,-39,-29
-48,-39,9,43,-29,-14,-112,-43,-87,-63,-39,-34
-39,-34,4,36,-21,-14,-112,-53,-82,-63,-39,-34
-39,-29,9,34,-24,-9,-112,-53,-82,-68,-39,-39
-43,-24,19,34,-31,-2,-112,-53,-92,-73,-43,-48
-48,-24,24,36,-36,0,-122,-58,-92,-73,-53,-48
-58,-29,29,43,-43,0,-122,-48,-92,-73,-53,-34
-48,-29,19,39,-34,-4,-122,-48,-92,-73,-48,-34
-48,-34,14,41,-31,-9,-122,-48,-92,-78,-43,-34
-53,-43,9,48,-31,-17,-117,-53,-92,-78,-43,-34
-53,-43,9,48,-31,-17,-117,-63,-102,-82,-53,-43
-53,-43,9,48,-31,-17,-117,-63,-102,-82,-58,-43
-48,-43,4,46,-26,-19,-117,-63,-107,-82,-58,-43
-48,-39,9,43,-29,-14,-117,-63,-107,-82,-58,-43
-48,-48,0,48,-24,-24,-126,-53,-102,-87,-63,-43
-48,-48,0,48,-24,-24,-126,-53,-102,-87,-63,-43
-48,-48,0,48,-24,-24,-126,-53,-102,-87,-58,-43
-48,-48,0,48,-24,-24,-126,-53,-102,-87,-58,-43
-39,-48,-9,43,-14,-29,-117,-53,-107,-87,-58,-48
-39,-43,-4,41,-17,-24,-117,-53,-107,-87,-58,-48
-39,-39,0,39,-19,-19,-117,-53,-102,-87,-58,-48
-39,-29,9,34,-24,-9,-117,-48,-102,-82,-58,-43
-48,-34,14,41,-31,-9,-117,-58,-97,-82,-58,-43
-48,-34,14,41,-31,-9,-117,-58,-97,-82,-53,-43
-48,-39,9,43,-29,-14,-117,-58,-97,-82,-53,-43
-48,-39,9,43,-29,-14,-117,-58,-97,-82,-53,-43
-48,-48,0,48,-24,-24,-126,-48,-97,-82,-63,-43
-48,-48,0,48,-24,-24,-126,-48,-97,-82,-63,-43
-48,-48,0,48,-24,-24,-126,-48,-97,-82,-63,-43
-48,-48,0,48,-24,-24,-126,-48,-97,-82,-63,-39
-53,-39,14,46,-34,-12,-117,-43,-97,-73,-53,-48
-63,-39,24,51,-43,-7,-117,-43,-97,-73,-53,-48
-68,-39,29,53,-48,-4,-117,-43,-97,-73,-53,-48
-73,-39,34,56,-53,-2,-117,-43,-97,-73,-53,-48
-63,-29,34,46,-48,2,-117,-43,-97,-82,-53,-39
-58,-29,29,43,-43,0,-117,-48,-97,-82,-53,-39
-53,-29,24,41,-39,-2,-117,-48,-97,-82,-53,-39
-48,-29,19,39,-34,-4,-117,-43,-97,-82,-53,-39
-48,-29,19,39,-34,-4,-117,-43,-92,-82,-53,-39
-48,-29,19,39,-34,-4,-117,-39,-92,-82,-48,-39
-48,-24,24,36,-36,0,-117,-39,-92,-73,-48,-34
-48,-24,24,36,-36,0,-117,-39,-92,-63,-48,-34
-48,-29,19,39,-34,-4,-107,-43,-92,-73,-53,-34
-48,-34,14,41,-31,-9,-107,-43,-92,-73,-53,-34
-48,-39,9,43,-29,-14,-107,-43,-92,-73,-53,-34
-48,-43,4,46,-26,-19,-107,-43,-92,-73,-53,-34
-58,-43,14,51,-36,-14,-107,-48,-102,-73,-53,-43
-58,-43,14,51,-36,-14,-107,-48,-102,-73,-48,-43
-58,-43,14,51,-36,-14,-107,-53,-102,-78,-48,-43
-58,-43,14,51,-36,-14,-107,-53,-102,-78,-53,-43
-48,-43,4,46,-26,-19,-107,-43,-92,-78,-53,-43
-53,-43,9,48,-31,-17,-107,-43,-92,-78,-53,-43
-53,-43,9,48,-31,-17,-107,-43,-92,-78,-53,-43
-53,-43,9,48,-31,-17,-107,-43,-92,-78,-53,-43
-58,-43,14,51,-36,-14,-117,-53,-92,-78,-53,-43
-58,-43,14,51,-36,-14,-117,-48,-92,-78,-53,-43
-58,-43,14,51,-36,-14,-117,-48,-92,-78,-53,-43
-58,-43,14,51,-36,-14,-117,-48,-92,-78,-53,-43
-58,-43,14,51,-36,-14,-117,-48,-102,-78,-53,-43
-58,-43,14,51,-36,-14,-117,-48,-102,-78,-53,-43
-58,-43,14,51,-36,-14,-117,-48,-102,-78,-58,-43
-58,-53,4,56,-31,-24,-117,-48,-102,-78,-58,-43
-53,-39,14,46,-34,-12,-107,-48,-92,-73,-53,-43
-48,-34,14,41,-31,-9,-112,-53,-92,-73,-53,-43
-43,-29,14,36,-29,-7,-112,-53,-92,-73,-53,-43
-43,-24,19,34,-31,-2,-112,-53,-92,-73,-53,-43
-48,-19,29,34,-39,4,-112,-43,-87,-73,-53,-43
-48,-24,24,36,-36,0,-107,-43,-92,-73,-53,-43
-53,-29,24,41,-39,-2,-107,-43,-92,-78,-58,-43
-58,-39,19,48,-39,-9,-107,-43,-92,-78,-58,-43
-48,-39,9,43,-29,-14,-97,-43,-82,-68,-48,-34
-48,-39,9,43,-29,-14,-97,-43,-82,-68,-48,-34
-53,-39,14,46,-34,-12,-97,-43,-82,-68,-48,-34
-53,-39,14,46,-34,-12,-92,-43,-82,-68,-48,-34
-63,-48,14,56,-39,-17,-97,-53,-87,-82,-58,-39
-63,-48,14,56,-39,-17,-102,-58,-92,-87,-58,-48
-63,-48,14,56,-39,-17,-112,-63,-97,-92,-63,-53
-63,-48,14,56,-39,-17,-117,-63,-107,-102,-63,-58
-63,-48,14,56,-39,-17,-117,-53,-97,-92,-63,-48
-63,-48,14,56,-39,-17,-117,-53,-97,-92,-63,-48
-63,-48,14,56,-39,-17,-117,-63,-102,-92,-63,-48
-63,-48,14,56,-39,-17,-117,-63,-102,-92,-63,-48
-53,-39,14,46,-34,-12,-107,-63,-102,-92,-63,-48
-53,-39,14,46,-34,-12,-107,-63,-102,-92,-63,-48
-53,-39,14,46,-34,-12,-107,-63,-102,-92,-63,-48
-53,-39,14,46,-34,-12,-107,-63,-102,-92,-63,-53
-63,-39,24,51,-43,-7,-107,-63,-112,-92,-73,-53
-68,-39,29,53,-48,-4,-112,-63,-112,-92,-73,-53
-68,-43,24,56,-46,-9,-117,-63,-117,-97,-73,-53
-68,-43,24,56,-46,-9,-117,-63,-117,-97,-73,-53
-63,-53,9,58,-36,-21,-107,-63,-107,-87,-63,-43
-63,-48,14,56,-39,-17,-107,-63,-107,-87,-63,-43
-63,-48,14,56,-39,-17,-107,-63,-107,-87,-68,-48
-68,-63,4,65,-36,-29,-102,-63,-107,-87,-68,-48
-58,-43,14,51,-36,-14,-102,-63,-102,-92,-58,-43
-58,-43,14,51,-36,-14,-102,-63,-102,-92,-58,-43
-58,-43,14,51,-36,-14,-107,-68,-107,-97,-58,-43
-58,-43,14,51,-36,-14,-107,-68,-107,-97,-63,-43
-68,-53,14,61,-41,-19,-107,-82,-117,-97,-73,-48
-73,-58,14,65,-43,-21,-112,-82,-122,-97,-73,-53
-73,-63,9,68,-41,-26,-112,-82,-122,-102,-73,-63
-73,-63,9,68,-41,-26,-107,-82,-122,-102,-73,-68
-68,-48,19,58,-43,-14,-107,-78,-112,-102,-63,-58
-68,-48,19,58,-43,-14,-107,-73,-112,-102,-63,-58
-68,-48,19,58,-43,-14,-112,-68,-112,-102,-63,-58
-68,-48,19,58,-43,-14,-112,-63,-112,-102,-63,-58
-58,-48,9,53,-34,-19,-102,-68,-112,-92,-63,-58
-58,-48,9,53,-34,-19,-102,-68,-112,-87,-63,-53
-58,-48,9,53,-34,-19,-102,-73,-112,-87,-63,-53
-58,-48,9,53,-34,-19,-102,-73,-112,-87,-63,-53
-58,-39,19,48,-39,-9,-102,-63,-112,-92,-63,-48
-58,-39,19,48,-39,-9,-102,-63,-112,-92,-63,-48
-58,-39,19,48,-39,-9,-107,-63,-112,-92,-63,-48
-58,-39,19,48,-39,-9,-107,-63,-112,-92,-63,-43
-58,-48,9,53,-34,-19,-102,-73,-117,-97,-63,-53
-53,-48,4,51,-29,-21,-102,-73,-117,-97,-63,-53
-53,-48,4,51,-29,-21,-102,-73,-117,-97,-68,-53
-53,-48,4,51,-29,-21,-102,-73,-117,-97,-68,-53
-68,-53,14,61,-41,-19,-92,-68,-112,-97,-68,-48
-78,-58,19,68,-48,-19,-92,-68,-112,-97,-68,-48
-87,-63,24,75,-56,-19,-92,-68,-112,-97,-63,-48
-102,-68,34,85,-68,-17,-92,-68,-112,-97,-63,-48
-97,-53,43,75,-70,-4,-92,-58,-112,-87,-68,-48
-87,-48,39,68,-63,-4,-87,-58,-112,-87,-68,-48
-82,-48,34,65,-58,-7,-87,-58,-112,-87,-68,-48
-78,-48,29,63,-53,-9,-87,-58,-112,-87,-68,-48
-68,-34,34,51,-51,0,-97,-58,-97,-97,-58,-58
-63,-34,29,48,-46,-2,-87,-53,-97,-92,-58,-48
-53,-29,24,41,-39,-2,-82,-53,-97,-92,-58,-48
-48,-29,19,39,-34,-4,-82,-53,-92,-92,-53,-48
-58,-53,4,56,-31,-24,-92,-63,-112,-102,-63,-53
-58,-48,9,53,-34,-19,-78,-58,-107,-97,-58,-48
-58,-39,19,48,-39,-9,-78,-58,-97,-87,-48,-39
-58,-39,19,48,-39,-9,-78,-58,-97,-87,-48,-39
-58,-39,19,48,-39,-9,-78,-58,-97,-87,-48,-39
-58,-39,19,48,-39,-9,-78,-58,-97,-87,-48,-39
-39,-24,14,31,-26,-4,-63,-43,-92,-78,-34,-29
-39,-9,29,24,-34,9,-63,-39,-87,-73,-34,-19
-39,0,39,19,-39,19,-58,-39,-78,-68,-34,-14
-39,9,48,14,-43,29,-58,-34,-73,-63,-29,-9
-29,0,29,14,-29,14,-58,-34,-82,-63,-29,-19
-29,-4,24,17,-26,9,-58,-34,-82,-63,-34,-24
-29,-4,24,17,-26,9,-53,-34,-82,-63,-34,-24
-29,-4,24,17,-26,9,-48,-29,-73,-58,-34,-19
-34,19,53,7,-43,36,-39,-19,-63,-53,-19,-14
-24,34,58,-4,-41,46,-43,-19,-63,-48,-14,-4
-19,48,68,-14,-43,58,-48,-24,-63,-48,-9,0
-19,48,68,-14,-43,58,-53,-29,-63,-48,-9,0
-9,48,58,-19,-34,53,-58,-34,-68,-48,-9,0
0,48,48,-24,-24,48,-68,-34,-68,-48,-9,0
14,48,34,-31,-9,41,-73,-39,-68,-53,-14,0
19,48,29,-34,-4,39,-87,-43,-82,-63,-19,-4
19,39,19,-29,0,29,-92,-63,-92,-68,-34,-14
19,34,14,-26,2,24,-97,-68,-92,-68,-34,-14
14,29,14,-21,0,21,-97,-68,-97,-68,-34,-14
9,19,9,-14,0,14,-97,-68,-102,-73,-39,-19
14,19,4,-17,4,12,-112,-68,-102,-73,-39,-19
14,19,4,-17,4,12,-112,-68,-107,-73,-43,-19
9,14,4,-12,2,9,-117,-78,-107,-78,-43,-19
4,14,9,-9,-2,12,-122,-78,-107,-78,-43,-24
-9,9,19,0,-14,14,-112,-78,-117,-82,-43,-19
-9,4,14,2,-12,9,-107,-73,-117,-82,-43,-19
-4,0,4,2,-4,2,-107,-68,-117,-82,-43,-24
-4,-9,-4,7,0,-7,-107,-68,-117,-87,-48,-24
9,-9,-19,0,14,-14,-102,-58,-107,-87,-53,-24
14,-9,-24,-2,19,-17,-102,-63,-107,-87,-53,-29
14,-14,-29,0,21,-21,-102,-63,-107,-87,-53,-29
-4,-29,-24,17,9,-26,-102,-63,-107,-92,-58,-29
-19,-39,-19,29,0,-29,-92,-73,-117,-92,-58,-34
-34,-48,-14,41,-9,-31,-92,-73,-122,-97,-63,-43
-53,-58,-4,56,-24,-31,-92,-78,-126,-102,-68,-48
-68,-58,9,63,-39,-24,-92,-82,-126,-107,-73,-48
-78,-68,9,73,-43,-29,-92,-92,-141,-112,-78,-63
-87,-68,19,78,-53,-24,-92,-92,-141,-117,-82,-68
-87,-68,19,78,-53,-24,-92,-92,-141,-117,-82,-68
-82,-63,19,73,-51,-21,-92,-92,-141,-117,-87,-68
-73,-63,9,68,-41,-26,-92,-97,-141,-112,-78,-58
-78,-73,4,75,-41,-34,-92,-102,-141,-112,-78,-63
-82,-73,9,78,-46,-31,-92,-102,-146,-117,-78,-63
-82,-73,9,78,-46,-31,-92,-102,-146,-117,-82,-73
-82,-87,-4,85,-39,-46,-82,-102,-146,-126,-92,-73
-82,-87,-4,85,-39,-46,-82,-97,-141,-126,-92,-68
-82,-87,-4,85,-39,-46,-82,-97,-141,-122,-87,-63
-87,-87,0,87,-43,-43,-78,-97,-141,-122,-87,-63
-102,-78,24,90,-63,-26,-78,-97,-141,-122,-78,-73
-102,-78,24,90,-63,-26,-78,-92,-141,-122,-78,-73
-97,-78,19,87,-58,-29,-78,-92,-141,-122,-78,-73
-97,-78,19,87,-58,-29,-78,-92,-141,-122,-78,-73
-87,-82,4,85,-46,-39,-78,-97,-141,-126,-87,-78
-92,-87,4,90,-48,-41,-78,-97,-141,-126,-87,-78
-92,-97,-4,95,-43,-51,-78,-97,-141,-122,-87,-78
-92,-102,-9,97,-41,-56,-73,-97,-141,-122,-87,-78
-102,-97,4,100,-53,-46,-73,-92,-151,-131,-87,-78
-102,-92,9,97,-56,-41,-73,-92,-151,-131,-87,-78
-102,-82,19,92,-61,-31,-73,-92,-151,-131,-87,-73
-102,-78,24,90,-63,-26,-73,-92,-146,-131,-87,-73
-82,-73,9,78,-46,-31,-82,-92,-136,-122,-87,-63
-78,-68,9,73,-43,-29,-82,-92,-136,-122,-87,-68
-73,-63,9,68,-41,-26,-82,-92,-136,-122,-87,-68
-68,-58,9,63,-39,-24,-82,-92,-136,-122,-87,-63
-82,-63,19,73,-51,-21,-73,-92,-136,-122,-92,-73
-87,-68,19,78,-53,-24,-73,-92,-136,-122,-92,-73
-92,-73,19,82,-56,-26,-73,-92,-136,-122,-87,-73
-97,-82,14,90,-56,-34,-73,-92,-136,-122,-87,-73
-92,-73,19,82,-56,-26,-73,-82,-146,-122,-78,-73
-102,-68,34,85,-68,-17,-68,-92,-146,-117,-78,-73
-97,-68,29,82,-63,-19,-58,-82,-136,-117,-87,-73
-78,-68,9,73,-43,-29,-53,-78,-131,-117,-87,-73
-73,-58,14,65,-43,-21,-68,-82,-126,-112,-78,-73
-82,-53,29,68,-56,-12,-58,-78,-126,-112,-82,-63
-82,-53,29,68,-56,-12,-48,-58,-117,-107,-73,-58
-87,-53,34,70,-61,-9,-34,-39,-102,-112,-73,-58
-87,-53,34,70,-61,-9,-24,-24,-78,-92,-48,-53
-73,-53,19,63,-46,-17,-4,19,-43,-63,-24,-34
-39,-43,-4,41,-17,-24,39,63,4,-14,4,-9
-14,-39,-24,26,4,-31,63,117,53,29,34,9
-24,-53,-29,39,2,-41,87,170,107,63,58,29
-4,-34,-29,19,12,-31,141,253,175,112,102,58
43,9,-34,-26,39,-12,204,341,258,185,165,102
92,24,-68,-58,80,-21,248,414,312,229,204,122
131,19,-112,-75,122,-46,292,483,375,278,253,151
170,43,-126,-107,148,-41,326,561,468,346,312,200
239,92,-146,-165,192,-26,336,614,531,419,390,263
326,136,-190,-231,258,-26,322,639,580,492,453,326
405,209,-195,-307,300,7,273,639,610,561,522,400
483,273,-209,-378,346,31,200,595,600,600,575,444
541,331,-209,-436,375,61,78,492,536,595,595,488
546,341,-204,-444,375,68,-48,326,414,536,570,473
527,326,-200,-427,363,63,-204,136,244,424,492,419
546,292,-253,-419,400,19,-380,-63,48,283,400,351
541,263,-278,-402,409,-7,-541,-253,-161,151,287,273
448,195,-253,-322,351,-29,-668,-478,-375,-9,146,180
292,78,-214,-185,253,-68,-780,-673,-580,-195,-9,73
146,-34,-180,-56,163,-107,-839,-844,-780,-390,-185,-68
39,-136,-175,48,107,-156,-849,-966,-941,-585,-361,-204
-68,-195,-126,131,29,-161,-844,-1029,-1024,-688,-468,-292
-136,-195,-58,165,-39,-126,-839,-1039,-1034,-717,-502,-322
-170,-165,4,168,-87,-80,-814,-1019,-1000,-697,-483,-312
-195,-126,68,161,-131,-29,-746,-922,-902,-624,-434,-273
-224,-102,122,163,-173,9,-639,-795,-766,-527,-366,-234
-224,-78,146,151,-185,34,-541,-658,-634,-419,-302,-190
-180,-43,136,112,-158,46,-448,-536,-522,-351,-234,-136
-156,-34,122,95,-139,43,-380,-424,-424,-287,-185,-117
-131,-29,102,80,-117,36,-302,-322,-336,-239,-146,-97
-97,0,97,48,-97,48,-219,-224,-263,-175,-102,-68
-68,9,78,29,-73,43,-185,-161,-195,-141,-58,-48
-53,-19,34,36,-43,7,-165,-112,-161,-107,-34,-29
-39,-19,19,29,-29,0,-126,-82,-122,-73,-29,-19
-29,-19,9,24,-19,-4,-102,-58,-102,-58,-19,-14
-29,-19,9,24,-19,-4,-97,-48,-82,-48,-14,-4
-34,-19,14,26,-24,-2,-78,-34,-73,-43,-9,-9
-29,-14,14,21,-21,0,-58,-19,-68,-43,-14,-9
-39,-9,29,24,-34,9,-48,-9,-53,-39,-4,-9
-48,-4,43,26,-46,19,-58,0,-48,-34,9,0
-43,-4,39,24,-41,17,-58,0,-48,-34,9,0
-43,-4,39,24,-41,17,-58,0,-48,-39,4,0
-43,0,43,21,-43,21,-53,4,-48,-39,4,0
-43,-9,34,26,-39,12,-48,4,-48,-34,-4,-9
-39,-19,19,29,-29,0,-39,9,-39,-34,-4,-9
-39,-24,14,31,-26,-4,-34,19,-34,-24,-4,-9
-43,-19,24,31,-34,2,-29,29,-24,-24,0,-4
-34,-4,29,19,-31,12,-29,29,-24,-19,19,4
-29,0,29,14,-29,14,-29,29,-24,-19,19,4
-29,0,29,14,-29,14,-29,29,-19,-19,14,4
-29,4,34,12,-31,19,-29,29,-19,-19,14,4
-39,0,39,19,-39,19,-29,39,-19,-19,4,-4
-34,-4,29,19,-31,12,-24,48,-19,-19,4,-4
-34,-9,24,21,-29,7,-14,53,-9,-14,4,-4
-34,-9,24,21,-29,7,-14,53,-9,-9,14,0
-34,-9,24,21,-29,7,-4,53,-9,-9,24,4
-34,-9,24,21,-29,7,-4,63,-9,-9,24,4
-34,-9,24,21,-29,7,-14,53,-19,-9,24,4
-34,-9,24,21,-29,7,-14,53,-19,-9,24,4
-24,0,24,12,-24,12,-14,53,-4,-9,29,4
-24,0,24,12,-24,12,-4,53,0,-4,29,4
-24,0,24,12,-24,12,-4,53,0,0,34,4
-24,4,29,9,-26,17,-4,63,0,0,34,4
-14,-4,9,9,-12,2,0,73,4,4,39,14
-9,-4,4,7,-7,0,0,73,4,4,39,14
-9,-4,4,7,-7,0,-4,73,9,4,39,14
-4,0,4,2,-4,2,-4,73,9,9,43,19
-4,-4,0,4,-2,-2,-4,68,4,0,43,19
-4,-9,-4,7,0,-7,-4,68,4,0,43,19
-9,-14,-4,12,-2,-9,-4,68,14,4,43,19
-14,-14,0,14,-7,-7,-4,73,14,4,48,19
-4,0,4,2,-4,2,-4,73,14,14,43,29
-4,4,9,0,-7,7,-4,73,19,14,43,29
-4,9,14,-2,-9,12,-4,78,19,24,43,39
-4,14,19,-4,-12,17,-4,78,24,24,43,39
4,14,9,-9,-2,12,-4,78,24,24,58,39
9,14,4,-12,2,9,-4,82,24,24,58,39
19,19,0,-19,9,9,-4,87,29,29,63,39
24,24,0,-24,12,12,-4,87,34,29,63,43
24,19,-4,-21,14,7,-14,87,34,34,63,43
19,14,-4,-17,12,4,-9,87,34,34,68,48
19,19,0,-19,9,9,-9,92,34,39,68,48
24,14,-9,-19,17,2,-9,92,39,39,68,53
39,24,-14,-31,26,4,0,107,39,39,63,43
43,29,-14,-36,29,7,0,112,43,43,73,48
43,29,-14,-36,29,7,0,112,43,48,73,53
48,29,-19,-39,34,4,0,112,48,48,73,53
58,43,-14,-51,36,14,-4,117,53,53,82,63
63,43,-19,-53,41,12,-4,117,53,58,87,63
63,43,-19,-53,41,12,-4,122,53,58,87,68
63,43,-19,-53,41,12,-9,122,53,58,92,73
68,48,-19,-58,43,14,-9,122,68,78,102,73
78,53,-24,-65,51,14,-4,131,73,78,112,73
82,53,-29,-68,56,12,-4,131,73,78,117,78
87,58,-29,-73,58,14,-9,131,73,87,117,82
82,53,-29,-68,56,12,-24,126,73,82,117,82
82,48,-34,-65,58,7,-24,131,68,82,117,78
92,43,-48,-68,70,-2,-29,131,68,78,117,78
102,43,-58,-73,80,-7,-29,131,63,73,112,78
112,48,-63,-80,87,-7,-34,131,73,87,126,92
122,53,-68,-87,95,-7,-34,141,82,97,131,97
122,58,-63,-90,92,-2,-34,146,82,102,136,102
136,63,-73,-100,104,-4,-39,146,87,107,141,102
156,68,-87,-112,122,-9,-43,146,87,102,136,107
170,73,-97,-122,134,-12,-43,146,92,107,141,112
170,78,-92,-124,131,-7,-48,151,92,107,146,117
170,78,-92,-124,131,-7,-48,151,92,107,151,122
175,87,-87,-131,131,0,-63,151,97,117,165,131
190,92,-97,-141,143,-2,-68,156,97,122,170,136
200,92,-107,-146,153,-7,-68,156,102,126,175,141
209,102,-107,-156,158,-2,-73,156,102,126,180,146
214,112,-102,-163,158,4,-82,156,102,126,185,136
234,117,-117,-175,175,0,-87,156,102,126,190,141
248,122,-126,-185,187,-2,-92,156,102,136,190,146
263,131,-131,-197,197,0,-92,161,102,141,195,146
273,126,-146,-200,209,-9,-102,151,92,131,190,141
278,122,-156,-200,217,-17,-102,151,92,131,190,141
292,117,-175,-204,234,-29,-107,151,92,141,195,151
297,122,-175,-209,236,-26,-112,151,97,141,200,151
297,122,-175,-209,236,-26,-112,156,97,146,204,161
307,122,-185,-214,246,-31,-126,156,92,151,204,165
307,126,-180,-217,244,-26,-131,156,92,161,204,165
317,126,-190,-222,253,-31,-131,156,92,165,209,170
322,126,-195,-224,258,-34,-141,146,92,161,219,175
322,136,-185,-229,253,-24,-146,146,92,161,224,175
322,136,-185,-229,253,-24,-146,141,92,156,224,175
322,131,-190,-226,256,-29,-146,136,87,156,214,175
317,136,-180,-226,248,-21,-146,136,92,161,214,175
317,146,-170,-231,244,-12,-146,131,87,161,214,170
312,151,-161,-231,236,-4,-146,126,82,156,209,170
292,151,-141,-222,217,4,-146,117,78,146,204,165
292,141,-151,-217,222,-4,-141,112,58,131,195,161
278,136,-141,-207,209,-2,-136,107,58,126,190,151
263,131,-131,-197,197,0,-136,97,48,112,180,146
253,122,-131,-187,192,-4,-136,92,43,102,170,136
234,117,-117,-175,175,0,-131,87,39,102,161,122
209,102,-107,-156,158,-2,-131,78,34,92,151,112
190,87,-102,-139,146,-7,-122,73,19,82,141,97
170,78,-92,-124,131,-7,-117,68,9,78,131,92
156,78,-78,-117,117,0,-102,73,19,68,122,87
141,73,-68,-107,104,2,-97,63,9,58,112,82
131,78,-53,-104,92,12,-92,58,9,48,102,82
112,73,-39,-92,75,17,-82,58,4,43,92,78
97,48,-48,-73,73,0,-82,53,4,43,92,68
87,39,-48,-63,68,-4,-78,48,0,34,78,63
78,29,-48,-53,63,-9,-73,43,-9,24,78,53
68,24,-43,-46,56,-9,-68,34,-19,14,68,43
63,29,-34,-46,48,-2,-58,39,-34,0,48,39
58,24,-34,-41,46,-4,-58,34,-34,-9,39,34
43,19,-24,-31,34,-2,-58,29,-34,-19,34,29
34,19,-14,-26,24,2,-53,19,-39,-19,24,14
29,14,-14,-21,21,0,-53,9,-43,-24,14,14
14,9,-4,-12,9,2,-58,4,-48,-29,9,9
9,4,-4,-7,7,0,-58,0,-58,-43,4,9
4,4,0,-4,2,2,-53,0,-58,-43,4,4
-14,0,14,7,-14,7,-53,-14,-68,-48,0,-9
-19,-4,14,12,-17,4,-53,-19,-68,-48,-4,-14
-29,-9,19,19,-24,4,-53,-19,-73,-53,-9,-14
-29,-14,14,21,-21,0,-53,-24,-78,-53,-9,-19
-39,-24,14,31,-26,-4,-43,-19,-68,-48,0,-14
-39,-24,14,31,-26,-4,-43,-19,-73,-53,-9,-19
-39,-24,14,31,-26,-4,-43,-19,-73,-53,-9,-24
-43,-24,19,34,-31,-2,-43,-24,-78,-58,-14,-24
-34,-19,14,26,-24,-2,-53,-29,-87,-68,-14,-29
-34,-14,19,24,-26,2,-53,-29,-87,-68,-14,-29
-39,-19,19,29,-29,0,-53,-34,-87,-73,-19,-29
-39,-19,19,29,-29,0,-53,-34,-87,-73,-19,-34
-48,-24,24,36,-36,0,-43,-34,-82,-73,-19,-24
-48,-29,19,39,-34,-4,-43,-34,-82,-78,-19,-29
-53,-34,19,43,-36,-7,-43,-34,-92,-82,-24,-39
-58,-43,14,51,-36,-14,-53,-39,-92,-82,-34,-39
-58,-43,14,51,-36,-14,-53,-39,-102,-82,-43,-34
-48,-39,9,43,-29,-14,-53,-39,-102,-82,-39,-34
-48,-39,9,43,-29,-14,-53,-39,-102,-87,-34,-34
-53,-43,9,48,-31,-17,-48,-43,-102,-87,-34,-34
-53,-43,9,48,-31,-17,-48,-53,-102,-82,-34,-43
-53,-43,9,48,-31,-17,-48,-53,-102,-82,-39,-43
-48,-43,4,46,-26,-19,-48,-53,-107,-82,-39,-43
-48,-39,9,43,-29,-14,-48,-53,-107,-82,-39,-43
-48,-39,9,43,-29,-14,-48,-43,-92,-78,-34,-34
-48,-39,9,43,-29,-14,-48,-43,-92,-78,-34,-34
-48,-39,9,43,-29,-14,-48,-43,-92,-78,-29,-34
-48,-39,9,43,-29,-14,-48,-43,-92,-78,-29,-34
-39,-39,0,39,-19,-19,-48,-53,-97,-78,-29,-39
-39,-34,4,36,-21,-14,-48,-53,-97,-78,-29,-39
-39,-29,9,34,-24,-9,-48,-53,-92,-78,-29,-39
-39,-19,19,29,-29,0,-48,-48,-92,-73,-29,-34
-48,-19,29,34,-39,4,-48,-48,-97,-82,-39,-34
-48,-24,24,36,-36,0,-48,-48,-97,-82,-34,-34
-48,-34,14,41,-31,-9,-48,-48,-97,-82,-34,-34
-48,-39,9,43,-29,-14,-48,-48,-97,-82,-34,-34
-48,-48,0,48,-24,-24,-39,-48,-97,-82,-34,-43
-48,-48,0,48,-24,-24,-39,-48,-97,-82,-34,-43
-48,-48,0,48,-24,-24,-39,-48,-97,-82,-34,-43
-48,-48,0,48,-24,-24,-39,-48,-97,-82,-34,-39
-39,-43,-4,41,-17,-24,-48,-43,-97,-82,-34,-39
-43,-39,4,41,-24,-17,-48,-43,-97,-82,-34,-39
-43,-34,9,39,-26,-12,-48,-43,-97,-82,-34,-39
-43,-29,14,36,-29,-7,-48,-43,-97,-82,-34,-39
-43,-39,4,41,-24,-17,-39,-34,-87,-73,-24,-29
-48,-39,9,43,-29,-14,-39,-39,-87,-73,-24,-29
-53,-39,14,46,-34,-12,-39,-39,-87,-73,-24,-29
-58,-39,19,48,-39,-9,-39,-34,-87,-73,-24,-29
-48,-39,9,43,-29,-14,-48,-34,-82,-82,-24,-29
-48,-39,9,43,-29,-14,-48,-29,-82,-82,-19,-29
-48,-34,14,41,-31,-9,-48,-29,-82,-73,-19,-24
-48,-34,14,41,-31,-9,-48,-29,-82,-63,-19,-24
-48,-24,24,36,-36,0,-39,-34,-82,-73,-24,-34
-48,-24,24,36,-36,0,-39,-34,-82,-73,-24,-34
-48,-24,24,36,-36,0,-39,-34,-82,-73,-24,-34
-48,-24,24,36,-36,0,-39,-34,-82,-73,-24,-34
-58,-34,24,46,-41,-4,-39,-29,-92,-63,-24,-34
-58,-34,24,46,-41,-4,-39,-29,-92,-63,-19,-34
-58,-34,24,46,-41,-4,-39,-34,-92,-68,-19,-34
-58,-34,24,46,-41,-4,-39,-34,-92,-68,-24,-34
-48,-43,4,46,-26,-19,-48,-34,-92,-78,-24,-34
-53,-43,9,48,-31,-17,-48,-34,-92,-78,-24,-34
-53,-43,9,48,-31,-17,-48,-34,-92,-78,-24,-34
-53,-43,9,48,-31,-17,-48,-34,-92,-78,-24,-34
-48,-34,14,41,-31,-9,-39,-34,-92,-68,-14,-24
-48,-34,14,41,-31,-9,-39,-29,-92,-68,-14,-24
-48,-34,14,41,-31,-9,-39,-29,-92,-68,-14,-24
-48,-34,14,41,-31,-9,-39,-29,-92,-68,-14,-24
-39,-24,14,31,-26,-4,-39,-29,-82,-68,-14,-34
-39,-24,14,31,-26,-4,-39,-29,-82,-68,-14,-34
-39,-24,14,31,-26,-4,-39,-29,-82,-68,-19,-34
-39,-34,4,36,-21,-14,-39,-29,-82,-68,-19,-34
-48,-34,14,41,-31,-9,-39,-29,-92,-73,-14,-24
-48,-34,14,41,-31,-9,-43,-34,-92,-73,-14,-24
-48,-34,14,41,-31,-9,-43,-34,-92,-73,-14,-24
-53,-34,19,43,-36,-7,-43,-34,-92,-73,-14,-24
-53,-34,19,43,-36,-7,-53,-43,-97,-82,-24,-34
-48,-34,14,41,-31,-9,-48,-43,-102,-82,-24,-34
-48,-34,14,41,-31,-9,-48,-43,-102,-87,-29,-34
-48,-39,9,43,-29,-14,-48,-43,-102,-87,-29,-34
-48,-39,9,43,-29,-14,-58,-43,-92,-78,-19,-34
-48,-39,9,43,-29,-14,-58,-43,-92,-78,-19,-34
-53,-39,14,46,-34,-12,-58,-43,-92,-78,-19,-34
-53,-39,14,46,-34,-12,-53,-43,-92,-78,-19,-34
-53,-29,24,41,-39,-2,-53,-43,-97,-87,-19,-34
-53,-29,24,41,-39,-2,-53,-48,-102,-87,-19,-39
-53,-29,24,41,-39,-2,-58,-53,-107,-87,-24,-39
-53,-29,24,41,-39,-2,-58,-53,-117,-92,-24,-39
-43,-39,4,41,-24,-17,-58,-53,-107,-82,-24,-39
-43,-39,4,41,-24,-17,-58,-53,-107,-82,-24,-39
-43,-39,4,41,-24,-17,-58,-63,-112,-82,-24,-39
-43,-39,4,41,-24,-17,-58,-63,-112,-82,-24,-39
-43,-39,4,41,-24,-17,-58,-53,-102,-73,-24,-29
-43,-39,4,41,-24,-17,-58,-53,-102,-73,-24,-29
-43,-39,4,41,-24,-17,-58,-53,-102,-73,-24,-29
-43,-39,4,41,-24,-17,-58,-53,-102,-73,-24,-34
-43,-39,4,41,-24,-17,-58,-63,-112,-73,-34,-34
-48,-39,9,43,-29,-14,-63,-63,-112,-73,-34,-34
-48,-43,4,46,-26,-19,-68,-63,-117,-78,-34,-34
-48,-43,4,46,-26,-19,-68,-63,-117,-78,-34,-34
-48,-43,4,46,-26,-19,-78,-63,-107,-87,-34,-34
-53,-39,14,46,-34,-12,-78,-63,-107,-87,-34,-34
-58,-39,19,48,-39,-9,-78,-63,-107,-87,-39,-39
-68,-53,14,61,-41,-19,-73,-63,-107,-87,-39,-39
-53,-34,19,43,-36,-7,-63,-53,-112,-82,-29,-34
-48,-34,14,41,-31,-9,-63,-53,-112,-82,-29,-34
-43,-34,9,39,-26,-12,-68,-58,-117,-87,-29,-34
-39,-34,4,36,-21,-14,-68,-58,-117,-87,-34,-34
-43,-43,0,43,-21,-21,-68,-63,-117,-87,-34,-34
-53,-48,4,51,-29,-21,-73,-63,-122,-87,-34,-34
-58,-53,4,56,-31,-24,-73,-63,-122,-92,-34,-39
-63,-53,9,58,-36,-21,-68,-63,-122,-92,-34,-39
-68,-58,9,63,-39,-24,-68,-63,-122,-92,-43,-48
-68,-58,9,63,-39,-24,-68,-63,-122,-92,-43,-48
-68,-58,9,63,-39,-24,-73,-63,-122,-92,-43,-48
-68,-58,9,63,-39,-24,-73,-63,-122,-92,-43,-48
-63,-48,14,56,-39,-17,-63,-58,-112,-92,-34,-48
-58,-48,9,53,-34,-19,-63,-58,-112,-87,-34,-43
-53,-48,4,51,-29,-21,-63,-63,-112,-87,-34,-43
-48,-48,0,48,-24,-24,-63,-63,-112,-87,-34,-43
-58,-48,9,53,-34,-19,-73,-63,-122,-92,-34,-48
-58,-48,9,53,-34,-19,-73,-63,-122,-92,-34,-48
-58,-48,9,53,-34,-19,-78,-63,-122,-92,-34,-48
-58,-48,9,53,-34,-19,-78,-63,-122,-92,-34,-43
-68,-48,19,58,-43,-14,-63,-63,-117,-87,-34,-43
-63,-48,14,56,-39,-17,-63,-63,-117,-87,-34,-43
-63,-48,14,56,-39,-17,-63,-63,-117,-87,-39,-43
-63,-48,14,56,-39,-17,-63,-63,-117,-87,-39,-43
-58,-43,14,51,-36,-14,-63,-53,-117,-78,-34,-43
-58,-39,19,48,-39,-9,-63,-48,-112,-78,-29,-39
-58,-34,24,46,-41,-4,-63,-43,-107,-78,-19,-34
-63,-29,34,46,-48,2,-63,-39,-102,-78,-14,-29
-63,-24,39,43,-51,7,-53,-48,-92,-78,-19,-29
-58,-19,39,39,-48,9,-48,-48,-102,-78,-19,-39
-48,-29,19,39,-34,-4,-48,-48,-112,-78,-19,-29
-58,-39,19,48,-39,-9,-68,-48,-107,-78,-19,-29
-58,-29,29,43,-43,0,-58,-48,-107,-78,-19,-29
-58,-29,29,43,-43,0,-58,-48,-107,-78,-19,-29
-58,-29,29,43,-43,0,-58,-48,-107,-78,-19,-29
-58,-29,29,43,-43,0,-58,-48,-107,-78,-19,-29
-34,-19,14,26,-24,-2,-53,-43,-97,-73,-14,-24
-29,-9,19,19,-24,4,-53,-39,-97,-73,-14,-19
-24,-4,19,14,-21,7,-48,-39,-92,-73,-14,-19
-19,0,19,9,-19,9,-48,-34,-92,-73,-9,-19
-29,4,34,12,-31,19,-39,-34,-82,-63,0,-9
-29,4,34,12,-31,19,-39,-34,-82,-63,-4,-14
-29,9,39,9,-34,24,-34,-34,-82,-63,-4,-14
-29,14,43,7,-36,29,-29,-29,-73,-58,-4,-9
-24,19,43,2,-34,31,-19,-9,-53,-34,19,-4
-14,34,48,-9,-31,41,-24,-9,-53,-29,24,4
-9,48,58,-19,-34,53,-29,-14,-53,-29,29,9
-9,48,58,-19,-34,53,-34,-19,-53,-29,29,9
-4,48,53,-21,-29,51,-43,-34,-63,-39,19,9
0,48,48,-24,-24,48,-58,-34,-68,-39,19,9
9,48,39,-29,-14,43,-68,-39,-73,-43,14,9
9,48,39,-29,-14,43,-87,-43,-92,-53,9,4
14,39,24,-26,-4,31,-82,-53,-102,-68,-4,-4
19,34,14,-26,2,24,-87,-58,-102,-68,-4,-4
19,29,9,-24,4,19,-87,-58,-107,-68,-4,-4
19,19,0,-19,9,9,-87,-58,-112,-73,-9,-9
34,14,-19,-24,26,-2,-102,-58,-102,-63,0,-9
34,19,-14,-26,24,2,-102,-58,-107,-63,-4,-9
29,19,-9,-24,19,4,-107,-68,-107,-68,-4,-9
24,24,0,-24,12,12,-112,-68,-107,-68,-4,-14
14,4,-9,-9,12,-2,-112,-68,-112,-82,-14,-19
9,-4,-14,-2,12,-9,-107,-63,-117,-82,-14,-19
9,-14,-24,2,17,-19,-107,-58,-122,-82,-14,-24
4,-29,-34,12,19,-31,-107,-58,-126,-87,-19,-24
24,-19,-43,-2,34,-31,-102,-48,-117,-78,-14,-24
24,-19,-43,-2,34,-31,-102,-53,-117,-78,-14,-29
19,-24,-43,2,31,-34,-102,-53,-117,-78,-14,-29
-4,-39,-34,21,14,-36,-102,-53,-117,-82,-19,-29
-14,-39,-24,26,4,-31,-102,-63,-117,-82,-29,-34
-24,-48,-24,36,0,-36,-102,-63,-122,-87,-34,-43
-39,-58,-19,48,-9,-39,-102,-68,-126,-92,-39,-48
-48,-58,-9,53,-19,-34,-102,-73,-126,-97,-43,-48
-68,-68,0,68,-34,-34,-92,-82,-141,-102,-39,-53
-78,-68,9,73,-43,-29,-92,-82,-141,-107,-43,-58
-78,-68,9,73,-43,-29,-92,-82,-141,-107,-43,-58
-73,-63,9,68,-41,-26,-92,-82,-141,-107,-48,-58
-68,-53,14,61,-41,-19,-102,-78,-141,-112,-48,-48
-68,-63,4,65,-36,-29,-102,-82,-141,-112,-48,-53
-68,-63,4,65,-36,-29,-102,-82,-146,-117,-48,-53
-63,-63,0,63,-31,-31,-102,-82,-146,-117,-53,-63
-68,-73,-4,70,-31,-39,-102,-87,-156,-126,-63,-73
-73,-78,-4,75,-34,-41,-102,-87,-151,-126,-63,-68
-78,-82,-4,80,-36,-43,-102,-92,-151,-122,-58,-63
-87,-87,0,87,-43,-43,-97,-97,-151,-122,-58,-63
-82,-78,4,80,-43,-36,-97,-87,-151,-112,-58,-63
-82,-78,4,80,-43,-36,-97,-82,-151,-112,-58,-63
-78,-78,0,78,-39,-39,-97,-82,-151,-112,-58,-63
-78,-78,0,78,-39,-39,-97,-82,-151,-112,-58,-63
-78,-68,9,73,-43,-29,-97,-87,-151,-107,-48,-58
-82,-68,14,75,-48,-26,-97,-87,-151,-107,-48,-58
-82,-73,9,78,-46,-31,-97,-87,-151,-102,-48,-58
-82,-73,9,78,-46,-31,-92,-87,-151,-102,-48,-58
-82,-73,9,78,-46,-31,-102,-82,-141,-112,-48,-58
-82,-73,9,78,-46,-31,-102,-82,-141,-112,-48,-58
-82,-68,14,75,-48,-26,-102,-82,-141,-112,-48,-53
-82,-68,14,75,-48,-26,-102,-82,-136,-112,-48,-53
-87,-73,14,80,-51,-29,-102,-82,-141,-122,-58,-63
-87,-78,9,82,-48,-34,-102,-82,-146,-122,-58,-68
-87,-82,4,85,-46,-39,-102,-82,-151,-122,-58,-68
-87,-87,0,87,-43,-43,-102,-82,-156,-122,-58,-63
-78,-78,0,78,-39,-39,-92,-82,-146,-112,-53,-63
-78,-78,0,78,-39,-39,-92,-82,-146,-112,-53,-63
-78,-78,0,78,-39,-39,-92,-82,-146,-112,-48,-63
-78,-82,-4,80,-36,-43,-92,-82,-146,-112,-48,-63
-82,-92,-9,87,-36,-51,-82,-63,-136,-102,-48,-63
-82,-87,-4,85,-39,-46,-87,-63,-126,-107,-39,-53
-87,-78,9,82,-48,-34,-97,-63,-126,-97,-39,-43
-78,-68,9,73,-43,-29,-82,-58,-122,-87,-39,-53
-73,-68,4,70,-39,-31,-68,-53,-117,-82,-39,-53
-82,-73,9,78,-46,-31,-58,-48,-107,-82,-34,-43
-92,-73,19,82,-56,-26,-58,-39,-97,-78,-24,-48
-68,-73,-4,70,-31,-39,-53,-19,-92,-73,-24,-39
-48,-63,-14,56,-17,-39,-34,14,-58,-53,0,-34
-24,-34,-9,29,-7,-21,-4,58,-14,-14,34,-4
-9,-34,-24,21,7,-29,9,112,34,24,63,19
-4,-48,-43,26,19,-46,34,156,73,48,82,29
-4,-53,-48,29,21,-51,87,219,126,92,107,48
24,-43,-68,9,46,-56,151,292,195,151,151,87
53,-29,-82,-12,68,-56,204,370,268,204,204,112
92,-24,-117,-34,104,-70,248,444,331,258,253,141
141,9,-131,-75,136,-61,292,531,414,326,322,190
219,73,-146,-146,183,-36,317,600,497,405,400,258
307,131,-175,-219,241,-21,297,644,561,488,468,322
375,195,-180,-285,278,7,273,678,619,570,551,405
453,268,-185,-361,319,41,234,678,658,639,629,478
512,322,-190,-417,351,65,161,605,619,658,663,522
512,331,-180,-422,346,75,29,463,527,634,653,517
507,322,-185,-414,346,68,-117,278,375,546,590,483
507,307,-200,-407,353,53,-283,87,195,424,512,429
488,273,-214,-380,351,29,-439,-102,0,283,419,370
424,224,-200,-324,312,12,-590,-312,-219,122,287,273
322,156,-165,-239,244,-4,-727,-527,-444,-68,126,161
195,48,-146,-122,170,-48,-819,-732,-668,-273,-48,34
78,-63,-141,-7,109,-102,-849,-883,-868,-478,-244,-117
-29,-146,-117,87,43,-131,-849,-976,-990,-624,-380,-234
-117,-175,-58,146,-29,-117,-854,-1029,-1044,-688,-448,-283
-185,-175,9,180,-97,-82,-839,-1029,-1024,-688,-453,-292
-200,-136,63,168,-131,-36,-785,-961,-961,-649,-424,-273
-204,-87,117,146,-161,14,-697,-834,-844,-566,-366,-234
-204,-53,151,129,-178,48,-600,-697,-697,-478,-297,-195
-204,-39,165,122,-185,63,-512,-570,-585,-390,-244,-151
-190,-24,165,107,-178,70,-429,-478,-502,-322,-195,-117
-156,-4,151,80,-153,73,-361,-385,-424,-258,-146,-97
-112,0,112,56,-112,56,-292,-292,-326,-200,-97,-68
-78,-9,68,43,-73,29,-248,-204,-253,-146,-53,-48
-48,-9,39,29,-43,14,-204,-131,-195,-112,-29,-29
-14,0,14,7,-14,7,-165,-73,-141,-78,4,-9
-9,-9,0,9,-4,-4,-136,-43,-112,-63,19,0
-19,-19,0,19,-9,-9,-131,-39,-102,-58,19,-4
-19,-19,0,19,-9,-9,-117,-29,-92,-48,14,4
-4,0,4,2,-4,2,-87,-4,-73,-24,29,19
-19,4,24,7,-21,14,-78,9,-58,-14,34,19
-39,-9,29,24,-34,9,-78,9,-53,-9,43,19
-39,0,39,19,-39,19,-78,19,-58,-14,48,9
-34,-4,29,19,-31,12,-78,19,-58,-14,48,9
-34,-9,24,21,-29,7,-78,19,-58,-19,43,9
-34,-9,24,21,-29,7,-73,24,-58,-19,43,9
-34,-14,19,24,-26,2,-68,14,-68,-24,34,9
-29,-19,9,24,-19,-4,-58,19,-58,-24,34,9
-29,-19,9,24,-19,-4,-53,29,-53,-14,34,9
-34,-9,24,21,-29,7,-48,39,-43,-14,39,14
-34,0,34,17,-34,17,-48,48,-34,0,58,24
-29,0,29,14,-29,14,-48,48,-34,0,58,24
-29,-4,24,17,-26,9,-48,48,-29,0,53,24
-29,-4,24,17,-26,9,-48,48,-29,0,53,24
-19,-4,14,12,-17,4,-39,48,-29,9,63,24
-14,-4,9,9,-12,2,-34,58,-29,9,63,24
-14,-4,9,9,-12,2,-24,63,-19,14,63,24
-14,0,14,7,-14,7,-24,63,-19,19,73,29
-24,0,24,12,-24,12,-34,63,-9,9,63,24
-24,0,24,12,-24,12,-34,73,-9,9,63,24
-24,0,24,12,-24,12,-43,63,-19,9,63,24
-24,0,24,12,-24,12,-43,63,-19,9,63,24
-24,-4,19,14,-21,7,-43,63,-14,9,58,24
-24,-9,14,17,-19,2,-34,63,-9,14,58,24
-24,-14,9,19,-17,-2,-34,63,-9,19,63,24
-24,-14,9,19,-17,-2,-34,73,-9,19,63,24
-9,-4,4,7,-7,0,-39,82,-4,24,78,43
0,-4,-4,2,2,-4,-39,82,-4,24,78,43
4,-4,-9,0,7,-7,-43,82,0,24,78,43
14,0,-14,-7,14,-7,-43,82,0,29,82,48
4,0,-4,-2,4,-2,-43,87,-4,29,82,48
4,0,-4,-2,4,-2,-43,87,-4,29,82,48
0,0,0,0,0,0,-43,87,4,34,82,48
-4,4,9,0,-7,7,-43,92,4,34,87,48
14,4,-9,-9,12,-2,-53,92,4,34,92,48
14,4,-9,-9,12,-2,-53,92,9,34,92,48
14,4,-9,-9,12,-2,-53,97,9,43,92,58
14,4,-9,-9,12,-2,-53,97,14,43,92,58
19,14,-4,-17,12,4,-43,97,14,43,97,58
19,14,-4,-17,12,4,-43,102,14,43,97,58
24,19,-4,-21,14,7,-43,107,19,48,102,58
24,24,0,-24,12,12,-43,107,24,48,102,63
39,24,-14,-31,26,4,-53,107,24,53,112,63
39,24,-14,-31,26,4,-48,107,24,53,117,68
43,34,-9,-39,26,12,-48,112,24,58,117,68
53,34,-19,-43,36,7,-48,112,29,58,117,73
48,34,-14,-41,31,9,-48,117,29,68,112,73
53,39,-14,-46,34,12,-48,122,34,73,122,78
53,39,-14,-46,34,12,-48,122,34,78,122,82
58,39,-19,-48,39,9,-48,122,39,78,122,82
63,43,-19,-53,41,12,-63,126,43,73,122,73
73,43,-29,-58,51,7,-63,126,43,78,126,73
78,43,-34,-61,56,4,-63,131,43,78,126,78
82,43,-39,-63,61,2,-68,131,43,78,131,82
78,39,-39,-58,58,0,-78,131,48,97,141,92
87,43,-43,-65,65,0,-73,141,53,97,151,92
92,43,-48,-68,70,-2,-73,141,53,97,156,97
97,48,-48,-73,73,0,-78,141,53,107,156,102
102,48,-53,-75,78,-2,-73,146,58,97,151,97
102,48,-53,-75,78,-2,-73,151,58,102,156,97
112,48,-63,-80,87,-7,-78,151,63,102,161,102
122,53,-68,-87,95,-7,-78,151,63,102,161,107
141,68,-73,-104,107,-2,-92,151,63,117,175,122
151,73,-78,-112,114,-2,-92,161,73,126,180,126
151,78,-73,-114,112,2,-92,165,73,131,185,131
165,82,-82,-124,124,0,-97,165,78,136,190,131
165,82,-82,-124,124,0,-112,165,68,131,185,126
180,82,-97,-131,139,-7,-112,165,73,136,190,131
180,82,-97,-131,139,-7,-117,170,73,136,195,136
180,78,-102,-129,141,-12,-117,170,73,136,200,141
195,78,-117,-136,156,-19,-122,161,78,146,214,141
209,82,-126,-146,168,-21,-126,165,78,151,219,146
219,82,-136,-151,178,-26,-126,165,82,156,224,151
229,92,-136,-161,183,-21,-131,165,82,156,229,156
239,102,-136,-170,187,-17,-141,165,82,165,234,165
253,107,-146,-180,200,-19,-146,165,82,165,239,170
263,112,-151,-187,207,-19,-151,165,82,175,239,175
273,122,-151,-197,212,-14,-151,170,82,180,244,175
273,131,-141,-202,207,-4,-161,180,92,190,258,185
278,131,-146,-204,212,-7,-161,180,92,190,258,190
292,131,-161,-212,226,-14,-165,180,92,200,263,204
297,141,-156,-219,226,-7,-170,180,97,200,268,209
302,131,-170,-217,236,-19,-180,165,87,195,263,204
307,131,-175,-219,241,-21,-195,165,82,190,263,204
302,136,-165,-219,234,-14,-200,165,82,190,263,200
307,136,-170,-222,239,-17,-200,165,82,185,268,200
312,126,-185,-219,248,-29,-209,156,82,190,268,204
312,136,-175,-224,244,-19,-214,156,82,190,273,204
312,136,-175,-224,244,-19,-214,151,82,185,273,204
312,131,-180,-222,246,-24,-214,146,78,185,263,204
297,131,-165,-214,231,-17,-214,146,63,180,263,204
297,136,-161,-217,229,-12,-214,141,58,180,263,200
292,136,-156,-214,224,-9,-214,136,53,175,258,200
273,131,-141,-202,207,-4,-214,126,48,165,253,195
283,131,-151,-207,217,-9,-209,112,39,161,239,185
268,126,-141,-197,204,-7,-204,107,39,156,229,170
253,122,-131,-187,192,-4,-204,97,29,141,214,161
244,112,-131,-178,187,-9,-204,92,24,131,200,146
219,112,-107,-165,163,2,-190,92,29,122,200,151
200,102,-97,-151,148,2,-190,87,24,112,190,141
185,92,-92,-139,139,0,-180,87,9,102,180,126
170,87,-82,-129,126,2,-175,87,0,97,170,122
156,92,-63,-124,109,14,-180,73,-9,78,151,112
141,82,-58,-112,100,12,-175,63,-19,68,141,102
131,82,-48,-107,90,17,-170,58,-19,58,131,97
112,73,-39,-92,75,17,-161,58,-24,53,122,87
97,68,-29,-82,63,19,-161,53,-24,53,112,78
87,58,-29,-73,58,14,-156,48,-29,43,97,73
78,48,-29,-63,53,9,-151,43,-39,34,97,63
68,43,-24,-56,46,9,-146,34,-48,24,87,53
43,39,-4,-41,24,17,-136,29,-53,19,87,48
39,24,-14,-31,26,4,-136,24,-53,9,78,43
24,9,-14,-17,19,-2,-136,19,-53,0,73,39
14,0,-14,-7,14,-7,-131,9,-58,0,63,24
19,4,-14,-12,17,-4,-131,9,-63,-4,53,14
4,0,-4,-2,4,-2,-136,4,-68,-9,48,9
0,-4,-4,2,2,-4,-136,0,-78,-24,43,9
-4,-4,0,4,-2,-2,-131,0,-78,-24,43,4
-14,-9,4,12,-9,-2,-131,-4,-87,-29,39,9
-19,-14,4,17,-12,-4,-131,-9,-87,-29,34,4
-29,-19,9,24,-19,-4,-131,-9,-92,-34,29,4
-29,-24,4,26,-17,-9,-131,-14,-97,-34,29,0
-19,-14,4,17,-12,-4,-141,-9,-87,-39,39,4
-19,-14,4,17,-12,-4,-141,-9,-92,-43,29,0
-19,-14,4,17,-12,-4,-141,-9,-92,-43,29,-4
-24,-14,9,19,-17,-2,-141,-14,-97,-48,24,-4
-24,-24,0,24,-12,-12,-141,-19,-107,-48,24,-9
-24,-24,0,24,-12,-12,-141,-19,-107,-48,24,-9
-29,-34,-4,31,-12,-19,-141,-24,-107,-53,19,-9
-29,-39,-9,34,-9,-24,-141,-24,-107,-53,19,-14
-34,-43,-9,39,-12,-26,-151,-34,-112,-53,9,-14
-39,-48,-9,43,-14,-29,-151,-34,-112,-58,9,-19
-48,-53,-4,51,-21,-29,-151,-34,-122,-63,4,-29
-58,-63,-4,61,-26,-34,-161,-39,-122,-63,-4,-29
-53,-58,-4,56,-24,-31,-161,-39,-122,-63,-4,-14
-39,-48,-9,43,-14,-29,-161,-39,-122,-63,0,-14
-34,-43,-9,39,-12,-26,-161,-39,-122,-68,4,-14
-34,-43,-9,39,-12,-26,-156,-43,-122,-68,4,-14
-43,-34,9,39,-26,-12,-165,-43,-112,-63,4,-24
-43,-34,9,39,-26,-12,-165,-43,-112,-63,0,-24
-39,-34,4,36,-21,-14,-165,-43,-117,-63,0,-24
-39,-29,9,34,-24,-9,-165,-43,-117,-63,0,-24
-29,-39,-9,34,-9,-24,-156,-34,-112,-68,-4,-14
-29,-39,-9,34,-9,-24,-156,-34,-112,-68,-4,-14
-29,-39,-9,34,-9,-24,-156,-34,-112,-68,0,-14
-29,-39,-9,34,-9,-24,-156,-34,-112,-68,0,-14
-34,-53,-19,43,-7,-36,-165,-43,-126,-68,0,-29
-39,-53,-14,46,-12,-34,-165,-43,-126,-68,0,-29
-43,-53,-9,48,-17,-31,-165,-43,-122,-68,0,-29
-48,-48,0,48,-24,-24,-165,-39,-122,-63,0,-24
-48,-43,4,46,-26,-19,-156,-29,-117,-53,9,-14
-48,-43,4,46,-26,-19,-156,-29,-117,-53,14,-14
-48,-48,0,48,-24,-24,-156,-29,-117,-53,14,-14
-48,-48,0,48,-24,-24,-156,-29,-117,-53,14,-14
-39,-48,-9,43,-14,-29,-165,-29,-117,-53,4,-14
-39,-48,-9,43,-14,-29,-165,-29,-117,-53,4,-14
-39,-48,-9,43,-14,-29,-165,-29,-117,-53,4,-14
-39,-48,-9,43,-14,-29,-165,-29,-117,-53,4,-9
-39,-48,-9,43,-14,-29,-165,-24,-107,-53,4,-19
-43,-48,-4,46,-19,-26,-165,-24,-107,-53,4,-19
-43,-48,-4,46,-19,-26,-165,-24,-107,-53,4,-19
-43,-48,-4,46,-19,-26,-165,-24,-107,-53,4,-19
-29,-43,-14,36,-7,-29,-170,-14,-107,-53,14,-9
-29,-39,-9,34,-9,-24,-175,-19,-107,-53,14,-9
-29,-34,-4,31,-12,-19,-180,-19,-107,-53,14,-9
-29,-29,0,29,-14,-14,-185,-14,-107,-53,14,-9
-29,-39,-9,34,-9,-24,-195,-14,-102,-53,14,-9
-48,-39,9,43,-29,-14,-195,-19,-102,-53,19,-9
-48,-34,14,41,-31,-9,-195,-19,-102,-43,19,-4
