I,II,III,aVR,aVL,aVF,V1,V2,V3,V4,V5,V6
2,-152,-154,76,79,-153,43,-3,0,0,-50,-100
23,-124,-148,51,85,-136,44,44,17,17,-38,-92
48,-89,-137,21,93,-113,54,93,52,51,-12,-83
52,-76,-128,12,90,-101,45,78,66,70,7,-84
50,-66,-116,8,84,-91,38,70,59,77,14,-85
35,-68,-103,17,70,-86,25,13,46,64,8,-85
-10,-91,-82,51,36,-86,27,-70,40,48,-6,-85
-39,-97,-58,69,10,-77,26,-166,10,10,-40,-86
-38,-92,-55,66,9,-73,-3,-241,-29,-29,-61,-83
-62,-117,-55,90,-3,-86,-23,-293,-71,-56,-85,-109
-87,-142,-55,115,-16,-98,-35,-341,-109,-85,-110,-134
-79,-149,-70,114,-4,-110,-35,-345,-116,-89,-112,-136
-96,-173,-76,135,-10,-124,-35,-351,-150,-109,-132,-145
-102,-180,-79,141,-11,-129,-35,-349,-168,-125,-142,-145
-88,-171,-83,129,-2,-126,-35,-344,-155,-118,-139,-145
-85,-169,-84,128,0,-126,-33,-342,-154,-121,-141,-142
-67,-163,-96,115,15,-129,-29,-336,-146,-120,-140,-139
-65,-159,-94,112,15,-126,-30,-335,-140,-120,-140,-140
-76,-159,-83,118,4,-121,-27,-324,-151,-120,-136,-135
-78,-159,-81,119,2,-120,-24,-309,-161,-120,-133,-135
-78,-154,-76,116,-1,-115,-26,-298,-159,-120,-131,-135
-74,-150,-77,112,2,-113,-29,-292,-162,-120,-127,-135
-60,-144,-85,102,13,-114,-31,-289,-166,-120,-125,-136
-72,-161,-89,116,9,-125,-29,-284,-164,-120,-127,-132
-107,-192,-85,150,-11,-139,-32,-280,-162,-117,-135,-130
-106,-185,-80,146,-13,-132,-44,-275,-158,-115,-139,-130
-101,-177,-76,139,-13,-126,-45,-270,-156,-115,-136,-130
-109,-181,-71,145,-19,-126,-40,-266,-153,-111,-131,-130
-113,-179,-66,146,-24,-122,-39,-261,-150,-109,-128,-130
-116,-183,-67,150,-25,-124,-35,-262,-149,-111,-125,-130
-105,-185,-80,145,-12,-132,-36,-269,-144,-114,-120,-130
-96,-185,-90,141,-3,-137,-46,-276,-138,-116,-122,-130
-90,-181,-90,135,0,-135,-50,-289,-134,-114,-125,-130
-86,-175,-89,130,2,-132,-53,-300,-130,-116,-125,-130
-79,-170,-91,124,6,-130,-55,-300,-124,-114,-129,-130
-76,-164,-89,120,7,-126,-58,-299,-130,-116,-131,-130
-69,-159,-90,115,11,-124,-61,-300,-138,-114,-130,-130
-71,-152,-81,112,5,-117,-54,-299,-135,-117,-125,-130
-92,-174,-83,133,-4,-128,-49,-298,-134,-125,-120,-130
-98,-193,-96,145,-1,-144,-37,-282,-131,-119,-117,-130
-100,-174,-74,138,-12,-124,-46,-276,-129,-111,-111,-122
-105,-165,-61,135,-22,-113,-37,-280,-127,-91,-108,-113
-93,-146,-53,120,-19,-99,-12,-267,-119,-79,-97,-102
-19,-76,-57,48,19,-66,-15,-271,-120,-86,-90,-93
29,-33,-62,2,46,-48,-33,-274,-121,-86,-91,-90
-8,-70,-62,39,27,-66,-78,-284,-118,-80,-88,-89
-33,-132,-99,83,33,-115,-75,-286,-123,-83,-93,-85
-19,-130,-112,75,47,-121,-65,-284,-115,-75,-85,-85
-36,-152,-116,94,40,-134,-71,-286,-132,-102,-112,-110
-86,-181,-95,133,5,-137,-53,-298,-144,-118,-127,-110
-103,-191,-89,147,-7,-140,-41,-326,-153,-124,-139,-122
-100,-179,-79,140,-10,-129,-51,-302,-140,-109,-130,-117
-104,-171,-68,138,-17,-119,-43,-319,-139,-100,-127,-113
-79,-219,-140,149,31,-179,26,-126,-114,-107,-151,-142
53,-62,-114,5,84,-88,-40,-57,64,52,-10,-54
312,350,38,-331,137,194,-378,-567,359,413,351,248
422,943,521,-683,-50,732,-823,-1108,715,912,898,744
133,750,617,-442,-243,683,-878,-1383,325,582,687,655
-113,35,148,39,-131,91,-534,-1092,-299,-160,-21,97
-145,-66,79,105,-111,6,-258,-595,-242,-176,-124,-67
-147,-130,17,138,-82,-56,-112,-396,-192,-134,-142,-112
-106,-195,-89,150,-8,-142,-62,-287,-178,-139,-164,-140
-132,-199,-67,166,-32,-133,-30,-246,-156,-117,-139,-133
-119,-219,-100,170,-9,-159,4,-230,-164,-130,-153,-146
-69,-179,-110,125,21,-145,18,-223,-139,-107,-133,-131
-74,-191,-117,133,22,-154,23,-205,-145,-116,-141,-136
-75,-181,-106,128,16,-143,20,-180,-128,-100,-128,-126
-75,-183,-108,130,16,-145,19,-169,-129,-100,-126,-126
-78,-179,-101,129,12,-140,17,-154,-117,-90,-117,-121
-80,-180,-100,130,10,-140,13,-139,-107,-84,-110,-118
-74,-174,-100,124,14,-137,19,-111,-98,-78,-105,-115
-65,-164,-99,114,18,-131,47,-94,-86,-69,-95,-111
-34,-158,-124,96,45,-140,47,-61,-78,-67,-89,-109
-22,-149,-126,86,52,-137,62,-8,-63,-45,-74,-95
-25,-140,-114,83,45,-127,76,52,-39,-15,-50,-82
-3,-113,-110,58,54,-111,83,126,-1,16,-28,-68
27,-76,-103,25,65,-89,107,200,51,56,-2,-47
70,-29,-99,-20,85,-63,115,268,97,99,26,-14
89,-3,-92,-42,90,-47,123,296,132,132,51,10
122,39,-83,-80,102,-22,114,286,152,145,67,14
132,60,-73,-96,102,-6,100,277,146,138,59,22
91,28,-62,-59,76,-17,91,221,124,127,46,24
79,19,-60,-49,69,-21,73,120,88,102,36,12
41,-18,-59,-12,51,-38,54,34,57,59,19,-3
15,-46,-61,15,38,-53,49,-42,12,32,-3,-19
-2,-61,-59,32,28,-60,51,-89,-30,9,-22,-36
-17,-78,-61,47,23,-69,49,-127,-43,-18,-46,-51
-3,-63,-60,33,29,-62,51,-158,-60,-36,-66,-58
-3,-73,-70,39,34,-72,46,-164,-74,-50,-70,-57
-15,-89,-74,52,29,-81,39,-174,-79,-55,-70,-54
-60,-92,-32,76,-14,-62,32,-177,-80,-55,-70,-55
-49,-86,-37,68,-6,-61,26,-179,-80,-55,-70,-55
-51,-102,-51,76,0,-76,19,-183,-80,-55,-70,-55
-84,-127,-43,106,-20,-85,6,-185,-80,-55,-70,-54
-39,-104,-65,72,13,-85,6,-183,-78,-53,-67,-49
-26,-88,-61,57,18,-74,23,-177,-71,-47,-64,-46
-44,-90,-46,67,1,-68,32,-173,-66,-42,-61,-43
-48,-89,-41,69,-4,-65,31,-169,-61,-39,-58,-38
-51,-91,-39,71,-6,-65,29,-164,-54,-34,-56,-35
-49,-90,-40,70,-4,-65,30,-160,-51,-30,-53,-35
-50,-90,-40,70,-5,-65,30,-160,-54,-37,-50,-35
-50,-90,-41,70,-5,-65,30,-160,-56,-48,-48,-35
-33,-71,-37,52,2,-54,39,-160,-54,-50,-44,-35
-30,-65,-35,48,3,-50,39,-160,-56,-50,-42,-35
-31,-66,-34,49,2,-50,30,-160,-53,-54,-38,-35
-23,-72,-49,48,13,-60,24,-160,-60,-55,-41,-35
-19,-76,-57,48,19,-66,18,-160,-67,-55,-45,-35
-8,-58,-50,33,21,-54,10,-160,-65,-55,-46,-35
-34,-84,-50,59,8,-67,21,-160,-65,-55,-66,-35
-55,-100,-45,78,-5,-72,46,-160,-61,-55,-72,-35
-46,-92,-45,69,0,-68,44,-160,-60,-55,-65,-31
-57,-97,-40,77,-8,-68,38,-155,-60,-55,-65,-30
-56,-95,-39,75,-8,-67,35,-150,-55,-53,-60,-30
-37,-88,-51,63,7,-69,29,-146,-54,-50,-60,-30
-35,-92,-57,64,11,-74,27,-141,-53,-50,-60,-31
-14,-67,-53,41,20,-60,20,-136,-47,-50,-60,-29
-22,-72,-50,47,14,-61,24,-131,-61,-50,-61,-25
-50,-101,-51,75,1,-76,31,-128,-74,-50,-59,-23
-30,-77,-47,53,9,-62,31,-122,-62,-43,-61,-20
15,-58,-74,22,45,-66,28,-121,-52,-35,-57,-17
27,-35,-62,4,44,-48,46,-98,-42,-27,-44,-14
9,-16,-25,4,17,-21,76,-67,-25,-19,-34,-11
45,13,-32,-29,38,-9,65,-66,-14,-11,-6,3
60,37,-22,-48,40,7,37,-56,-4,6,13,19
53,16,-37,-34,45,-10,8,-79,-10,-7,-6,17
36,-35,-71,0,54,-53,-7,-89,-48,-40,-24,4
10,-48,-59,19,35,-53,13,-93,-44,-40,-18,1
1,-64,-64,31,33,-64,48,-96,-50,-55,-37,-19
-28,-84,-55,56,14,-69,43,-96,-67,-52,-52,-36
-33,-87,-53,60,11,-70,45,-106,-80,-72,-69,-48
-14,-87,-73,51,30,-80,48,-93,-71,-60,-64,-44
-15,-101,-86,58,35,-93,37,-125,-76,-55,-68,-43
12,-108,-120,48,66,-114,112,90,-47,-47,-77,-46
129,64,-65,-96,97,0,20,73,121,112,62,39
397,464,67,-431,164,266,-370,-459,396,451,417,340
567,1056,488,-812,39,772,-834,-917,758,946,979,858
279,832,553,-556,-137,692,-886,-1200,366,604,759,756
-7,101,108,-47,-58,104,-493,-904,-242,-105,57,182
-68,-3,65,36,-67,31,-182,-411,-173,-106,-35,28
-103,-58,45,80,-74,-6,-9,-232,-143,-82,-65,-17
-55,-107,-52,82,-1,-79,60,-113,-128,-88,-95,-56
-48,-100,-52,74,2,-76,70,-76,-96,-68,-75,-52
-47,-118,-71,82,13,-95,83,-72,-104,-81,-94,-63
-39,-98,-59,69,11,-78,78,-77,-84,-60,-78,-62
-43,-107,-65,75,11,-86,77,-70,-92,-69,-91,-78
-36,-91,-55,64,10,-73,68,-60,-76,-55,-77,-63
-34,-89,-54,62,10,-71,66,-54,-78,-56,-74,-60
-30,-80,-50,55,10,-65,56,-45,-68,-49,-64,-53
-46,-92,-45,69,0,-68,61,-26,-64,-45,-55,-45
-14,-75,-61,45,24,-68,89,3,-58,-41,-50,-42
3,-62,-65,30,35,-63,101,11,-52,-35,-39,-35
-10,-68,-58,39,24,-63,109,46,-45,-26,-33,-32
5,-52,-57,24,31,-54,121,88,-18,-18,-23,-27
34,-14,-49,-10,41,-31,136,128,10,-7,-14,-22
68,19,-49,-43,58,-15,150,185,40,29,0,-19
88,51,-37,-69,63,7,171,271,92,63,31,-2
100,84,-16,-92,58,34,181,336,129,93,55,14
121,100,-20,-110,70,40,178,361,157,136,85,29
145,131,-14,-137,79,58,182,382,176,159,114,53
130,133,3,-132,64,68,177,347,168,154,107,53
96,119,23,-108,36,71,166,278,158,141,107,46
84,116,32,-100,25,74,129,182,121,108,96,39
65,94,29,-79,18,62,91,78,73,64,51,33
26,56,29,-41,-1,42,98,7,31,28,22,19
-1,24,25,-12,-13,24,100,-53,-10,-4,7,-7
-27,-3,24,14,-26,11,94,-80,-36,-32,-8,-21
-44,-18,26,31,-34,4,92,-85,-48,-40,-14,-29
-36,-12,24,24,-30,6,88,-89,-57,-42,-21,-38
-37,-11,26,23,-31,7,81,-84,-61,-47,-27,-47
-30,-6,24,17,-27,9,69,-86,-66,-51,-34,-48
-31,-6,25,18,-28,9,60,-84,-68,-56,-39,-43
-45,-19,26,32,-36,3,50,-86,-75,-59,-35,-42
-16,-21,-5,19,-6,-13,47,-95,-83,-57,-31,-38
-17,-17,0,17,-9,-8,40,-94,-78,-51,-29,-36
-44,-16,28,29,-35,6,39,-90,-75,-46,-24,-33
-32,-9,23,20,-27,7,30,-87,-72,-43,-21,-29
-16,3,19,6,-17,11,34,-82,-67,-37,-17,-24
-3,15,18,-7,-11,17,63,-79,-64,-36,-15,-19
20,30,10,-25,5,20,60,-71,-61,-40,-15,-16
17,30,13,-23,2,21,51,-51,-58,-40,-15,-8
-25,26,51,-1,-39,38,47,-59,-56,-40,-15,-25
-27,22,49,2,-38,35,38,-77,-52,-40,-15,-47
-8,19,26,-6,-17,22,35,-75,-51,-40,-20,-44
-17,14,31,1,-24,22,35,-75,-46,-37,-20,-45
-15,12,27,1,-21,19,35,-75,-46,-34,-20,-45
-16,9,25,3,-20,17,35,-77,-50,-36,-20,-45
-14,11,25,1,-20,18,35,-75,-52,-34,-20,-44
10,35,25,-23,-8,29,35,-75,-72,-36,-20,-39
-19,7,25,5,-22,16,39,-73,-76,-34,-19,-41
-31,-6,24,18,-27,9,40,-69,-74,-27,-26,-37
-11,9,21,1,-16,15,40,-70,-80,-44,-31,-35
-33,-13,20,23,-26,3,45,-67,-80,-52,-27,-35
-27,-7,19,17,-23,6,45,-63,-79,-49,-25,-39
-4,10,14,-4,-9,12,44,-62,-75,-51,-22,-44
-4,12,16,-5,-10,14,40,-57,-75,-50,-19,-48
-7,5,12,1,-9,8,35,-57,-75,-50,-18,-49
1,12,11,-6,-5,12,33,-51,-75,-45,-10,-44
-46,-18,28,32,-37,5,27,-48,-75,-45,-16,-38
-64,-34,31,49,-47,-1,26,-65,-75,-45,-39,-35
-27,2,29,13,-29,15,20,-65,-75,-45,-41,-30
-16,15,30,0,-23,22,26,-66,-75,-45,-40,-26
-8,21,29,-6,-19,25,48,-70,-75,-47,-40,-24
-2,30,32,-14,-17,30,50,-70,-77,-50,-40,-27
-2,33,35,-16,-19,34,51,-66,-82,-44,-39,-31
-7,32,39,-13,-24,35,48,-53,-73,-38,-27,-24
27,68,41,-48,-8,55,63,-49,-67,-33,-16,-18
0,72,72,-36,-36,72,84,-50,-46,-27,-2,-10
22,102,79,-62,-29,90,67,-52,-22,-23,12,-6
105,147,42,-127,31,94,39,-47,-20,-12,22,-5
55,89,34,-72,10,61,28,-61,-32,-21,3,-9
23,57,34,-41,-6,46,33,-63,-51,-44,-9,-22
21,57,37,-40,-8,47,25,-68,-54,-47,-2,-27
0,29,29,-15,-15,29,28,-62,-58,-57,-27,-44
-27,24,50,1,-39,36,21,-78,-61,-66,-37,-45
-39,1,40,19,-40,20,30,-82,-79,-83,-58,-63
-33,9,42,12,-37,25,19,-67,-56,-64,-49,-58
-58,-22,36,40,-47,7,36,-62,-76,-76,-66,-68
-1,-18,-16,10,8,-17,111,170,-8,-23,-41,-66
163,193,30,-178,66,111,-20,33,180,147,125,57
479,650,171,-565,154,410,-454,-522,470,521,525,413
578,1139,562,-859,8,850,-918,-956,732,922,1002,904
201,714,513,-457,-157,613,-842,-1141,207,414,605,653
-39,88,128,-25,-84,108,-413,-737,-255,-152,8,103
-57,77,134,-10,-96,105,-141,-292,-133,-101,-19,20
-72,16,88,28,-80,51,-17,-134,-117,-118,-59,-44
-68,-21,47,44,-57,13,29,-50,-88,-99,-67,-76
-86,-36,50,61,-68,7,77,-26,-86,-93,-73,-78
-60,-38,22,49,-41,-8,87,22,-82,-96,-78,-88
-43,-15,28,29,-35,6,83,42,-68,-83,-65,-74
-39,-24,15,32,-27,-5,87,59,-71,-89,-72,-77
-18,-7,11,12,-14,2,83,78,-57,-76,-61,-67
-25,-11,14,18,-19,1,86,83,-60,-81,-66,-67
-19,3,22,8,-20,12,89,98,-50,-65,-54,-59
-18,-11,8,14,-13,-2,96,112,-49,-58,-50,-56
-24,-6,19,15,-21,6,95,120,-43,-47,-42,-49
-1,33,34,-16,-17,33,105,146,-36,-37,-36,-42
15,35,20,-25,-3,27,116,186,-19,-28,-24,-36
46,35,-12,-40,28,12,121,227,9,-16,-10,-29
68,41,-27,-54,47,7,139,283,36,2,6,-23
86,71,-14,-78,50,28,168,359,70,35,35,0
116,110,-6,-113,60,52,189,430,106,69,55,19
121,133,12,-128,54,73,181,484,148,108,79,26
154,180,26,-167,63,103,185,515,189,149,114,51
185,208,24,-197,80,116,190,510,192,158,135,73
166,193,27,-180,69,110,168,476,178,147,128,68
132,175,42,-154,45,108,148,414,163,133,113,57
103,164,62,-134,20,113,120,334,131,111,99,48
83,149,66,-116,8,107,93,245,90,79,78,36
59,120,61,-90,-1,90,84,171,51,40,50,23
39,98,59,-68,-11,78,76,121,19,3,28,12
30,85,56,-58,-13,70,68,79,3,-21,12,3
18,72,54,-45,-18,63,61,58,-2,-29,-3,-5
12,63,51,-38,-20,57,54,53,-9,-38,-13,-14
3,52,49,-27,-24,51,46,46,-16,-43,-22,-27
-7,43,50,-18,-29,47,39,39,-23,-40,-21,-30
-6,44,50,-19,-28,46,37,33,-23,-37,-16,-23
-4,46,50,-20,-28,47,41,27,-18,-35,-14,-19
-7,45,52,-19,-30,48,39,25,-15,-31,-10,-13
-11,45,56,-18,-34,50,42,25,-12,-29,-5,-6
-12,46,58,-17,-36,51,55,25,-7,-35,-7,-12
-17,44,61,-13,-40,52,53,25,-5,-35,-10,-27
-17,47,64,-15,-41,55,49,25,-10,-28,-10,-25
-23,43,66,-10,-45,54,46,19,-10,-25,-14,-21
-22,48,69,-13,-46,58,41,13,-13,-20,-16,-19
-38,32,70,3,-55,51,39,9,-16,-15,-15,-15
-39,31,70,4,-55,50,34,3,-14,-19,-10,-15
0,70,70,-35,-35,70,30,-3,-16,-26,-5,-15
-14,56,70,-21,-42,63,28,-3,-15,-30,0,-15
-17,51,67,-17,-42,59,23,4,-15,-30,3,-15
-2,57,59,-28,-31,58,19,11,-15,-34,10,-15
-2,49,51,-24,-26,50,30,17,-15,-42,6,-14
4,49,45,-27,-21,46,36,25,-25,-44,-11,-18
1,46,45,-24,-23,46,34,29,-26,-39,-11,-20
-4,41,45,-19,-25,43,35,25,-24,-35,-10,-20
-5,40,45,-18,-25,42,35,22,-25,-33,-9,-23
14,59,46,-37,-16,52,31,18,-25,-28,-5,-26
12,53,42,-33,-15,47,24,15,-25,-26,-5,-24
9,44,36,-27,-14,40,17,9,-27,-27,-7,-21
18,41,22,-30,-2,31,11,13,-33,-37,-13,-18
-14,31,45,-9,-30,37,4,28,-35,-50,-16,-15
-24,33,58,-5,-41,45,1,26,-35,-43,-20,-12
-10,35,45,-12,-28,40,8,19,-35,-39,-25,-9
-2,35,38,-17,-21,36,14,16,-35,-32,-25,-12
11,38,27,-25,-9,32,21,7,-35,-28,-25,-19
1,41,40,-22,-19,40,34,8,-35,-24,-25,-24
-1,39,40,-19,-21,39,43,26,-35,-27,-25,-29
9,35,26,-22,-9,30,29,31,-34,-51,-25,-36
26,43,17,-35,4,30,2,29,-38,-56,-25,-39
-2,47,49,-22,-26,47,-20,30,-40,-54,-25,-36
-37,42,79,-3,-58,60,-43,30,-40,-56,-25,-31
-32,40,73,-5,-53,56,-58,30,-40,-55,-25,-29
-45,31,77,6,-61,54,-60,27,-40,-54,-25,-24
-40,31,72,4,-56,51,-59,25,-40,-49,-30,-21
-46,23,69,12,-58,45,-60,21,-37,-44,-30,-18
-42,22,64,10,-53,43,-60,20,-35,-40,-30,-11
-22,40,62,-9,-42,51,-58,13,-35,-35,-28,-26
-7,50,57,-22,-32,53,-69,22,-35,-31,-17,-29
11,65,54,-38,-22,59,-47,40,-33,-25,-8,-17
-7,68,75,-31,-42,71,-19,51,-9,-17,3,-5
16,103,88,-60,-36,95,-22,61,20,-8,17,19
54,138,84,-96,-15,110,-40,71,19,-2,35,35
63,114,51,-89,6,82,-78,41,13,5,41,33
46,66,20,-56,12,43,-76,-5,0,-13,7,17
27,54,27,-41,0,40,-72,-9,-4,-26,-3,9
16,46,30,-31,-8,38,-66,-6,-16,-41,-7,-5
-15,28,43,-7,-29,35,-59,6,-37,-61,-30,-20
-32,7,39,12,-36,23,-58,-4,-52,-70,-45,-35
-49,-27,23,38,-36,-2,-49,24,-52,-73,-53,-49
-44,-17,27,30,-35,5,-71,-17,-44,-66,-50,-49
-1,-46,-45,24,22,-45,-9,114,-45,-69,-69,-73
74,47,-27,-60,50,10,-20,283,95,39,22,-8
346,378,32,-362,156,205,-299,-113,308,282,273,211
614,954,340,-785,137,647,-755,-614,693,789,830,710
368,1018,650,-693,-141,834,-955,-992,577,756,912,866
-6,306,312,-150,-160,309,-657,-927,-102,15,193,308
-74,42,116,16,-96,79,-328,-412,-180,-160,-61,18
-66,63,129,1,-98,96,-149,-137,-81,-98,-34,-6
-71,-24,47,47,-59,12,-74,-45,-87,-124,-88,-77
-67,-22,45,45,-56,12,-45,-15,-57,-88,-74,-80
-62,-42,21,52,-41,-10,-2,0,-78,-105,-101,-90
-48,-18,29,32,-38,5,16,19,-58,-84,-84,-77
-47,-27,20,37,-34,-4,30,28,-68,-89,-87,-79
-74,-57,17,65,-45,-20,24,61,-48,-79,-80,-73
-71,-54,16,62,-43,-19,25,63,-37,-76,-74,-69
-57,-50,7,53,-32,-21,19,70,-26,-73,-73,-80
-47,-42,5,44,-25,-19,21,74,-15,-61,-62,-79
-43,-49,-6,46,-18,-28,52,76,-11,-54,-59,-81
-19,-28,-9,24,-5,-18,62,101,1,-41,-50,-79
13,-6,-20,-3,16,-13,59,124,5,-33,-45,-80
12,-5,-17,-3,14,-11,68,153,21,-25,-39,-80
35,24,-11,-30,23,6,71,205,33,-14,-27,-64
37,32,-5,-34,20,13,75,260,55,14,-17,-40
55,66,11,-61,22,38,108,306,94,45,6,-17
81,96,16,-89,32,56,124,365,134,85,41,-3
101,115,14,-108,43,64,118,408,187,136,77,5
159,153,-6,-156,82,74,122,397,211,154,101,13
140,146,6,-143,67,76,112,378,196,143,93,21
130,170,40,-150,45,105,94,336,190,137,89,23
106,166,60,-136,23,113,70,242,170,122,79,14
53,124,71,-89,-9,97,48,148,130,87,54,6
42,104,62,-74,-10,82,38,64,90,54,22,-12
-3,57,60,-27,-32,58,25,-2,53,28,-7,-41
-10,44,54,-17,-32,49,15,-39,34,7,-28,-56
-12,39,51,-14,-32,45,7,-72,19,-17,-54,-68
-23,26,49,-1,-36,37,1,-90,5,-37,-54,-70
-24,21,45,1,-35,32,-6,-93,-8,-48,-58,-70
-73,-30,43,52,-58,6,-13,-107,-28,-59,-83,-88
-67,-28,39,47,-53,5,-11,-124,-30,-60,-86,-91
-30,14,44,8,-37,28,-5,-126,-23,-60,-82,-89
-41,8,49,16,-45,28,0,-127,-19,-60,-80,-87
-41,11,52,15,-47,31,6,-133,-13,-60,-76,-84
-35,10,45,12,-40,28,12,-120,-7,-60,-75,-86
-52,9,61,22,-57,35,14,-79,-7,-55,-79,-85
-39,35,74,2,-57,54,9,-59,-11,-51,-80,-85
-10,45,54,-18,-32,49,6,-58,-10,-48,-80,-85
-19,35,54,-9,-37,45,3,-53,-10,-45,-85,-84
-35,31,66,2,-51,48,-2,-50,-10,-40,-85,-91
-45,25,70,10,-58,47,-5,-45,-5,-42,-86,-97
-51,19,70,16,-60,45,-17,-47,-5,-45,-90,-91
-57,15,72,21,-65,43,-19,-51,-5,-45,-90,-89
-69,7,75,30,-72,41,-12,-50,-6,-45,-90,-84
-67,9,75,28,-72,42,-9,-50,-4,-45,-90,-81
-38,32,70,3,-54,51,-3,-51,-12,-45,-90,-80
-35,27,62,4,-49,44,0,-55,-26,-51,-86,-80
-51,-1,51,26,-51,25,-5,-79,-29,-67,-85,-95
-48,3,50,22,-49,26,-9,-96,-34,-71,-85,-101
-49,11,61,19,-55,36,-14,-98,-36,-70,-85,-99
-53,7,60,23,-57,33,-19,-112,-35,-70,-85,-101
-57,2,59,27,-58,30,-18,-116,-35,-70,-85,-99
-56,-2,55,28,-55,26,-14,-114,-38,-69,-85,-95
-64,-8,56,36,-59,24,-12,-116,-41,-66,-84,-95
-80,-28,52,53,-66,12,-9,-114,-35,-63,-96,-94
-76,-32,44,54,-60,6,-5,-124,-33,-60,-106,-101
-66,-28,37,47,-51,4,-5,-136,-29,-58,-104,-105
-57,-27,30,42,-43,2,-11,-131,-23,-54,-105,-98
-45,-23,22,34,-33,0,-21,-128,-45,-59,-105,-95
-50,-34,16,42,-33,-9,-22,-125,-56,-61,-106,-90
-64,-32,31,48,-47,-1,-20,-118,-48,-60,-101,-86
-69,-34,35,51,-52,1,-19,-125,-45,-56,-94,-84
-77,-46,31,61,-54,-7,-14,-131,-40,-55,-91,-87
-30,-6,24,17,-27,9,-17,-111,-35,-51,-84,-90
-7,23,30,-8,-19,26,-1,-68,-25,-36,-79,-82
-23,33,56,-5,-40,44,8,-49,-14,-23,-75,-74
5,76,72,-41,-34,74,1,-42,9,-2,-81,-76
7,79,72,-44,-33,75,-29,-49,3,8,-79,-74
3,38,35,-21,-17,36,-78,-99,-45,-24,-80,-75
-19,4,23,7,-21,13,-59,-81,-57,-43,-82,-76
-40,-17,24,28,-32,4,-36,-59,-52,-35,-76,-71
-69,-63,6,66,-37,-28,-34,-42,-59,-55,-102,-95
-90,-76,14,83,-52,-31,-36,-29,-57,-62,-107,-104
-79,-89,-10,83,-34,-49,-27,-19,-81,-77,-114,-109
-95,-68,27,81,-61,-20,-27,6,-57,-68,-96,-99
-81,-99,-18,90,-32,-59,-14,6,-79,-71,-121,-125
-23,-108,-85,66,31,-96,60,246,-20,-23,-115,-128
156,110,-46,-133,101,32,-73,178,190,169,71,17
439,634,195,-537,121,415,-456,-382,555,635,554,429
365,1108,743,-736,-189,925,-782,-873,751,953,967,833
-9,590,599,-291,-304,594,-718,-1051,122,320,440,466
-110,77,188,16,-149,132,-381,-645,-276,-175,-113,-6
-101,73,175,14,-139,124,-149,-216,-148,-83,-112,-49
-142,-87,54,114,-98,-17,-52,-69,-151,-101,-142,-112
-109,-94,15,102,-62,-39,-10,13,-87,-82,-125,-114
-89,-99,-10,94,-39,-55,21,39,-72,-84,-131,-126
-56,-91,-36,74,-10,-63,35,66,-67,-82,-128,-144
-56,-80,-24,68,-16,-52,42,72,-56,-72,-121,-129
-72,-103,-31,88,-20,-67,41,81,-60,-79,-129,-133
-63,-82,-19,73,-22,-50,39,83,-43,-71,-116,-122
-66,-89,-23,77,-21,-55,41,76,-51,-78,-116,-122
-55,-74,-20,65,-17,-47,40,88,-54,-73,-107,-115
-41,-74,-33,58,-4,-53,40,114,-40,-64,-104,-109
-39,-67,-29,53,-5,-48,43,127,-23,-46,-97,-104
-40,-61,-21,50,-9,-40,48,124,-16,-38,-92,-95
-38,-57,-19,48,-9,-38,51,136,-6,-33,-82,-85
-42,-48,-6,45,-18,-27,61,189,13,-3,-73,-75
-11,-43,-32,27,11,-37,61,249,33,19,-62,-64
42,-19,-61,-11,51,-40,73,320,58,39,-33,-42
70,20,-50,-45,60,-14,82,417,110,94,12,-25
116,71,-45,-93,80,13,75,470,151,135,28,-16
148,112,-36,-130,92,38,74,490,173,157,44,-4
139,118,-21,-128,80,48,68,493,189,171,76,9
123,113,-9,-117,66,52,66,451,184,166,75,25
87,112,25,-100,31,68,60,385,172,160,75,23
65,107,42,-86,11,75,50,302,136,130,48,8
47,84,38,-65,4,61,42,232,88,83,6,-5
0,49,49,-24,-25,49,32,178,52,47,-5,-17
-40,14,54,13,-48,34,24,116,26,14,-33,-29
-44,1,45,21,-45,23,18,86,3,-6,-61,-40
-41,-2,39,21,-40,18,13,79,-24,-24,-66,-50
-59,-26,33,42,-46,4,7,79,-33,-33,-71,-64
-61,-37,24,49,-42,-6,2,75,-29,-29,-69,-66
-70,-34,36,52,-53,1,-5,74,-27,-30,-65,-60
-81,-35,45,58,-63,5,-7,111,-24,-26,-62,-58
-74,-35,38,54,-56,1,-14,130,-21,-25,-57,-53
-68,-34,34,50,-50,0,-12,134,-19,-25,-55,-49
-71,-40,31,56,-51,-4,-12,155,-16,-20,-49,-60
-75,-51,24,62,-49,-13,-28,159,-15,-17,-44,-66
-71,-47,24,59,-47,-11,-17,158,-14,-13,-38,-58
-89,-42,47,65,-68,3,-4,165,-10,-10,-34,-55
-87,-37,49,62,-68,6,-1,175,-10,-5,-25,-50
-70,-27,43,48,-56,7,1,172,-12,-7,-33,-46
-66,-25,41,45,-54,8,3,168,-18,-15,-56,-47
-49,-13,36,31,-42,11,8,165,-22,-20,-55,-45
-48,-15,34,31,-41,9,-11,160,-26,-20,-55,-45
-65,-37,28,51,-46,-4,-27,158,-31,-20,-55,-45
-62,-42,20,52,-41,-10,-19,154,-34,-21,-57,-45
-53,-39,14,46,-34,-12,-12,156,-37,-19,-60,-45
-48,-40,8,44,-28,-16,-7,151,-40,-22,-61,-49
-41,-41,0,41,-20,-20,2,150,-43,-15,-65,-57
-51,-34,16,42,-33,-9,3,150,-45,-18,-65,-60
-73,-49,24,61,-48,-12,-9,143,-43,-36,-70,-63
-69,-57,12,63,-41,-22,-12,136,-37,-35,-70,-65
-54,-45,9,49,-31,-18,-7,129,-33,-35,-70,-68
-47,-49,-2,48,-22,-25,-5,121,-28,-32,-70,-71
-52,-59,-7,55,-22,-32,-1,112,-24,-29,-70,-66
-62,-67,-5,64,-28,-36,1,119,-19,-30,-68,-65
-73,-62,10,67,-41,-26,-4,126,-23,-26,-65,-65
-85,-60,25,72,-56,-17,-5,118,-39,-22,-66,-65
-76,-57,19,66,-47,-18,-7,115,-37,-19,-61,-65
-73,-55,18,64,-45,-18,-11,110,-31,-14,-60,-64
-51,-43,8,47,-29,-17,-8,105,-30,-11,-60,-56
-23,-6,17,15,-20,5,4,115,-19,-7,-51,-48
-24,3,27,10,-25,15,20,138,-16,0,-38,-41
-15,22,37,-4,-26,29,20,136,6,10,-31,-30
11,66,55,-39,-22,60,9,128,32,31,-37,-29
24,66,43,-46,-10,54,-32,124,26,33,-33,-14
18,14,-5,-16,11,4,-48,117,1,3,-37,-25
22,-10,-32,-6,27,-21,-29,124,0,-2,-34,-27
-21,-21,0,21,-10,-11,-22,115,-14,-18,-34,-33
-66,-58,9,62,-37,-24,-11,126,-35,-29,-62,-75
-80,-73,8,76,-44,-32,-9,113,-29,-21,-69,-73
-72,-86,-14,80,-29,-50,2,126,-44,-41,-76,-79
-50,-45,4,48,-27,-20,-5,113,-30,-27,-66,-67
-42,-96,-54,69,7,-75,42,202,-35,-45,-88,-100
43,-37,-80,-3,61,-58,59,410,90,55,-8,-71
258,265,8,-262,125,137,-175,84,311,308,235,141
510,839,329,-675,90,584,-650,-475,714,818,791,632
353,1078,725,-716,-187,901,-926,-875,731,928,1000,891
-11,344,355,-167,-183,349,-682,-855,-24,157,303,360
-95,-31,64,63,-80,17,-323,-330,-223,-136,-49,10
-126,-1,125,64,-125,61,-107,-27,-71,-43,-29,-17
-87,-114,-27,101,-30,-70,-23,97,-91,-92,-89,-99
-55,-102,-47,79,-4,-74,11,167,-29,-52,-58,-73
-86,-135,-49,110,-18,-92,39,162,-38,-65,-76,-80
-67,-127,-61,97,-3,-94,36,184,-26,-45,-61,-72
-75,-138,-63,107,-6,-100,45,190,-31,-44,-66,-66
-74,-138,-64,106,-5,-101,47,225,-31,-39,-64,-68
-67,-121,-54,94,-6,-87,41,237,-28,-33,-54,-65
-63,-119,-56,91,-3,-87,54,250,-30,-35,-54,-65
-48,-96,-48,72,0,-72,84,270,-16,-24,-43,-57
-38,-89,-51,64,7,-70,87,281,-15,-27,-42,-57
-31,-80,-50,56,10,-65,83,317,-4,-16,-34,-51
-38,-88,-50,63,7,-68,87,345,2,-9,-29,-49
-31,-81,-50,57,10,-65,84,377,23,7,-17,-40
0,-63,-64,32,32,-63,88,439,57,29,-8,-29
1,-58,-60,29,31,-58,121,510,75,53,6,-21
40,-14,-55,-13,48,-34,147,579,113,95,39,-7
78,21,-57,-49,67,-18,139,660,158,134,68,11
73,31,-42,-52,58,-6,133,714,198,172,98,34
110,72,-38,-90,74,16,126,716,228,200,127,59
127,111,-16,-119,71,47,118,701,226,199,127,61
111,107,-4,-109,57,51,111,649,220,197,120,51
112,90,-22,-101,67,34,104,546,199,181,116,43
91,74,-17,-82,53,28,91,455,161,142,96,34
44,41,-3,-42,23,18,76,394,112,114,64,28
17,25,8,-21,4,16,66,336,76,76,32,19
-30,-19,11,24,-20,-4,62,292,49,31,23,7
-46,-47,-1,47,-22,-24,59,263,11,19,17,-3
-34,-49,-15,42,-9,-32,55,247,3,18,7,-18
-52,-67,-16,60,-18,-42,56,235,8,14,0,-31
-50,-64,-14,58,-18,-39,52,225,10,12,-11,-29
-48,-64,-16,56,-15,-40,50,225,15,10,-12,-26
-47,-60,-13,54,-17,-36,50,225,17,6,-10,-24
-37,-60,-23,49,-7,-41,47,225,22,5,-10,-20
-28,-58,-30,43,2,-44,44,225,25,5,-5,-20
-32,-54,-22,43,-4,-38,41,223,28,1,-5,-20
-38,-55,-17,47,-10,-36,38,220,33,-1,-4,-20
-44,-55,-11,50,-16,-33,36,219,35,1,1,-20
-48,-54,-6,52,-21,-30,33,221,30,5,4,-20
-57,-57,0,57,-28,-28,30,218,30,5,7,-20
-62,-58,5,60,-33,-26,29,230,29,7,12,-16
-33,-33,0,33,-16,-16,32,240,24,11,15,-15
-29,-34,-5,32,-12,-19,16,232,26,9,11,-15
-39,-47,-8,43,-15,-27,-16,225,22,14,6,-10
-28,-43,-15,36,-6,-28,-31,219,20,15,1,-10
-28,-40,-12,35,-8,-26,-31,209,20,15,-2,-9
-28,-38,-10,33,-9,-24,-30,211,20,15,-8,-5
-24,-34,-10,29,-6,-21,-29,220,20,15,-9,-5
-25,-35,-10,30,-7,-22,-26,220,21,14,-4,-9
-22,-48,-26,35,2,-37,-24,219,24,10,-6,-10
-21,-51,-31,36,5,-41,-26,220,25,10,-2,-10
-20,-43,-23,32,2,-33,-30,219,25,10,1,-10
-32,-50,-19,41,-6,-34,-35,223,25,10,0,-10
-48,-61,-13,55,-17,-37,-35,225,25,10,4,-12
-53,-59,-6,56,-24,-32,-35,219,22,7,5,-15
-43,-55,-12,49,-15,-33,-35,213,20,2,5,-18
-26,-53,-27,40,1,-39,-35,209,16,-1,5,-20
-25,-49,-25,37,0,-36,-35,202,15,-4,4,-24
-23,-48,-25,36,1,-36,-35,197,10,-9,6,-25
-28,-53,-25,41,-1,-39,-35,197,11,-9,10,-21
-46,-71,-25,59,-10,-47,-35,205,28,-5,10,-16
-43,-68,-25,56,-9,-47,-35,210,27,-6,10,-12
-29,-54,-25,42,-2,-39,-34,205,18,-3,10,-8
-34,-59,-25,47,-4,-42,-36,205,14,1,10,-2
-44,-68,-24,56,-9,-46,-29,197,5,-2,14,1
-9,-37,-28,23,10,-32,-22,208,1,8,26,10
-7,-7,-1,7,-3,-4,-6,233,10,21,34,18
-47,-24,23,35,-35,0,-7,246,25,35,46,27
14,22,8,-19,3,15,-35,257,42,49,57,39
52,54,2,-53,25,28,-46,249,57,41,51,39
52,37,-15,-44,34,11,-72,231,53,27,46,37
52,16,-36,-34,44,-9,-84,233,40,14,35,31
-13,-21,-8,17,-2,-14,-65,219,37,13,33,31
-39,-63,-24,51,-7,-43,-53,215,17,-2,18,22
-40,-58,-18,49,-10,-37,-55,209,31,1,21,25
-66,-80,-13,73,-26,-46,-56,201,19,-17,9,12
-73,-100,-27,87,-23,-63,-50,226,31,-11,15,11
-75,-93,-19,84,-28,-56,-37,192,21,-18,6,4
-17,-102,-86,60,35,-94,19,408,37,-1,-16,-27
112,64,-48,-88,80,8,-50,408,213,168,129,86
387,449,63,-418,162,255,-418,-113,460,479,467,385
584,1037,452,-811,66,744,-909,-577,833,978,1020,915
266,825,559,-546,-147,692,-981,-856,465,672,835,855
-45,99,143,-27,-94,121,-576,-573,-171,-40,124,245
-72,24,96,24,-84,60,-242,-89,-89,-63,9,94
-104,-42,62,73,-83,10,-101,103,-40,-53,-5,51
-75,-117,-42,96,-16,-79,-36,196,-37,-60,-35,-9
-55,-106,-51,81,-2,-78,0,217,-20,-37,-17,0
-67,-137,-69,102,1,-102,15,228,-34,-50,-28,-19
-63,-115,-53,89,-4,-83,7,234,-14,-28,-9,-11
-70,-135,-65,102,-2,-100,7,241,-27,-38,-16,-25
-67,-125,-57,96,-5,-91,2,240,-13,-23,-3,-23
-76,-135,-59,106,-8,-97,-1,242,-14,-26,-5,-20
-60,-113,-53,87,-3,-83,12,248,-2,-17,5,-13
-31,-80,-49,56,9,-64,28,240,1,-12,11,-9
-45,-92,-47,69,1,-70,31,257,10,-3,17,-2
-56,-96,-40,76,-8,-67,37,273,14,5,25,2
-53,-93,-40,73,-6,-66,50,315,36,15,29,12
-37,-70,-33,54,-2,-51,51,369,68,53,43,36
-24,-56,-32,40,4,-44,51,410,77,61,46,42
-4,-35,-31,19,14,-32,87,492,124,92,75,44
37,1,-36,-18,37,-18,121,555,166,129,105,46
77,38,-39,-57,58,-1,117,614,208,159,126,74
95,81,-14,-87,54,33,112,646,258,203,161,96
96,83,-13,-89,54,35,109,631,276,206,175,92
123,110,-13,-116,67,48,101,613,281,218,189,115
127,131,4,-129,61,67,85,538,260,215,186,125
70,98,28,-84,21,63,54,444,217,173,168,116
51,89,39,-70,6,64,19,348,167,131,145,104
46,67,21,-57,13,44,1,268,131,101,107,77
1,22,20,-12,-10,21,-7,218,105,80,79,58
-27,-7,20,17,-24,6,-21,164,81,56,60,46
-69,-49,19,59,-44,-15,-21,126,70,46,52,41
-80,-59,21,69,-50,-18,-20,113,62,39,46,36
-67,-49,18,58,-43,-15,-20,111,53,32,38,32
-58,-40,17,49,-37,-11,-15,107,46,25,30,28
-55,-43,12,49,-33,-16,-16,103,45,16,27,22
-91,-78,13,85,-52,-33,-15,100,45,23,30,38
-77,-82,-4,79,-37,-43,-27,96,45,27,30,47
-57,-77,-20,67,-18,-48,-39,94,45,24,30,44
-50,-56,-6,54,-22,-31,-29,91,46,25,30,45
-35,-34,1,34,-17,-16,-23,88,55,20,34,45
-54,-36,18,45,-35,-9,-13,84,57,20,43,45
-71,-34,36,52,-53,1,-13,86,53,20,49,40
-69,-35,34,52,-51,0,-22,90,51,20,47,40
-65,-36,29,50,-47,-3,-21,89,48,20,44,40
-61,-33,28,46,-44,-2,-18,92,45,20,45,39
-52,-31,21,41,-36,-5,-15,95,43,20,45,41
-51,-29,22,40,-37,-4,-13,95,40,20,45,37
-68,-29,39,48,-54,5,-7,92,40,16,44,35
-63,-23,40,43,-51,8,-21,87,40,9,39,35
-61,-26,36,43,-48,5,-41,84,40,2,36,31
-59,-25,33,42,-46,4,-40,81,40,-4,33,30
-52,-22,30,37,-41,4,-40,75,36,-12,28,30
-64,-36,29,50,-46,-3,-40,77,30,-14,25,25
-41,-16,25,28,-33,4,-40,87,25,-10,25,21
-51,-18,33,34,-42,7,-40,81,20,-10,25,18
-68,-32,36,50,-51,1,-40,74,13,-6,25,15
-47,-20,27,33,-37,3,-40,68,11,-5,25,10
-46,-20,25,33,-35,2,-40,60,19,-9,25,12
-33,-12,20,22,-26,3,-40,61,20,-10,26,17
-25,-11,14,18,-20,1,-40,59,20,-10,30,20
-45,-13,32,29,-38,9,-40,56,20,-10,30,23
-67,-25,42,46,-54,9,-40,53,20,-11,30,28
-73,-37,36,55,-54,-1,-40,60,20,-8,34,30
-65,-31,34,47,-49,1,-41,71,17,-5,35,25
-58,-29,30,43,-44,0,-39,70,14,-5,35,25
-52,-25,27,38,-39,1,-36,69,11,-5,39,24
-43,-19,24,30,-33,2,-33,65,9,-5,40,19
-46,-24,22,35,-34,-1,-31,65,5,-5,39,20
-59,-42,17,50,-38,-12,-28,63,6,-9,32,20
-61,-44,17,52,-39,-13,-30,59,10,-10,27,20
-30,-20,10,25,-20,-4,-27,61,9,-12,22,33
-32,-16,17,24,-24,0,-22,56,11,-16,16,37
-78,-38,40,58,-58,1,-19,55,9,-13,11,33
-72,-31,41,52,-56,4,-13,55,11,-7,16,32
-39,0,39,19,-39,20,-11,70,9,2,29,27
-22,18,40,2,-31,29,10,79,23,5,39,44
7,53,46,-30,-20,49,24,82,47,27,62,69
49,92,43,-71,2,67,16,93,57,38,80,90
54,96,42,-76,6,69,-24,41,55,24,81,100
34,46,13,-40,10,29,-53,11,13,9,67,75
29,15,-14,-22,21,0,-40,30,-9,6,69,67
9,1,-8,-5,8,-3,-28,17,-23,0,47,54
-60,-56,4,58,-32,-26,-27,-18,-39,-20,13,43
-103,-97,6,100,-55,-45,-27,-45,-50,-55,-3,25
-105,-85,20,95,-62,-32,-27,-14,-33,-44,8,13
-90,-73,17,81,-53,-27,-38,-41,-25,-37,13,17
-31,-86,-55,59,12,-70,39,141,0,-37,-20,-12
88,63,-25,-75,57,19,17,233,173,110,98,68
368,411,43,-390,162,227,-313,-243,402,388,398,318
607,1004,397,-806,105,700,-790,-744,771,878,962,854
338,931,593,-635,-127,762,-917,-1078,525,704,912,914
-43,190,233,-74,-138,211,-563,-892,-131,-25,185,300
-80,50,130,15,-105,90,-235,-374,-108,-96,17,79
-73,27,100,23,-86,63,-71,-151,-30,-39,25,47
-82,-58,25,70,-53,-17,-15,-44,-44,-70,-27,-24
-79,-55,24,67,-51,-15,14,-4,-10,-48,-17,-17
-76,-91,-15,84,-31,-52,49,19,-26,-65,-40,-32
-58,-73,-15,66,-22,-43,39,44,-2,-43,-23,-25
-48,-83,-35,66,-6,-59,57,49,-7,-50,-35,-33
-42,-69,-26,56,-8,-48,72,62,7,-39,-28,-25
-40,-77,-37,59,-1,-56,69,61,11,-37,-30,-25
-24,-75,-52,50,14,-63,72,89,16,-33,-25,-25
-32,-74,-41,53,5,-57,67,97,26,-25,-17,-19
-33,-74,-41,54,4,-57,78,97,23,-20,-14,-21
-26,-56,-31,41,3,-43,100,136,29,-12,-6,-18
-22,-51,-29,37,4,-40,104,163,46,-6,-3,-11
-9,-30,-21,20,6,-26,106,202,57,-1,8,-3
-16,-24,-8,20,-4,-16,128,255,82,23,22,6
36,1,-35,-18,36,-17,148,314,104,47,43,11
78,27,-51,-52,65,-12,148,390,130,73,69,27
81,44,-36,-62,58,4,156,450,177,121,94,44
145,117,-28,-131,86,44,156,501,216,156,122,61
168,146,-22,-157,95,62,145,512,236,173,142,83
130,134,5,-132,63,69,137,487,229,174,139,84
111,148,37,-129,37,92,127,441,222,177,126,94
97,139,42,-118,27,90,119,359,196,156,116,95
43,87,45,-66,-1,66,92,269,145,105,98,71
2,42,40,-23,-19,41,74,184,105,73,68,55
2,35,32,-19,-15,34,75,117,61,41,49,39
-6,24,30,-9,-18,27,75,68,20,8,33,27
-12,9,21,1,-16,15,75,38,8,-3,20,18
-25,-5,20,15,-22,7,76,30,6,-9,10,10
-29,-24,6,26,-17,-9,72,14,2,-16,0,0
-25,-27,-2,26,-11,-14,42,-12,-1,-22,-10,-8
-47,-25,23,36,-35,-1,11,-31,-5,-29,-25,-11
-58,-25,33,41,-45,4,19,-44,-9,-34,-25,-15
-34,-25,9,29,-21,-8,35,-47,-19,-35,-20,-18
-29,-25,4,27,-16,-11,36,-28,-23,-35,-18,-23
-53,-24,29,38,-41,3,33,-8,-18,-35,-13,-24
-50,-19,31,34,-40,6,30,3,-12,-35,-10,-21
-43,-14,29,28,-36,7,30,9,-8,-34,-14,-18
-39,-12,27,25,-33,7,28,16,-1,-30,-20,-15
-27,-3,24,15,-25,10,24,22,5,-26,-25,-13
-33,-7,26,20,-30,9,22,29,-11,-23,-31,-9
-16,-11,6,14,-11,-2,19,30,-28,-19,-37,-16
-18,-16,2,17,-10,-7,16,29,-23,-14,-39,-22
-50,-32,19,41,-34,-6,14,31,-26,-23,-35,-16
-47,-25,22,35,-34,-1,8,28,-25,-32,-35,-14
-36,-20,16,28,-26,-1,1,36,-24,-30,-36,-10
-26,-18,8,22,-17,-4,-6,49,-36,-29,-34,-5
-12,-9,3,10,-7,-3,-14,66,-37,-27,-37,-8
-13,-18,-5,16,-4,-11,-22,90,-48,-23,-28,-20
-26,-35,-9,30,-8,-22,-23,90,-60,-32,-35,-33
-25,-26,-1,25,-12,-13,-18,90,-52,-49,-61,-40
-30,-12,17,21,-23,2,-15,90,-47,-52,-60,-40
-60,-39,21,49,-41,-9,-12,90,-43,-54,-60,-40
-45,-36,9,40,-26,-13,-8,89,-33,-58,-60,-40
-49,-24,26,36,-37,1,-4,82,-52,-60,-59,-40
-83,-43,40,62,-61,-2,-18,77,-80,-58,-59,-40
-47,-16,31,31,-39,7,-31,72,-80,-54,-48,-40
-57,-24,32,40,-44,4,-18,65,-80,-55,-64,-40
-76,-50,26,63,-50,-12,-10,63,-81,-55,-77,-40
-69,-43,26,55,-47,-8,-9,55,-80,-55,-74,-41
-70,-54,16,62,-43,-19,-4,62,-80,-55,-76,-40
-27,-57,-31,42,2,-44,-4,80,-72,-49,-75,-36
-23,-50,-27,37,2,-38,2,81,-66,-42,-75,-31
-51,-54,-2,53,-25,-28,-6,77,-59,-36,-72,-29
-25,-29,-4,27,-10,-16,-9,87,-52,-29,-64,-23
12,16,4,-15,4,10,30,111,-54,-23,-60,-22
26,37,11,-32,7,24,42,122,-56,-11,-52,-13
47,64,17,-56,15,40,27,123,-61,-4,-27,8
69,94,24,-82,22,59,6,108,-62,9,-15,9
46,54,8,-50,18,31,-42,94,-67,-7,-38,-2
-5,-20,-15,13,5,-17,-50,105,-71,-34,-56,-12
-15,-20,-4,18,-5,-12,-28,95,-66,-37,-57,-16
-34,-46,-12,40,-10,-29,-23,108,-85,-56,-77,-43
-92,-87,6,90,-49,-40,-27,102,-106,-65,-86,-67
-88,-97,-9,93,-39,-53,-15,107,-118,-79,-95,-76
-50,-80,-30,65,-10,-55,-25,96,-95,-58,-76,-62
-53,-102,-49,77,-2,-75,15,108,-115,-86,-98,-87
35,-62,-96,14,66,-79,61,355,-24,-32,-96,-91
265,175,-90,-220,178,43,-111,225,183,183,101,67
483,678,196,-581,143,437,-496,-324,563,661,617,514
351,1044,693,-697,-171,868,-810,-823,709,929,950,868
7,492,485,-250,-239,489,-676,-982,29,230,372,447
-100,5,105,48,-103,55,-353,-529,-290,-193,-104,15
-78,27,105,25,-91,66,-150,-137,-141,-87,-79,-19
-46,-42,5,44,-25,-18,-38,13,-156,-124,-127,-78
-57,-92,-36,75,-10,-64,-24,105,-114,-88,-113,-85
-64,-129,-65,97,0,-97,7,107,-118,-94,-114,-95
-30,-108,-78,69,24,-92,25,139,-105,-82,-112,-86
-29,-99,-70,64,21,-84,25,133,-100,-74,-104,-77
-12,-93,-81,53,35,-87,35,133,-99,-73,-106,-75
2,-82,-84,40,43,-83,36,157,-87,-59,-96,-63
12,-81,-94,34,53,-87,41,164,-88,-59,-97,-67
15,-72,-87,29,51,-79,43,169,-83,-46,-85,-64
24,-68,-92,22,58,-80,47,168,-86,-45,-82,-65
31,-58,-88,14,60,-73,50,180,-85,-35,-73,-67
13,-79,-92,33,53,-85,50,205,-79,-26,-68,-70
21,-75,-96,27,59,-85,49,235,-55,-21,-63,-63
50,-56,-105,3,78,-80,67,272,-19,0,-51,-53
67,-48,-115,-9,91,-81,84,321,18,21,-44,-50
98,-11,-108,-43,103,-59,95,399,50,49,-14,-26
119,15,-104,-67,112,-44,96,480,86,97,18,14
130,32,-98,-80,114,-33,88,537,114,128,38,31
169,77,-92,-123,131,-7,84,568,144,157,68,50
172,85,-86,-128,128,-1,78,553,150,162,78,62
161,93,-68,-126,114,12,71,511,136,151,76,64
154,100,-54,-127,104,23,74,451,137,144,68,59
125,85,-40,-105,82,22,65,357,106,111,46,36
90,62,-28,-75,58,17,47,267,56,77,18,26
40,16,-25,-27,32,-4,51,199,22,48,-8,8
17,-7,-25,-5,21,-15,53,144,-7,13,-34,-17
8,-21,-29,7,19,-25,43,106,-34,-10,-51,-31
-21,-51,-30,36,4,-40,39,85,-57,-22,-63,-47
-19,-56,-37,38,10,-47,33,73,-61,-38,-75,-51
-6,-52,-46,30,20,-49,28,63,-59,-47,-75,-49
-19,-66,-47,42,14,-56,23,56,-61,-45,-74,-47
5,-46,-50,20,28,-48,17,52,-59,-45,-75,-44
26,-27,-53,1,40,-40,15,45,-60,-45,-75,-45
40,-15,-55,-12,48,-35,15,41,-60,-45,-73,-45
32,-20,-51,-6,42,-35,15,34,-60,-45,-69,-44
-16,-63,-47,40,16,-55,15,31,-60,-42,-67,-54
-12,-56,-44,35,16,-50,15,47,-60,-36,-64,-60
-4,-44,-41,24,19,-42,20,51,-60,-31,-60,-54
-10,-47,-36,29,13,-41,20,42,-60,-28,-60,-51
-4,-39,-35,22,15,-36,20,40,-60,-22,-65,-50
-2,-37,-35,20,17,-36,20,34,-60,-21,-75,-50
-1,-35,-35,19,17,-35,21,30,-60,-25,-85,-50
-5,-40,-36,23,16,-38,17,26,-60,-30,-86,-50
-13,-47,-33,31,10,-40,12,21,-59,-25,-84,-49
-6,-56,-50,31,23,-53,6,16,-56,-23,-86,-52
9,-57,-66,24,38,-61,0,13,-55,-37,-90,-56
4,-60,-64,29,34,-62,18,7,-55,-41,-91,-55
-7,-72,-65,40,30,-68,27,3,-56,-39,-90,-54
-10,-74,-65,43,28,-69,24,0,-53,-40,-87,-51
-4,-70,-66,38,31,-67,26,0,-64,-40,-85,-50
-3,-65,-63,34,31,-64,24,0,-76,-40,-85,-50
5,-65,-70,30,38,-68,26,-1,-77,-36,-86,-50
29,-53,-82,12,55,-67,23,1,-81,-34,-83,-49
8,-75,-83,34,46,-79,20,-4,-82,-42,-96,-59
-3,-88,-85,46,41,-86,17,3,-79,-44,-108,-68
30,-56,-86,13,58,-70,14,-22,-74,-35,-92,-53
9,-75,-84,34,46,-79,12,-70,-71,-29,-83,-43
-3,-90,-87,47,42,-88,8,-81,-65,-22,-76,-40
36,-45,-80,5,58,-62,28,-81,-61,-15,-71,-37
38,-9,-47,-15,43,-28,40,-76,-51,-5,-65,-34
29,19,-11,-24,20,4,24,-77,-46,5,-64,-30
65,52,-13,-58,39,19,0,-71,-51,18,-66,-27
107,54,-53,-80,80,1,-28,-95,-47,21,-62,-22
91,-3,-94,-44,93,-48,-29,-112,-61,-6,-69,-22
53,-39,-93,-7,73,-66,-27,-115,-57,-17,-59,-12
19,-57,-76,19,48,-66,-22,-121,-68,-39,-76,-23
-20,-86,-65,53,23,-75,-22,-113,-81,-44,-75,-48
-23,-100,-77,61,27,-88,-16,-122,-99,-55,-86,-68
-56,-116,-60,86,2,-88,-16,-103,-85,-45,-104,-68
-71,-137,-65,104,-2,-101,-4,-134,-78,-43,-90,-73
3,-143,-147,70,76,-145,70,65,-66,-50,-98,-73
127,14,-113,-70,120,-50,10,143,111,109,15,19
398,414,16,-406,191,214,-312,-351,396,442,367,309
522,1010,490,-766,16,750,-770,-883,760,954,934,818
216,845,630,-531,-207,737,-866,-1188,400,661,751,749
-70,95,165,-12,-118,129,-526,-926,-250,-85,32,188
-90,-18,72,53,-81,27,-222,-429,-198,-116,-97,10
-52,-27,25,40,-38,-1,-56,-210,-140,-89,-101,-37
-35,-125,-90,80,28,-107,2,-101,-137,-95,-116,-75
-30,-130,-100,80,35,-115,40,-64,-112,-67,-95,-66
-31,-150,-119,91,44,-134,68,-33,-125,-79,-113,-75
-31,-134,-103,82,36,-118,63,-22,-103,-53,-98,-66
-31,-141,-110,86,40,-125,66,-13,-108,-60,-110,-69
-29,-132,-103,81,37,-117,65,-2,-89,-46,-101,-63
-25,-129,-104,77,40,-116,63,11,-84,-52,-101,-66
-21,-120,-99,71,39,-109,69,32,-72,-47,-93,-59
-23,-111,-88,68,33,-100,89,40,-63,-44,-90,-54
-3,-107,-104,55,51,-105,91,73,-57,-47,-85,-48
25,-98,-123,37,74,-110,88,85,-47,-37,-81,-43
6,-96,-102,46,54,-99,94,118,-41,-21,-69,-36
2,-91,-93,45,48,-92,109,170,-29,-21,-44,-37
18,-72,-90,27,54,-81,115,214,0,-2,-37,-42
40,-45,-85,3,63,-64,128,295,37,47,-18,-18
107,-5,-112,-51,109,-58,151,361,70,77,7,-5
134,36,-99,-85,116,-31,144,413,115,116,39,7
138,63,-75,-100,106,-6,138,448,164,162,71,21
145,72,-73,-108,108,0,131,443,182,179,85,39
146,83,-63,-114,104,9,124,427,169,175,95,67
152,95,-58,-123,105,18,119,363,158,166,93,62
129,75,-54,-102,91,10,110,274,134,148,82,48
88,39,-49,-64,68,-5,101,170,96,107,46,39
64,16,-48,-40,56,-16,87,67,43,60,9,24
24,-16,-40,-4,32,-28,69,14,6,28,-13,-1
-12,-54,-43,33,16,-48,44,-25,-21,-7,-38,-23
25,-41,-66,8,46,-53,54,-49,-54,-30,-49,-38
24,-54,-78,15,51,-66,81,-70,-56,-35,-57,-47
-6,-83,-77,45,36,-80,74,-83,-67,-42,-77,-45
-13,-70,-58,42,23,-64,67,-76,-60,-45,-83,-38
-23,-67,-44,45,11,-55,61,-76,-38,-45,-74,-34
-18,-64,-45,41,14,-54,53,-71,-37,-45,-65,-28
-5,-51,-45,28,20,-48,50,-69,-41,-45,-57,-21
-23,-68,-44,46,11,-56,49,-81,-46,-45,-54,-29
-50,-96,-47,73,-1,-71,55,-94,-45,-41,-50,-41
-24,-87,-63,56,20,-75,56,-91,-42,-36,-47,-43
-18,-84,-66,51,25,-75,52,-85,-40,-31,-42,-45
-22,-87,-64,55,21,-75,50,-80,-40,-28,-40,-45
-18,-83,-65,51,24,-74,47,-74,-36,-23,-48,-45
-17,-82,-65,50,24,-73,44,-69,-35,-18,-51,-46
-8,-73,-65,41,28,-68,45,-66,-35,-15,-50,-43
24,-37,-60,6,42,-48,45,-73,-30,-9,-50,-40
20,-36,-57,8,39,-46,43,-75,-30,-23,-50,-40
-28,-82,-53,55,13,-67,61,-78,-31,-38,-50,-40
-30,-80,-50,55,10,-65,72,-86,-37,-34,-50,-40
-26,-70,-44,49,9,-57,69,-85,-44,-36,-50,-40
-9,-65,-56,38,24,-60,71,-85,-49,-34,-50,-43
9,-56,-65,23,38,-60,70,-85,-50,-36,-50,-46
-26,-80,-54,53,15,-67,70,-85,-50,-34,-50,-45
-37,-93,-56,66,9,-74,66,-87,-50,-40,-53,-45
-34,-88,-54,61,10,-70,64,-92,-50,-52,-56,-45
-41,-92,-51,67,5,-71,65,-95,-50,-48,-52,-46
-38,-87,-49,63,6,-68,59,-90,-50,-45,-50,-50
-45,-94,-50,70,2,-72,61,-86,-54,-43,-47,-50
-53,-115,-62,84,5,-88,58,-84,-56,-39,-44,-50
-43,-104,-62,74,10,-83,55,-80,-52,-43,-50,-50
-37,-91,-54,65,8,-72,55,-75,-49,-46,-58,-50
-46,-97,-51,72,3,-73,55,-77,-48,-49,-55,-47
-53,-96,-42,75,-5,-69,73,-83,-42,-53,-51,-41
-61,-103,-42,82,-10,-72,82,-91,-53,-55,-48,-37
-53,-107,-54,81,0,-80,79,-94,-67,-48,-43,-32
-13,-68,-55,41,21,-61,81,-83,-51,-37,-41,-28
9,-46,-55,19,32,-50,95,-67,-36,-29,-34,-22
13,-41,-55,15,34,-48,101,-57,-24,-15,-19,-3
70,15,-55,-42,63,-20,88,-41,3,-2,6,18
106,51,-55,-78,81,-2,68,-47,23,12,29,41
62,2,-60,-32,61,-29,31,-92,-15,6,8,30
37,-51,-88,8,62,-69,23,-99,-45,-13,-18,7
32,-48,-80,8,56,-63,46,-110,-34,-18,-13,3
5,-80,-85,38,45,-82,67,-116,-63,-49,-37,-16
-36,-106,-70,71,17,-87,60,-123,-69,-55,-50,-18
-42,-117,-75,80,16,-96,63,-132,-76,-68,-67,-30
-30,-102,-72,66,21,-86,46,-125,-51,-48,-56,-16
-48,-126,-78,87,15,-102,52,-132,-65,-64,-71,-26
4,-123,-127,60,66,-124,148,105,-16,-30,-56,-23
121,66,-55,-93,88,6,20,15,160,145,108,95
428,500,72,-464,178,286,-425,-537,445,507,495,428
579,1054,476,-817,52,765,-863,-977,765,959,1016,942
215,671,456,-444,-120,563,-815,-1192,258,479,661,722
-43,-9,34,25,-38,12,-407,-813,-264,-156,15,151
-76,-24,52,50,-64,14,-119,-346,-132,-93,-23,61
-107,-90,17,99,-62,-36,27,-182,-121,-103,-69,-3
-100,-146,-46,123,-26,-96,76,-80,-105,-101,-78,-37
-74,-142,-67,108,-3,-104,101,-63,-94,-89,-82,-32
-56,-148,-92,102,18,-120,111,-47,-96,-96,-99,-40
-60,-127,-68,94,4,-97,113,-28,-78,-78,-73,-27
-55,-133,-78,94,12,-105,121,-12,-82,-87,-76,-33
-54,-118,-64,86,5,-90,122,-3,-63,-71,-56,-23
-53,-117,-64,85,6,-90,129,4,-64,-70,-57,-26
-62,-121,-59,92,-1,-90,130,15,-50,-57,-46,-20
-57,-130,-73,94,8,-101,135,32,-46,-52,-41,-20
-22,-99,-78,61,28,-88,137,61,-35,-44,-35,-19
-2,-74,-72,39,35,-73,142,83,-24,-37,-27,-14
-17,-96,-79,57,31,-87,145,100,-15,-32,-22,-16
-10,-81,-70,46,30,-75,165,145,12,-19,-12,-11
26,-57,-83,16,55,-70,188,211,27,3,-10,0
21,-69,-91,24,56,-80,193,282,59,36,15,12
45,-29,-74,-7,59,-51,212,365,103,65,52,26
85,14,-72,-49,78,-29,238,430,132,103,85,52
104,46,-59,-75,81,-6,229,468,166,145,119,84
127,77,-50,-102,88,14,207,462,174,156,137,90
110,65,-46,-87,78,9,214,422,177,153,133,85
113,77,-36,-94,74,20,199,353,166,148,126,79
85,53,-32,-69,59,10,161,246,121,116,113,73
52,28,-24,-40,38,2,141,149,84,77,76,69
56,16,-40,-35,48,-12,133,83,56,48,46,35
19,-45,-64,13,41,-54,129,31,32,10,30,10
-13,-74,-61,44,24,-67,122,-1,15,-17,16,10
-33,-87,-54,60,11,-70,118,-23,3,-27,8,6
-34,-84,-50,60,9,-67,112,-35,-4,-40,-4,3
-41,-83,-42,62,1,-62,106,-49,-8,-51,-9,0
-36,-79,-44,57,4,-61,101,-51,-15,-55,-12,-1
-29,-80,-51,55,11,-65,96,-43,-19,-58,-15,-6
-54,-98,-44,76,-4,-71,95,-68,-26,-60,-17,-11
-38,-75,-37,57,0,-56,95,-76,-29,-64,-21,-15
-47,-78,-31,63,-8,-54,95,-76,-30,-65,-18,-20
-70,-93,-23,82,-23,-58,95,-89,-44,-62,-13,-16
-66,-88,-21,77,-23,-54,95,-80,-45,-59,-10,-10
-67,-92,-25,80,-21,-58,93,-70,-40,-56,-7,-4
-48,-85,-37,67,-5,-61,103,-60,-39,-53,-2,2
-44,-85,-41,65,-1,-63,109,-58,-35,-50,1,9
-49,-85,-36,67,-6,-60,100,-61,-34,-50,5,18
-45,-79,-34,62,-5,-56,94,-60,-30,-50,5,17
-44,-74,-31,59,-6,-52,88,-60,-30,-50,6,12
-38,-68,-30,53,-4,-49,80,-61,-28,-50,10,10
-30,-64,-35,48,3,-49,91,-58,-25,-50,10,5
-17,-54,-37,35,10,-45,101,-55,-25,-50,8,2
-31,-72,-41,51,6,-56,100,-59,-30,-54,3,-2
-41,-86,-45,64,2,-65,105,-61,-39,-61,0,-5
-36,-78,-42,57,3,-60,105,-65,-46,-67,-3,-5
-40,-75,-35,58,-2,-55,105,-66,-49,-70,-8,-5
-46,-70,-23,58,-12,-46,105,-64,-45,-70,-10,-5
-30,-66,-36,48,4,-51,105,-62,-45,-72,-5,-5
-6,-58,-52,32,24,-55,105,-59,-43,-75,-5,-5
-29,-79,-49,54,10,-64,105,-60,-39,-75,-5,-5
-44,-92,-48,68,2,-70,103,-71,-40,-71,-5,-5
-41,-85,-44,64,2,-65,100,-82,-40,-70,-5,-5
-46,-91,-45,69,0,-68,97,-87,-40,-70,-7,-4
-48,-89,-41,69,-4,-65,95,-98,-40,-66,-13,-7
-55,-91,-35,73,-10,-63,91,-106,-40,-65,-17,-19
-60,-89,-29,75,-15,-59,90,-112,-40,-65,-20,-20
-65,-91,-26,79,-20,-58,94,-118,-41,-65,-20,-13
-66,-81,-15,74,-25,-48,96,-123,-45,-65,-20,-10
-64,-89,-25,77,-19,-57,92,-137,-45,-73,-20,-4
-56,-112,-56,84,0,-83,90,-145,-47,-76,-20,-1
-52,-107,-55,80,2,-81,87,-144,-51,-75,-21,-3
-46,-102,-56,75,5,-79,84,-146,-50,-76,-18,-8
-39,-100,-61,70,11,-81,97,-149,-47,-75,-13,-10
-40,-100,-59,70,10,-80,106,-151,-39,-75,-11,-3
-41,-100,-58,71,9,-79,105,-146,-36,-70,-6,-1
-32,-79,-47,56,7,-62,104,-143,-29,-62,-3,6
4,-33,-38,15,21,-35,109,-134,-23,-56,3,8
-7,-33,-26,20,10,-29,124,-132,-20,-51,13,22
-14,-26,-12,20,-1,-18,119,-121,-1,-56,22,51
28,15,-13,-21,20,1,78,-121,-8,-55,37,49
47,1,-46,-23,47,-23,59,-173,-47,-56,29,38
45,-37,-82,-4,64,-59,60,-179,-53,-63,18,30
-2,-71,-69,37,34,-70,67,-182,-45,-55,14,22
-40,-107,-66,73,13,-86,85,-178,-67,-74,0,12
-58,-108,-49,83,-4,-78,74,-185,-67,-82,4,15
-53,-113,-60,84,4,-87,102,-186,-78,-87,-14,1
-79,-119,-40,99,-20,-79,101,-183,-69,-75,-6,8
-108,-164,-56,137,-26,-110,111,-174,-81,-100,-26,-12
-10,-129,-118,70,55,-123,157,51,-11,-47,-2,-16
147,90,-57,-118,102,17,17,-102,173,143,156,119
482,557,75,-519,203,315,-408,-635,474,528,572,496
561,1029,469,-795,46,749,-863,-1071,707,904,1039,961
152,565,413,-359,-131,489,-763,-1240,166,361,604,677
-84,-39,45,61,-65,2,-342,-833,-261,-189,21,136
-144,-60,85,101,-114,13,-83,-402,-131,-116,4,47
-118,-116,2,117,-59,-57,55,-233,-119,-135,-37,-11
-76,-148,-72,113,-2,-110,96,-149,-77,-118,-36,-31
-109,-166,-57,138,-26,-111,125,-131,-66,-117,-26,-29
-95,-162,-68,129,-13,-114,150,-111,-63,-118,-28,-33
-96,-181,-86,139,-5,-133,158,-101,-51,-106,-34,-26
-82,-191,-109,137,14,-150,155,-72,-54,-112,-42,-33
-83,-157,-74,121,-5,-115,147,-53,-39,-94,-27,-28
-69,-150,-81,110,6,-115,145,-40,-42,-95,-31,-31
-51,-142,-92,97,21,-117,134,-30,-29,-80,-20,-23
-71,-159,-88,115,8,-123,144,-13,-25,-78,-21,-21
-32,-123,-91,78,30,-107,160,24,-14,-79,-20,-18
-41,-123,-81,82,21,-102,165,45,-8,-71,-19,-13
-57,-144,-88,101,16,-116,172,76,2,-63,-20,-10
-31,-120,-88,76,29,-104,182,125,21,-53,-19,-9
