I,II,III,aVR,aVL,aVF,V1,V2,V3,V4,V5,V6
-120,0,120,60,-120,60,-70,-70,-59,-305,-30,324
-120,0,120,60,-120,60,-67,-67,-53,-301,-34,317
-120,0,120,60,-120,60,-61,-61,-45,-296,-38,303
-124,0,124,61,-124,61,-56,-56,-36,-291,-47,289
-125,0,125,62,-125,62,-50,-49,-25,-285,-59,275
-125,0,125,62,-125,62,-45,-46,-9,-279,-65,258
-125,5,130,60,-128,67,-45,-49,-3,-276,-74,239
-120,10,130,55,-125,70,-45,-50,-5,-273,-78,216
-115,14,130,51,-123,72,-45,-49,-5,-270,-83,209
-111,19,130,46,-121,74,-45,-52,-9,-267,-90,187
-106,23,130,41,-118,76,-43,-59,-10,-265,-91,178
-102,28,130,37,-116,79,-54,-67,-10,-264,-100,138
-100,30,130,35,-115,80,-66,-76,-16,-265,-113,120
-100,30,130,35,-115,80,-67,-86,-21,-264,-115,121
-100,30,130,35,-115,80,-71,-101,-26,-266,-121,116
-100,30,130,35,-115,80,-82,-114,-32,-282,-116,147
-100,31,130,35,-115,80,-86,-119,-38,-286,-148,-128
-95,34,130,30,-113,82,-84,-133,-42,-285,-231,-343
-95,35,130,30,-113,82,-85,-142,-46,-290,-257,-273
-95,35,130,30,-113,82,-85,-138,-51,-290,-261,-276
-95,35,130,30,-113,82,-84,-142,-50,-289,-266,-263
-96,35,130,30,-113,82,-81,-149,-50,-283,-264,-260
-92,37,129,27,-111,83,-77,-142,-50,-280,-266,-258
-90,41,131,25,-111,86,-77,-134,-50,-274,-264,-248
-89,39,127,25,-108,83,-64,-126,-50,-271,-265,-255
-80,59,139,11,-110,99,-26,-118,-34,-258,-266,-254
-68,86,154,-9,-111,120,24,-114,-13,-229,-271,-256
-59,83,142,-12,-100,112,7,-104,-5,-217,-270,-258
-57,75,133,-9,-95,104,-75,-116,-24,-229,-272,-261
-56,70,126,-7,-91,98,-125,-156,-54,-252,-275,-260
-58,60,118,-1,-89,89,-175,-213,-98,-289,-274,-265
-58,55,113,1,-86,84,-195,-247,-125,-308,-279,-265
-58,47,105,6,-82,76,-177,-235,-116,-302,-280,-268
-62,38,101,12,-82,69,-164,-231,-117,-301,-282,-271
-66,29,95,18,-81,61,-113,-220,-111,-297,-285,-270
-72,20,92,26,-82,56,-95,-219,-111,-294,-286,-281
-77,12,89,33,-83,50,-95,-211,-108,-294,-292,-294
-81,2,83,39,-82,43,-94,-206,-103,-286,-300,-296
-81,2,83,39,-82,42,-97,-203,-105,-288,-298,-294
-86,-12,74,49,-80,30,-91,-190,-94,-278,-302,-303
-79,-6,73,43,-76,33,-100,-194,-103,-281,-297,-297
-81,-25,56,53,-68,16,-65,-158,-84,-270,-302,-302
-93,-67,26,80,-59,-21,-41,-156,-84,-333,-338,-338
-137,-172,-34,155,-51,-103,178,17,31,-399,-437,-437
-105,-13,92,59,-98,39,296,173,313,4,-296,-330
176,492,316,-334,-70,403,27,207,658,943,377,238
323,763,440,-543,-59,602,-210,-67,406,1234,749,618
126,759,633,-443,-254,696,-216,-750,-698,-45,407,443
-62,303,365,-121,-213,333,138,-739,-995,-1047,-69,20
-190,-148,42,169,-116,-53,699,-398,-467,-799,-382,-353
-369,-179,190,274,-279,6,1151,-382,-264,-544,-499,-517
-419,-216,203,317,-310,-7,1148,-424,-271,-481,-516,-551
-344,-209,134,276,-239,-37,882,-394,-251,-429,-482,-513
-262,-174,89,218,-175,-42,477,-275,-145,-349,-422,-456
-165,-115,50,140,-107,-32,67,-242,-94,-281,-374,-407
-110,-65,46,87,-77,-9,-17,-177,-53,-246,-338,-389
-91,-58,33,74,-61,-12,-60,-133,-8,-201,-329,-385
-84,-52,32,68,-57,-10,-82,-120,5,-190,-326,-379
-78,-58,21,68,-49,-18,-80,-105,18,-176,-323,-378
-70,-53,17,62,-43,-18,-90,-99,22,-169,-318,-367
-66,-56,10,61,-37,-23,-81,-76,36,-156,-315,-378
-54,-52,2,53,-28,-25,-88,-65,50,-144,-318,-371
-46,-49,-4,48,-21,-26,-83,-38,83,-121,-322,-444
-38,-50,-13,44,-13,-31,-84,-6,125,-87,-327,-536
-31,-49,-19,40,-6,-34,-75,37,176,-40,-321,-516
-24,-51,-26,38,1,-38,-69,87,240,15,-313,-511
-18,-50,-32,34,7,-41,-63,163,336,98,-296,-498
0,-43,-44,22,22,-43,-55,281,475,226,-254,-460
41,-34,-75,-3,58,-54,-50,421,640,368,-199,-420
85,-26,-111,-30,98,-68,-45,595,847,549,-127,-361
131,-16,-147,-57,139,-81,-41,770,1043,726,-39,-282
180,-4,-185,-88,183,-94,-36,926,1208,877,48,-201
227,7,-220,-117,223,-106,-32,1044,1304,968,124,-134
256,25,-231,-140,244,-103,-27,1065,1291,970,171,-85
256,32,-224,-144,240,-96,-18,1035,1226,917,171,-72
244,27,-217,-135,231,-95,-9,960,1087,785,137,-79
216,25,-191,-120,203,-83,-1,822,904,615,73,-114
172,21,-151,-96,161,-64,17,677,723,447,-8,-187
129,20,-109,-74,119,-44,37,519,542,289,-80,-256
81,17,-64,-49,72,-23,41,354,386,153,-160,-325
39,11,-28,-24,33,-8,35,206,251,59,-234,-387
4,7,2,-6,1,4,30,83,136,-18,-279,-428
-28,2,31,12,-30,16,23,-6,54,-84,-321,-463
-52,-3,50,27,-51,23,0,-77,3,-108,-341,-480
-60,-5,55,32,-57,25,-21,-125,-31,-140,-361,-490
-60,-5,55,32,-57,25,-25,-150,-54,-157,-374,-495
-60,-5,55,32,-57,25,-25,-164,-69,-164,-374,-494
-60,-5,55,32,-57,25,-25,-165,-70,-175,-380,-495
-60,-5,55,32,-57,25,-25,-165,-70,-170,-379,-495
-63,-9,55,35,-59,23,-25,-165,-75,-170,-384,-495
-72,-14,59,43,-65,22,-24,-165,-76,-170,-385,-492
-79,-19,60,49,-70,21,-19,-165,-74,-170,-387,-488
-82,-22,60,52,-71,19,-13,-159,-68,-170,-398,-486
-88,-28,60,58,-74,16,-10,-154,-63,-173,-400,-483
-89,-29,60,59,-75,15,-5,-149,-58,-176,-400,-480
-84,-24,60,54,-72,17,0,-143,-51,-175,-400,-479
-86,-26,60,56,-72,17,-3,-138,-47,-175,-400,-470
-82,-22,60,52,-71,18,-9,-132,-45,-175,-399,-461
-80,-20,60,50,-70,20,-14,-131,-46,-175,-396,-453
-80,-20,60,50,-70,20,-18,-128,-45,-170,-393,-443
-76,-16,60,46,-68,21,-22,-140,-45,-170,-390,-431
-78,-15,64,46,-71,24,-26,-159,-45,-170,-387,-419
-80,-15,65,47,-72,25,-24,-167,-46,-170,-385,-407
-80,-15,65,47,-72,25,-32,-177,-60,-169,-383,-395
-80,-15,65,47,-72,25,-41,-185,-67,-172,-377,-385
-82,-16,65,48,-73,24,-39,-193,-74,-179,-372,-375
-84,-20,64,52,-74,21,-40,-197,-84,-186,-368,-365
-80,-20,60,50,-70,20,-40,-201,-82,-197,-364,-354
-80,-20,60,50,-70,20,-40,-215,-94,-201,-359,-342
-78,-20,58,49,-68,19,-43,-221,-106,-204,-356,-330
-74,-20,54,46,-64,17,-46,-219,-104,-205,-353,-320
-72,-17,55,44,-63,19,-50,-231,-105,-204,-350,-310
-72,-14,58,42,-64,22,-49,-236,-105,-205,-347,-300
-72,-12,61,42,-67,24,-41,-234,-105,-205,-345,-290
-67,-7,60,37,-63,26,-33,-236,-100,-205,-342,-280
-66,-6,60,36,-63,26,-25,-234,-92,-205,-333,-270
-62,-2,60,32,-61,29,-18,-236,-87,-205,-325,-260
-52,9,61,21,-56,35,1,-213,-78,-205,-316,-244
-45,41,86,1,-65,63,51,-187,-54,-206,-310,-221
-27,58,85,-16,-56,71,54,-192,-26,-205,-305,-197
-19,32,52,-7,-36,42,-23,-193,-44,-205,-300,-181
-26,24,51,1,-39,37,-84,-215,-82,-204,-296,-174
-26,23,49,1,-38,36,-133,-274,-125,-226,-291,-168
-32,19,52,6,-42,36,-163,-307,-170,-253,-292,-160
-48,17,65,15,-57,40,-150,-296,-166,-248,-296,-154
-44,15,59,15,-52,37,-145,-289,-159,-246,-294,-148
-44,9,53,17,-48,31,-100,-277,-153,-243,-295,-141
-59,-15,45,37,-52,15,-75,-275,-145,-239,-295,-134
-68,-27,41,47,-54,7,-76,-268,-141,-242,-295,-124
-70,-39,31,54,-50,-4,-73,-262,-133,-245,-301,-119
-83,-49,33,66,-58,-8,-78,-260,-139,-268,-298,-106
-87,-61,26,74,-56,-17,-69,-247,-128,-262,-303,-98
-74,-46,28,59,-51,-8,-83,-255,-137,-253,-296,-75
-79,-54,25,66,-52,-14,-27,-226,-120,-241,-303,-61
-84,-87,-3,85,-40,-45,-16,-240,-141,-293,-302,-79
-122,-192,-71,158,-25,-131,159,-90,-56,-397,-381,-159
-50,-85,-35,67,-7,-60,340,122,268,-51,-277,-64
229,412,183,-321,23,298,97,205,679,879,403,534
413,677,264,-545,74,470,-170,30,608,1376,864,1006
232,684,453,-458,-111,569,-215,-597,-434,322,596,905
-86,352,438,-133,-263,394,68,-750,-954,-879,103,511
-209,-107,101,158,-155,-3,571,-423,-506,-800,-241,127
-299,-197,102,248,-200,-47,1087,-318,-270,-539,-359,-12
-369,-237,133,303,-251,-52,1191,-412,-254,-477,-379,-40
-321,-237,84,279,-202,-76,979,-444,-252,-412,-343,-19
-249,-197,52,223,-150,-72,669,-336,-194,-380,-269,57
-176,-166,10,171,-93,-78,180,-305,-128,-309,-204,123
-87,-109,-22,98,-32,-65,-3,-244,-89,-271,-157,185
-50,-76,-26,63,-12,-51,-44,-199,-47,-246,-139,238
-74,-78,-4,76,-35,-40,-85,-188,-34,-242,-131,251
-36,-84,-48,60,6,-66,-70,-164,-22,-227,-120,257
-12,-77,-66,45,27,-71,-89,-159,-12,-209,-110,275
-18,-82,-64,50,23,-72,-81,-137,6,-187,-102,287
-13,-79,-66,46,27,-72,-87,-128,18,-169,-96,306
-17,-81,-64,50,23,-72,-87,-106,43,-153,-88,319
-11,-77,-66,45,28,-71,-91,-70,83,-134,-68,345
-10,-75,-65,43,28,-70,-90,-28,127,-101,-44,362
7,-81,-88,37,48,-85,-85,41,195,-44,-16,387
34,-77,-110,22,72,-93,-81,120,277,20,18,422
43,-71,-115,14,79,-93,-75,228,393,122,62,460
76,-66,-142,-5,109,-104,-72,378,557,256,126,531
125,-60,-185,-33,155,-122,-65,539,740,421,209,614
175,-55,-230,-60,203,-142,-68,710,930,575,309,717
233,-46,-279,-93,256,-162,-74,863,1090,702,410,829
274,-33,-308,-120,291,-170,-70,970,1188,809,493,935
305,-22,-327,-141,316,-175,-62,1004,1205,820,576,1050
322,-19,-341,-151,332,-180,-56,979,1136,774,620,1133
312,-20,-333,-145,322,-176,-49,911,997,678,604,1135
283,-20,-302,-131,292,-160,-43,794,829,532,559,1098
237,-20,-258,-108,247,-139,-34,663,661,390,487,1053
183,-19,-202,-81,192,-110,-8,518,487,238,411,987
130,-16,-146,-57,138,-80,7,367,337,120,337,918
86,-15,-100,-35,93,-57,1,238,217,37,275,867
45,-15,-60,-14,53,-37,-9,116,113,-35,232,826
13,-15,-28,1,21,-21,-23,23,33,-83,198,797
-8,-15,-7,11,0,-11,-31,-42,-24,-123,185,781
-18,-17,1,18,-9,-8,-52,-91,-68,-154,180,768
-23,-20,2,21,-12,-9,-57,-118,-97,-170,175,758
-29,-23,6,25,-17,-9,-65,-137,-114,-177,171,752
-34,-26,8,30,-21,-8,-57,-141,-124,-185,166,745
-40,-29,11,35,-25,-9,-59,-140,-122,-187,165,739
-40,-30,10,35,-25,-10,-65,-139,-116,-184,165,732
-41,-31,10,36,-26,-10,-48,-134,-111,-186,165,729
-45,-35,10,40,-27,-12,-80,-136,-105,-185,165,730
-45,-35,10,40,-27,-12,-25,-131,-100,-186,165,729
-43,-33,10,38,-26,-11,-92,-117,-91,-184,165,730
-40,-30,10,35,-25,-10,-14,-103,-78,-178,170,729
-40,-30,10,35,-25,-10,-93,-95,-68,-171,178,730
-40,-30,10,35,-25,-10,-30,-92,-65,-164,180,729
-40,-30,10,35,-25,-10,-55,-88,-62,-158,188,732
-40,-30,10,35,-25,-10,-121,-85,-59,-151,201,735
-35,-25,10,30,-22,-7,127,-80,-56,-150,208,734
-35,-25,10,30,-22,-7,-1008,-82,-55,-150,209,735
-34,-24,10,29,-22,-7,-713,-86,-61,-150,219,734
-29,-19,10,24,-20,-5,166,-84,-68,-150,231,735
-31,-21,10,26,-21,-5,-211,-96,-77,-149,229,732
-27,-17,10,22,-18,-4,-19,-107,-88,-152,230,728
-26,-15,11,20,-18,-1,-123,-114,-97,-154,230,725
-30,-15,15,22,-22,0,-92,-120,-108,-158,229,721
-26,-11,15,18,-20,1,-82,-122,-110,-158,234,717
-25,-9,15,16,-20,2,-127,-129,-111,-169,235,714
-26,-11,15,18,-20,2,-87,-136,-115,-181,235,708
-29,-14,15,21,-22,0,-131,-143,-114,-179,240,700
-34,-15,18,24,-26,1,-93,-149,-110,-180,240,694
-35,-15,21,25,-27,2,-122,-145,-110,-180,241,685
-35,-15,20,25,-27,2,-103,-140,-109,-180,245,679
-35,-15,20,25,-27,2,-108,-136,-104,-174,244,672
-32,-12,20,22,-26,4,-94,-131,-106,-161,245,669
-11,8,19,2,-16,14,-86,-127,-99,-149,244,670
-2,36,38,-17,-20,37,-91,-122,-77,-146,249,669
-8,42,50,-18,-29,46,-89,-119,-69,-145,264,670
-3,36,39,-17,-21,38,-88,-113,-69,-146,265,669
3,35,32,-19,-15,33,-113,-120,-77,-144,265,663
5,30,25,-18,-10,27,-169,-167,-113,-152,265,655
11,26,16,-19,-3,21,-213,-222,-159,-190,265,649
11,24,14,-18,-2,19,-214,-229,-168,-203,265,641
30,14,-15,-22,22,0,-201,-219,-160,-193,259,633
35,7,-29,-21,32,-11,-181,-216,-160,-195,253,628
-16,-7,9,12,-12,1,-143,-205,-152,-186,244,616
-35,-11,24,23,-29,6,-141,-205,-153,-186,241,609
-30,-18,12,24,-21,-3,-138,-192,-145,-188,230,595
-30,-17,12,23,-21,-3,-143,-199,-145,-190,231,589
-28,-22,6,25,-17,-8,-137,-184,-135,-192,229,580
-27,-27,0,27,-13,-13,-142,-192,-134,-191,229,573
-19,-19,0,19,-9,-9,-130,-179,-131,-201,232,566
-33,-51,-18,42,-7,-34,-100,-152,-118,-190,194,524
-64,-123,-59,94,-3,-90,-25,-114,-133,-288,139,491
-72,-187,-115,130,21,-151,241,99,67,-231,61,412
117,169,52,-143,33,110,195,214,438,450,448,699
390,612,223,-501,83,417,-131,204,699,1366,1139,1301
388,750,363,-570,12,556,-272,-273,40,1043,1191,1445
89,608,519,-349,-215,563,-150,-804,-969,-444,741,1132
-157,61,217,48,-187,139,272,-587,-834,-924,300,685
-226,-201,25,213,-125,-87,835,-295,-398,-565,76,375
-323,-198,125,260,-223,-36,1144,-310,-318,-432,15,272
-343,-239,104,291,-223,-68,984,-401,-293,-372,-8,259
-262,-209,53,235,-157,-78,698,-326,-254,-328,45,309
-178,-183,-5,180,-86,-94,261,-235,-167,-241,103,359
-92,-118,-25,105,-33,-71,-47,-203,-115,-185,148,396
-38,-82,-44,60,3,-62,-70,-132,-61,-136,181,412
-2,-69,-67,36,33,-68,-114,-108,-40,-109,179,409
1,-69,-70,34,35,-70,-101,-87,-28,-105,180,410
-1,-71,-71,36,35,-71,-107,-81,-17,-91,180,410
6,-68,-74,32,40,-71,-111,-68,-9,-83,179,409
4,-72,-75,34,40,-73,-108,-47,9,-63,181,412
10,-65,-76,28,43,-70,-110,-30,22,-49,178,414
16,-65,-81,25,49,-73,-101,1,58,-24,189,415
19,-65,-84,23,52,-74,-102,36,99,14,193,415
32,-60,-92,14,62,-76,-95,78,149,67,206,414
45,-60,-106,8,76,-83,-93,149,230,136,234,425
62,-59,-121,-1,92,-90,-89,244,343,233,264,448
95,-51,-145,-22,120,-98,-84,372,491,364,315,491
127,-42,-169,-42,148,-105,-79,531,675,524,374,534
171,-33,-204,-69,188,-119,-74,702,869,701,448,598
219,-25,-243,-97,231,-134,-68,871,1050,864,539,670
260,-15,-275,-122,268,-145,-63,1008,1194,1000,631,755
308,-5,-313,-152,311,-159,-57,1099,1232,1057,695,813
323,5,-318,-164,320,-156,-48,1101,1197,1034,719,843
322,11,-312,-166,317,-150,-40,1049,1110,965,714,834
321,13,-308,-167,314,-147,-31,955,944,816,641,555
282,17,-265,-149,274,-124,-12,818,767,650,514,326
239,20,-219,-129,229,-99,15,672,591,497,401,287
197,17,-180,-106,188,-82,38,505,417,343,298,181
151,11,-140,-80,145,-64,39,354,273,226,210,106
107,7,-100,-56,103,-46,27,221,151,139,151,46
63,2,-61,-32,62,-29,18,109,54,74,105,-1
44,-2,-46,-21,46,-24,6,32,-16,25,65,-39
35,-7,-41,-14,38,-24,-12,-31,-69,-14,37,-70
24,-10,-34,-6,29,-22,-32,-70,-105,-39,21,-82
18,-10,-28,-4,23,-18,-39,-96,-124,-51,5,-98
8,-12,-21,2,15,-16,-35,-106,-138,-58,-2,-101
4,-15,-20,6,13,-17,-35,-105,-144,-64,-6,-114
5,-15,-20,5,13,-17,-35,-105,-139,-61,-11,-118
1,-19,-20,9,11,-19,-35,-100,-136,-56,-15,-129
0,-20,-20,10,10,-20,-35,-100,-133,-54,-19,-147
0,-20,-20,10,10,-20,-33,-99,-129,-49,-27,-159
-2,-20,-19,11,9,-19,-28,-93,-125,-46,-41,-194
-5,-20,-15,13,5,-17,-25,-88,-122,-43,-48,-209
-6,-19,-12,13,3,-15,-22,-83,-118,-36,-55,-234
-5,-14,-10,9,3,-12,-17,-77,-114,-29,-68,-291
-4,-11,-6,8,1,-8,-15,-71,-111,-23,-81,-321
-3,-8,-5,6,1,-6,-19,-74,-106,-16,-89,-339
-2,-3,-1,3,0,-2,-21,-75,-106,-15,-92,-354
0,0,0,0,0,0,-19,-77,-110,-15,-97,-377
3,4,0,-3,1,2,-21,-81,-113,-15,-108,-394
1,5,4,-4,-2,5,-32,-81,-115,-15,-112,-404
-1,5,6,-2,-4,5,-38,-86,-119,-15,-117,-428
2,5,3,-4,-1,4,-41,-89,-124,-17,-128,-431
4,5,0,-4,2,2,-46,-94,-135,-21,-132,-437
7,6,0,-6,3,3,-44,-114,-148,-26,-143,-445
10,10,0,-10,5,5,-48,-122,-154,-29,-146,-444
10,10,0,-10,5,5,-50,-125,-161,-33,-144,-451
10,10,0,-10,5,5,-50,-129,-168,-38,-146,-449
7,10,3,-9,2,6,-54,-131,-171,-41,-144,-458
4,10,6,-8,-1,7,-56,-135,-176,-45,-146,-450
9,14,5,-12,2,9,-55,-137,-179,-45,-152,-472
10,16,5,-13,2,10,-55,-140,-184,-49,-160,-537
10,14,5,-13,2,10,-55,-140,-188,-50,-169,-539
10,16,6,-13,1,11,-55,-140,-190,-50,-176,-549
2,14,12,-8,-6,13,-63,-135,-197,-58,-180,-565
-2,17,19,-8,-11,18,-59,-127,-195,-55,-183,-555
-5,21,26,-8,-16,23,-46,-121,-186,-45,-191,-581
4,36,32,-21,-14,34,-19,-114,-169,-35,-195,-613
22,64,42,-44,-10,53,33,-108,-148,-9,-195,-616
16,64,47,-40,-16,55,34,-103,-140,23,-195,-614
23,56,33,-40,-5,45,-22,-100,-135,21,-195,-616
30,53,23,-42,3,38,-72,-122,-154,-15,-195,-614
33,45,12,-39,10,28,-131,-181,-209,-54,-198,-617
39,42,3,-41,18,22,-162,-222,-247,-80,-214,-619
37,35,-2,-35,19,16,-149,-211,-244,-87,-221,-620
61,25,-36,-43,48,-5,-140,-203,-245,-79,-221,-625
36,15,-21,-25,28,-2,-99,-191,-245,-73,-225,-624
-13,4,17,5,-15,10,-77,-185,-244,-71,-226,-629
-10,1,11,4,-11,6,-82,-181,-245,-69,-228,-629
-5,-2,3,4,-4,0,-77,-173,-237,-64,-232,-631
3,1,-1,-2,2,0,-85,-175,-244,-65,-229,-628
0,-10,-10,6,5,-10,-73,-160,-232,-59,-238,-630
16,1,-16,-8,17,-8,-88,-172,-240,-59,-233,-631
-21,-25,-3,23,-9,-14,-53,-140,-230,-52,-234,-633
-51,-70,-19,60,-16,-44,-33,-144,-223,-93,-261,-666
-46,-136,-90,91,23,-113,131,-15,-150,-199,-347,-720
-5,-93,-89,49,42,-91,342,184,97,47,-328,-704
230,363,133,-297,48,248,142,243,453,902,256,-240
453,723,270,-588,91,496,-139,94,458,1531,799,267
332,785,453,-559,-61,619,-216,-555,-537,604,602,215
-30,451,481,-211,-256,466,43,-788,-1184,-710,110,-168
-130,-83,47,107,-88,-18,578,-417,-741,-709,-251,-578
-184,-183,1,183,-93,-90,1099,-264,-422,-378,-419,-786
-334,-196,138,265,-236,-29,1214,-352,-403,-308,-464,-833
-302,-228,74,265,-187,-77,995,-377,-399,-242,-423,-810
-218,-187,30,202,-124,-78,632,-255,-317,-185,-366,-755
-109,-142,-32,125,-38,-87,160,-208,-244,-109,-314,-709
-36,-87,-51,62,8,-68,8,-139,-207,-63,-273,-666
-13,-70,-57,42,22,-63,-21,-82,-158,-27,-267,-645
-8,-62,-54,36,23,-58,-57,-71,-143,-16,-259,-637
-5,-67,-61,36,29,-64,-55,-52,-128,-7,-253,-635
9,-64,-73,28,41,-68,-70,-46,-121,1,-246,-631
2,-65,-68,31,36,-66,-55,-26,-102,14,-240,-627
7,-65,-72,29,40,-68,-60,-16,-84,28,-233,-624
7,-61,-68,27,38,-65,-51,10,-61,50,-222,-620
15,-59,-74,22,44,-66,-50,37,-26,82,-213,-617
38,-56,-94,9,66,-74,-46,78,16,113,-201,-613
45,-53,-99,4,72,-76,-41,139,82,175,-184,-611
57,-50,-107,-3,82,-79,-39,212,173,251,-159,-603
75,-49,-124,-13,100,-86,-34,320,297,356,-121,-571
102,-40,-142,-30,122,-91,-31,459,457,498,-73,-528
143,-30,-173,-56,158,-101,-27,625,655,664,-7,-473
183,-20,-203,-81,193,-112,-22,801,856,841,79,-394
238,-8,-246,-115,242,-127,-17,967,1034,1000,167,-315
291,7,-285,-149,288,-139,-11,1098,1151,1111,252,-237
308,20,-287,-164,297,-133,-5,1149,1173,1140,311,-190
300,22,-278,-160,289,-128,-1,1134,1130,1103,318,-189
289,20,-269,-154,279,-124,8,1075,1002,998,294,-190
282,18,-264,-149,273,-123,17,963,830,843,256,-189
255,15,-241,-135,247,-113,31,819,645,672,191,-225
207,15,-189,-111,199,-88,59,665,467,518,110,-294
154,12,-140,-83,148,-65,64,509,304,386,25,-360
98,9,-90,-53,93,-40,52,357,153,267,-50,-429
49,6,-42,-27,45,-18,45,228,40,185,-97,-475
23,3,-20,-13,21,-8,35,129,-49,123,-130,-506
11,1,-10,-6,11,-5,27,58,-110,84,-157,-526
-2,-2,0,2,-1,-1,21,7,-154,57,-172,-536
-15,-5,10,10,-12,2,14,-33,-183,33,-183,-551
-25,-5,20,15,-22,8,8,-47,-192,28,-189,-549
-33,-7,26,20,-29,9,0,-45,-196,22,-192,-551
-35,-10,24,22,-30,6,-4,-45,-195,19,-194,-555
-38,-10,28,23,-33,9,0,-45,-195,13,-198,-554
-37,-6,31,22,-33,12,5,-45,-195,10,-200,-555
-34,-5,30,19,-31,12,9,-44,-195,16,-200,-554
-39,-5,34,22,-36,14,14,-38,-192,22,-200,-555
-35,0,35,17,-35,17,19,-31,-185,29,-200,-555
-35,0,35,17,-35,17,18,-25,-180,35,-199,-555
-39,1,40,19,-40,20,14,-17,-175,42,-196,-554
-34,5,40,14,-37,22,15,-19,-168,45,-195,-550
-37,5,42,16,-40,23,15,-21,-167,45,-195,-546
-40,5,45,17,-43,25,15,-20,-170,45,-195,-543
-42,5,47,18,-45,26,15,-25,-170,45,-196,-539
-46,5,51,21,-49,27,10,-25,-175,45,-192,-535
-41,9,50,16,-46,29,5,-26,-175,45,-189,-532
-40,10,50,15,-45,30,0,-35,-178,40,-190,-529
-40,10,50,15,-45,30,-4,-43,-187,35,-186,-527
-40,10,50,15,-45,30,-9,-50,-188,30,-185,-524
-40,10,49,15,-45,30,-12,-60,-200,26,-185,-521
-41,10,51,16,-46,31,-15,-79,-211,21,-180,-519
-45,10,55,17,-50,32,-18,-87,-212,17,-180,-516
-45,10,55,17,-50,32,-21,-84,-214,15,-179,-513
-53,10,63,21,-58,36,-24,-86,-222,12,-174,-510
-56,10,66,22,-61,37,-26,-90,-230,9,-175,-507
-51,10,61,20,-56,35,-29,-98,-232,6,-172,-505
-46,13,59,16,-53,36,-30,-100,-235,4,-169,-503
-40,16,56,12,-48,36,-31,-104,-232,1,-170,-497
-40,14,54,12,-48,34,-35,-105,-229,0,-166,-492
-40,16,56,12,-48,36,-35,-100,-231,0,-165,-488
-40,14,54,13,-48,34,-33,-101,-229,0,-164,-483
-39,17,56,11,-48,37,-25,-96,-231,-1,-161,-479
-32,21,53,5,-43,37,-20,-96,-229,4,-158,-475
-30,35,65,-3,-48,50,9,-89,-213,15,-156,-471
-30,66,95,-18,-63,80,66,-61,-204,34,-153,-469
-27,69,96,-21,-61,82,61,-47,-205,43,-150,-464
-25,61,86,-18,-56,73,5,-56,-204,29,-150,-461
-23,58,81,-18,-52,69,-49,-87,-206,14,-150,-457
-21,50,71,-15,-47,61,-113,-151,-252,-7,-150,-455
-19,47,66,-14,-43,57,-142,-188,-296,-27,-150,-454
-20,40,60,-10,-40,50,-129,-181,-290,-31,-149,-455
-24,32,56,-5,-40,44,-121,-180,-287,-30,-151,-455
-28,26,54,0,-41,40,-84,-151,-281,-31,-154,-454
-31,17,48,7,-40,32,-55,-138,-274,-29,-156,-460
-35,12,48,11,-42,30,-56,-141,-272,-32,-156,-458
-40,2,42,19,-41,22,-53,-131,-262,-27,-162,-462
-49,-1,48,25,-48,23,-59,-141,-268,-27,-158,-458
-57,-15,42,35,-49,14,-49,-125,-255,-23,-161,-462
-64,-18,46,41,-55,14,-62,-139,-264,-27,-160,-459
-73,-27,46,49,-59,9,-30,-118,-248,-23,-157,-458
-69,-57,12,63,-40,-22,-13,-127,-256,-60,-192,-487
-124,-154,-31,139,-46,-92,146,-2,-191,-169,-274,-559
-70,-99,-29,85,-20,-64,351,203,81,75,-245,-552
180,365,185,-273,-3,275,150,249,436,925,331,-61
397,715,319,-556,39,517,-134,107,442,1551,880,437
284,792,508,-538,-113,650,-206,-543,-548,624,676,374
-89,452,541,-181,-315,496,56,-751,-1192,-684,179,-2
-179,-77,102,128,-141,13,577,-391,-739,-676,-189,-411
-235,-170,65,202,-150,-52,1102,-321,-465,-359,-349,-621
-394,-192,202,292,-298,6,1242,-366,-436,-288,-383,-674
-332,-205,127,268,-229,-39,1032,-366,-395,-220,-361,-646
-240,-164,76,202,-158,-44,670,-256,-332,-170,-300,-585
-162,-133,29,148,-96,-52,183,-196,-256,-98,-252,-537
-102,-87,15,94,-58,-36,21,-143,-212,-56,-208,-488
-77,-76,1,76,-39,-38,-5,-81,-161,-14,-189,-463
-60,-61,-2,61,-28,-31,-47,-71,-150,0,-185,-458
-60,-67,-7,64,-26,-37,-38,-50,-136,11,-180,-461
-47,-62,-15,55,-16,-38,-51,-49,-128,18,-176,-459
-41,-59,-18,51,-12,-38,-41,-32,-114,23,-172,-460
-36,-61,-25,49,-6,-42,-47,-14,-88,44,-167,-460
-29,-56,-27,43,-1,-41,-44,12,-62,59,-158,-455
-21,-53,-32,37,5,-42,-43,43,-31,89,-149,-444
-11,-49,-38,30,13,-43,-38,81,14,131,-141,-435
-3,-46,-43,25,21,-45,-32,134,78,179,-122,-423
11,-41,-53,16,32,-47,-29,209,166,254,-92,-404
32,-39,-71,4,51,-55,-23,314,297,359,-50,-375
60,-31,-91,-14,76,-60,-20,448,461,496,0,-335
99,-20,-119,-40,109,-69,-15,615,655,665,60,-276
147,-10,-158,-68,153,-84,-15,794,855,835,148,-202
199,3,-197,-101,198,-97,-16,957,1029,992,241,-122
255,17,-238,-136,247,-110,-15,1085,1150,1099,327,-42
296,30,-266,-163,280,-117,-16,1148,1167,1116,382,18
298,34,-264,-166,280,-115,-12,1140,1113,1080,398,49
288,29,-259,-158,273,-115,-3,1066,991,972,384,40
271,26,-245,-148,258,-109,8,944,810,816,327,12
228,23,-205,-125,216,-91,26,807,633,657,251,-45
176,18,-158,-97,167,-70,52,654,452,494,172,-122
122,15,-107,-68,114,-46,61,500,293,364,94,-192
72,15,-57,-43,64,-21,52,353,154,259,22,-254
32,15,-17,-23,24,0,44,223,37,167,-33,-300
2,15,13,-9,-6,14,36,127,-45,116,-70,-333
-16,15,31,0,-24,23,29,46,-116,70,-95,-355
-35,15,50,9,-43,32,23,-8,-157,37,-106,-370
-42,14,56,14,-49,35,17,-39,-188,29,-122,-388
-45,9,54,17,-50,31,13,-58,-207,5,-132,-405
-53,6,59,24,-57,32,6,-60,-210,40,-132,-405
-57,3,60,27,-59,31,1,-60,-219,36,-136,-404
-62,-2,60,32,-61,29,3,-59,-215,-15,-139,-405
-65,-5,60,35,-62,27,6,-55,-206,-1,-140,-404
-65,-5,60,35,-62,27,9,-56,-199,-6,-141,-408
-65,-5,60,35,-62,27,12,-53,-190,-6,-145,-410
-65,-5,60,35,-62,27,15,-47,-185,-3,-146,-410
-65,-5,60,35,-62,27,14,-41,-177,-3,-142,-410
-68,-5,62,36,-65,28,10,-37,-171,3,-140,-410
-69,-4,66,36,-67,31,11,-30,-164,3,-140,-409
-64,1,65,31,-64,32,7,-26,-158,8,-136,-405
-65,4,69,30,-67,36,5,-29,-153,10,-135,-405
-63,7,70,28,-67,38,5,-31,-148,8,-135,-405
-58,12,70,23,-64,41,1,-33,-164,2,-130,-405
-60,15,75,22,-68,45,-6,-35,-176,-2,-130,-405
-59,15,74,22,-67,45,-12,-37,-180,-6,-130,-402
-62,15,77,23,-70,46,-19,-44,-193,-11,-130,-399
-65,15,80,25,-73,47,-26,-56,-203,-15,-130,-400
-65,15,80,25,-73,47,-32,-64,-210,-20,-132,-400
-62,15,78,23,-71,46,-35,-76,-213,-28,-135,-400
-59,15,74,22,-67,45,-35,-86,-214,-30,-135,-399
-60,15,76,22,-69,45,-37,-85,-220,-30,-135,-395
-59,15,74,22,-67,45,-41,-85,-229,-34,-135,-395
-72,15,87,28,-80,51,-40,-90,-236,-35,-135,-393
-76,15,91,30,-84,52,-40,-99,-239,-35,-135,-389
-67,15,82,26,-75,48,-40,-100,-243,-40,-135,-390
-67,19,86,24,-76,52,-40,-101,-245,-40,-135,-388
-52,20,72,16,-62,46,-40,-104,-241,-41,-135,-383
-61,20,81,20,-71,50,-40,-106,-239,-45,-135,-380
-44,20,64,12,-54,42,-40,-103,-240,-45,-133,-376
-56,20,76,18,-66,48,-31,-96,-235,-42,-128,-372
-45,21,66,12,-55,43,-29,-87,-235,-32,-125,-369
-42,31,73,5,-57,52,-3,-78,-234,-23,-122,-365
-50,59,108,-5,-79,83,44,-78,-210,-13,-117,-365
-17,71,87,-27,-52,79,41,-80,-194,-7,-116,-364
-64,64,128,0,-96,96,-2,-80,-194,3,-119,-360
29,61,31,-45,-1,46,-59,-80,-205,-3,-122,-360
-191,54,245,68,-218,149,-117,-127,-254,-46,-124,-360
-265,49,314,108,-290,181,-136,-182,-295,-74,-128,-360
18,44,26,-31,-5,35,-121,-172,-295,-75,-129,-360
-56,35,90,10,-73,62,-113,-168,-295,-75,-131,-360
-45,26,71,9,-58,48,-103,-142,-292,-76,-128,-359
-49,13,62,18,-56,37,-95,-114,-288,-74,-141,-361
-73,9,81,32,-77,45,-91,-117,-292,-75,-161,-363
-56,1,57,28,-57,29,-79,-111,-282,-67,-168,-368
-77,4,82,36,-79,43,-81,-120,-287,-65,-162,-368
-65,-5,61,35,-63,28,-64,-108,-276,-58,-167,-374
-79,-3,76,41,-77,36,-66,-124,-282,-56,-164,-374
-76,-7,68,42,-72,30,-38,-100,-271,-50,-164,-374
-115,-56,59,85,-87,2,-28,-108,-275,-79,-189,-383
-138,-127,12,133,-75,-57,93,-19,-238,-216,-275,-454
-80,-107,-27,94,-26,-67,342,212,28,-34,-299,-489
136,301,166,-219,-15,233,190,291,418,767,238,-47
386,687,301,-537,43,494,-115,215,559,1547,850,514
313,783,469,-548,-78,626,-200,-353,-311,875,727,528
-54,500,554,-224,-304,527,21,-713,-1134,-563,226,154
-240,-33,208,137,-224,87,487,-398,-810,-746,-174,-265
-296,-178,119,237,-207,-30,1018,-214,-456,-405,-360,-512
-387,-189,198,287,-292,5,1244,-306,-427,-324,-409,-575
-364,-215,150,289,-257,-32,1083,-351,-419,-256,-394,-552
-296,-184,112,240,-204,-36,789,-227,-336,-222,-327,-494
-210,-154,56,181,-132,-49,275,-170,-262,-151,-261,-436
-150,-105,45,127,-97,-29,15,-122,-229,-113,-212,-383
-130,-100,30,115,-80,-34,-14,-62,-173,-79,-190,-351
-107,-86,20,96,-63,-33,-67,-49,-164,-59,-190,-350
-88,-77,10,82,-49,-33,-57,-30,-147,-52,-190,-350
-72,-71,1,71,-36,-34,-70,-29,-135,-41,-190,-345
-64,-69,-5,67,-29,-37,-62,-13,-120,-35,-190,-345
-56,-71,-15,64,-21,-43,-66,10,-96,-22,-189,-343
-49,-69,-20,59,-14,-44,-66,32,-72,-3,-181,-333
-40,-71,-31,56,-5,-50,-62,54,-36,21,-171,-320
-31,-67,-37,49,3,-51,-61,99,13,56,-164,-310
-8,-63,-54,36,23,-58,-55,153,72,104,-147,-299
6,-58,-64,26,36,-61,-55,225,157,165,-118,-273
24,-54,-78,15,51,-66,-50,330,278,255,-80,-241
59,-49,-108,-5,83,-78,-50,467,435,376,-35,-200
87,-45,-132,-21,110,-88,-55,636,631,538,33,-139
134,-38,-172,-48,153,-105,-55,812,828,681,116,-67
193,-27,-220,-83,207,-123,-56,977,1004,816,198,20
239,-18,-257,-111,248,-137,-55,1112,1132,934,286,97
282,-7,-290,-137,287,-149,-56,1173,1163,956,345,166
305,-1,-306,-152,306,-153,-52,1161,1116,927,364,192
298,4,-294,-151,296,-145,-44,1101,1000,843,350,179
287,9,-278,-148,282,-134,-36,981,821,698,304,169
252,15,-237,-133,244,-110,-17,840,637,547,237,118
204,20,-185,-112,194,-83,10,701,469,403,160,47
154,14,-140,-84,147,-63,37,546,304,273,80,-18
99,8,-91,-54,95,-41,39,401,162,175,4,-77
53,4,-49,-28,51,-23,29,271,49,99,-46,-121
11,-3,-13,-4,12,-8,22,164,-46,30,-82,-150
-20,-7,13,13,-16,2,14,93,-116,-14,-114,-173
-40,-13,28,26,-34,7,6,38,-164,-44,-125,-189
-53,-15,38,34,-45,11,-12,0,-196,-64,-130,-190
-60,-15,45,37,-52,15,-22,-22,-215,-75,-138,-190
-60,-15,44,37,-51,15,-19,-32,-226,-91,-147,-190
-61,-15,46,38,-53,16,-17,-27,-225,-96,-151,-190
-70,-15,55,42,-62,20,-14,-23,-222,-95,-150,-190
-70,-15,55,42,-62,20,-11,-19,-219,-95,-150,-190
-70,-15,55,42,-62,20,-9,-14,-216,-95,-150,-190
-70,-15,55,42,-62,20,-6,-10,-215,-95,-150,-190
-70,-15,55,42,-62,20,-5,-5,-210,-91,-146,-190
-71,-15,55,42,-62,20,-5,2,-203,-88,-141,-190
-68,-13,55,40,-61,21,-5,9,-196,-86,-139,-186
-64,-9,55,36,-60,22,-5,15,-189,-82,-134,-180
-66,-10,55,38,-61,22,-7,23,-182,-80,-131,-175
-64,-10,55,37,-59,22,-10,23,-182,-80,-128,-169
-66,-10,56,37,-61,22,-13,17,-186,-81,-123,-164
-61,-10,51,35,-56,21,-16,12,-185,-79,-120,-159
-55,-5,49,30,-52,22,-19,9,-185,-81,-117,-155
-56,-5,51,31,-53,22,-21,4,-192,-92,-112,-155
-50,-4,46,27,-47,21,-25,0,-203,-98,-109,-152
-61,0,62,30,-61,31,-33,-7,-211,-107,-106,-150
-73,0,73,36,-73,36,-35,-14,-218,-113,-103,-150
-69,0,69,34,-69,34,-37,-21,-227,-116,-100,-147
-67,0,67,33,-67,33,-40,-29,-234,-123,-97,-142
-64,0,64,32,-64,32,-41,-36,-240,-129,-95,-139
-65,0,65,32,-65,32,-44,-43,-239,-132,-93,-135
-60,0,60,30,-60,30,-47,-45,-241,-137,-89,-131
-60,0,60,30,-60,30,-50,-45,-245,-140,-90,-128
-54,5,59,25,-57,31,-48,-52,-245,-142,-90,-125
-44,10,55,16,-50,32,-42,-50,-242,-145,-90,-125
-41,14,55,13,-48,35,-39,-43,-236,-141,-90,-122
-36,19,55,8,-46,37,-34,-39,-231,-137,-85,-119
-32,23,54,4,-43,38,-30,-33,-224,-134,-80,-120
-33,33,66,0,-50,50,-9,-27,-221,-131,-76,-117
-35,57,93,-11,-64,75,43,-23,-214,-126,-72,-111
-38,72,110,-17,-75,91,38,-18,-209,-125,-66,-107
-27,66,92,-20,-60,79,-15,-15,-201,-124,-67,-103
-17,53,70,-18,-44,62,-70,-37,-207,-126,-70,-97
-23,42,65,-10,-44,54,-133,-94,-259,-159,-70,-94
-26,33,59,-4,-42,45,-148,-140,-288,-192,-70,-95
-28,26,54,1,-41,40,-144,-137,-283,-195,-70,-95
1,19,18,-11,-9,18,-140,-133,-286,-195,-70,-95
-6,11,17,-3,-11,14,-99,-128,-280,-195,-74,-94
-55,3,58,25,-57,30,-85,-124,-279,-194,-76,-95
-60,-1,60,30,-60,30,-85,-121,-281,-196,-74,-101
-58,-10,48,34,-53,19,-77,-112,-271,-188,-77,-113
-57,-9,48,33,-52,19,-82,-115,-280,-190,-71,-108
-54,-20,34,36,-43,7,-68,-98,-266,-182,-84,-111
-53,-18,34,35,-44,8,-81,-113,-276,-183,-84,-111
-44,-26,18,35,-30,-4,-40,-79,-265,-176,-78,-106
-49,-61,-12,55,-19,-36,-22,-75,-257,-212,-106,-138
-114,-165,-51,140,-31,-107,132,52,-195,-323,-200,-204
-67,-102,-35,85,-16,-69,347,263,89,-57,-160,-169
185,374,189,-280,-2,281,134,319,469,808,445,313
411,716,304,-564,53,510,-158,158,468,1421,978,811
279,777,498,-529,-110,637,-207,-497,-548,466,755,743
-88,431,519,-172,-304,475,54,-699,-1197,-834,254,347
-180,-92,88,136,-134,-2,560,-338,-729,-804,-105,-62
-250,-185,65,217,-157,-60,1093,-240,-466,-500,-266,-272
-394,-208,186,301,-290,-11,1234,-306,-435,-435,-300,-315
-358,-236,123,297,-240,-56,1010,-337,-389,-370,-273,-289
-279,-199,81,239,-180,-58,659,-218,-339,-321,-209,-231
-176,-150,25,163,-100,-62,174,-152,-262,-247,-147,-174
-96,-93,3,95,-49,-45,-3,-88,-214,-206,-105,-133
-62,-77,-15,70,-23,-46,-26,-27,-165,-164,-89,-121
-49,-67,-18,58,-15,-42,-68,-27,-145,-150,-84,-114
-46,-72,-25,59,-11,-48,-58,-6,-125,-137,-79,-111
-36,-69,-34,53,-1,-51,-70,0,-114,-127,-73,-106
-33,-70,-37,52,2,-53,-63,16,-100,-119,-68,-102
-28,-71,-42,49,7,-56,-72,26,-84,-102,-62,-97
-28,-66,-38,47,5,-51,-70,48,-58,-80,-54,-89
-22,-65,-43,44,11,-53,-68,83,-27,-53,-47,-81
-9,-65,-55,37,24,-60,-63,121,23,-14,-41,-73
3,-60,-64,29,34,-62,-57,182,94,39,-22,-66
20,-60,-80,20,50,-70,-54,255,182,111,6,-47
36,-59,-95,12,66,-77,-48,361,312,217,45,-12
69,-50,-119,-9,94,-85,-45,499,478,348,100,34
114,-40,-154,-37,135,-97,-40,669,682,517,172,90
163,-28,-190,-67,177,-109,-40,846,878,685,262,165
219,-13,-232,-103,225,-122,-39,1004,1049,830,346,247
270,0,-270,-135,270,-135,-35,1133,1165,939,433,325
297,6,-291,-152,294,-142,-36,1171,1179,958,495,387
298,9,-289,-154,294,-140,-33,1144,1124,919,505,390
299,12,-287,-155,293,-137,-22,1085,989,812,485,376
288,17,-271,-152,279,-127,-13,969,806,653,428,355
249,20,-228,-134,239,-104,9,834,632,502,354,300
200,17,-183,-108,191,-83,39,685,456,352,277,228
146,11,-135,-78,141,-62,52,525,293,221,194,157
97,7,-91,-52,94,-42,49,376,151,114,120,99
51,2,-49,-26,50,-23,51,247,40,29,68,47
15,-2,-17,-6,17,-10,44,142,-45,-27,36,10
-4,-7,-3,5,0,-5,22,64,-114,-70,8,-12
-19,-10,10,14,-14,0,9,13,-156,-97,-7,-30
-31,-13,18,21,-24,2,4,-15,-186,-111,-12,-46
-35,-15,20,25,-27,2,-1,-25,-204,-126,-19,-56
-39,-19,20,29,-29,1,-7,-33,-210,-136,-26,-54
-40,-20,20,30,-30,0,-13,-42,-210,-135,-32,-55
-40,-20,20,30,-30,0,-13,-54,-210,-135,-38,-55
-40,-20,20,30,-30,0,-8,-59,-210,-135,-40,-55
-41,-20,21,31,-31,0,-5,-47,-210,-135,-40,-53
-45,-20,25,32,-35,2,-2,-38,-208,-134,-40,-49
-45,-20,25,32,-35,2,3,-28,-198,-128,-41,-61
-44,-19,25,31,-34,3,5,-21,-188,-121,-39,-64
-43,-15,29,29,-35,7,0,-17,-177,-115,-36,-57
-46,-16,31,31,-38,7,0,-11,-170,-108,-33,-53
-47,-12,35,29,-41,11,-1,-5,-170,-101,-31,-46
-45,-10,36,27,-40,13,-5,-1,-170,-103,-28,-41
-54,-10,44,32,-49,17,-5,-6,-170,-106,-24,-36
-57,-7,51,32,-54,22,-7,-13,-170,-105,-28,-35
-54,-4,50,29,-52,23,-13,-19,-172,-110,-30,-35
-50,-1,49,25,-49,24,-17,-26,-179,-110,-30,-35
-43,2,45,20,-44,23,-22,-33,-187,-111,-30,-36
-40,5,45,17,-43,25,-26,-37,-197,-116,-30,-34
-39,4,43,17,-41,23,-31,-49,-208,-114,-30,-30
-40,0,39,20,-39,19,-34,-60,-215,-120,-25,-30
-37,0,37,18,-37,18,-37,-63,-218,-129,-25,-30
-34,0,34,16,-34,16,-39,-68,-222,-131,-25,-30
-31,0,31,15,-31,15,-43,-70,-229,-134,-25,-30
-30,0,30,15,-30,15,-45,-73,-234,-137,-25,-26
-35,0,35,17,-35,17,-45,-76,-236,-140,-23,-25
-38,0,39,19,-38,19,-48,-79,-240,-140,-18,-25
-41,0,40,21,-41,20,-51,-84,-237,-140,-15,-25
-39,1,40,19,-40,20,-50,-83,-231,-140,-12,-25
-40,-1,39,21,-40,19,-43,-73,-224,-140,-7,-24
-39,2,41,18,-40,22,-35,-67,-218,-134,-4,-18
-26,12,38,7,-32,25,-23,-57,-210,-121,-1,-11
-28,32,60,-2,-44,46,14,-53,-206,-110,3,-5
-29,58,87,-15,-58,72,51,-53,-209,-105,6,2
-22,59,81,-19,-51,69,26,-58,-210,-103,10,9
-24,50,74,-13,-49,62,-29,-58,-209,-98,15,7
-22,45,67,-12,-45,56,-78,-68,-214,-110,13,4
-23,35,59,-6,-41,47,-136,-128,-262,-145,8,1
-23,30,53,-4,-38,41,-151,-154,-309,-175,5,-2
-24,22,46,1,-35,33,-139,-140,-305,-181,2,-5
-27,14,41,6,-34,28,-130,-141,-299,-177,-3,-6
-29,8,36,10,-33,22,-88,-130,-289,-175,-5,-10
-32,0,32,16,-32,16,-74,-128,-282,-170,-11,-15
-31,-3,28,17,-29,12,-75,-118,-277,-171,-13,-16
-37,-13,24,25,-30,5,-79,-112,-269,-168,-20,-24
-43,-11,33,27,-38,11,-88,-108,-271,-173,-22,-23
-51,-23,27,37,-39,2,-70,-95,-256,-166,-26,-28
-51,-19,32,35,-41,6,-82,-103,-266,-174,-13,-22
-59,-28,31,44,-44,1,-38,-75,-243,-164,-13,-26
-65,-64,3,63,-34,-29,-16,-94,-261,-204,-51,-52
-88,-156,-65,121,-11,-109,159,65,-190,-295,-153,-144
-23,-62,-40,43,8,-51,341,253,106,28,-72,-91
238,416,178,-327,29,297,91,279,478,917,572,453
440,733,293,-587,74,513,-184,75,371,1411,1042,903
268,767,498,-518,-115,632,-202,-585,-694,319,758,784
-95,373,468,-139,-282,420,93,-696,-1191,-872,266,378
-211,-113,98,162,-154,-8,630,-309,-693,-733,-70,-13
-278,-184,94,231,-186,-45,1133,-248,-445,-454,-219,-203
-364,-216,148,290,-255,-34,1202,-344,-425,-390,-244,-240
-308,-209,99,258,-203,-55,996,-335,-405,-329,-207,-204
-237,-180,57,209,-147,-61,617,-203,-338,-280,-147,-148
-149,-148,1,148,-75,-73,126,-164,-263,-204,-90,-90
-71,-92,-21,82,-24,-57,-8,-106,-209,-172,-39,-42
-34,-78,-44,56,5,-61,-48,-55,-161,-135,-20,-25
-35,-72,-37,53,2,-54,-72,-44,-149,-124,-19,-20
-32,-77,-45,55,7,-61,-63,-22,-132,-112,-16,-16
-29,-73,-44,52,8,-59,-76,-18,-124,-103,-12,-11
-30,-76,-46,53,9,-61,-66,4,-109,-90,-10,-7
-18,-75,-56,47,19,-65,-79,22,-84,-65,-7,-2
-16,-70,-54,43,19,-62,-73,41,-51,-45,1,6
5,-70,-76,33,41,-73,-74,70,-10,-17,11,13
18,-69,-87,25,53,-77,-68,117,36,17,18,19
30,-65,-95,17,63,-80,-65,172,105,70,31,31
38,-66,-104,14,71,-85,-62,249,205,148,61,54
52,-63,-115,6,83,-89,-56,357,338,253,99,85
95,-52,-147,-21,121,-100,-55,501,507,394,157,127
131,-43,-173,-44,152,-108,-55,671,712,561,231,187
183,-32,-215,-75,199,-123,-56,844,908,726,319,268
231,-24,-255,-103,243,-139,-55,1000,1084,876,409,350
270,-17,-288,-126,279,-152,-55,1121,1181,965,491,422
307,-11,-317,-148,312,-164,-56,1165,1169,976,547,483
313,-4,-317,-154,315,-161,-52,1133,1119,933,558,501
316,3,-312,-159,314,-154,-39,1058,993,817,536,479
298,3,-296,-151,297,-146,-28,936,814,663,475,439
253,-1,-254,-126,254,-127,-7,798,639,509,396,383
198,0,-198,-99,198,-98,21,646,463,357,310,314
149,0,-149,-74,149,-74,24,488,307,230,226,246
107,0,-107,-53,107,-53,15,345,168,125,163,189
65,0,-65,-32,65,-33,10,211,56,48,111,135
45,-5,-50,-20,48,-27,0,107,-27,-5,73,103
35,-8,-44,-13,39,-26,-5,36,-85,-45,52,88
23,-12,-35,-6,29,-23,-13,-13,-126,-73,42,75
12,-15,-27,2,20,-21,-22,-44,-153,-94,38,67
1,-20,-21,9,11,-21,-30,-63,-159,-109,32,61
-2,-20,-17,11,7,-18,-38,-73,-160,-117,26,54
-6,-20,-14,14,4,-17,-36,-70,-160,-124,21,47
-9,-20,-10,15,0,-15,-31,-66,-155,-134,16,41
-13,-20,-6,17,-3,-13,-29,-63,-155,-132,11,36
-25,-28,-3,27,-11,-16,-24,-59,-154,-124,6,35
-31,-31,0,31,-16,-15,-21,-55,-145,-118,3,34
-29,-30,0,29,-14,-15,-20,-52,-136,-111,-3,30
-33,-30,3,31,-18,-14,-20,-49,-125,-105,-4,29
-35,-30,5,32,-20,-12,-20,-46,-117,-101,1,32
-35,-30,5,32,-20,-12,-20,-44,-114,-96,4,34
-34,-25,9,30,-21,-8,-20,-40,-111,-94,7,38
-32,-21,11,27,-22,-5,-20,-40,-108,-90,12,40
-33,-19,14,25,-23,-2,-26,-40,-105,-85,15,44
-31,-14,17,22,-23,1,-33,-40,-106,-87,11,45
-31,-10,20,21,-25,5,-35,-49,-113,-90,9,45
-29,-10,19,19,-24,4,-40,-60,-119,-94,10,50
-25,-10,14,17,-19,2,-48,-70,-125,-95,10,50
-26,-10,16,17,-21,2,-51,-81,-135,-102,10,51
-22,-10,12,16,-17,1,-55,-92,-140,-110,11,55
-20,-10,10,15,-15,0,-60,-97,-142,-111,17,54
-20,-9,10,14,-15,0,-60,-102,-145,-115,20,58
-16,-6,10,11,-12,2,-60,-110,-149,-117,25,60
-15,-5,10,10,-12,2,-60,-115,-159,-127,30,60
-15,-6,10,10,-12,2,-58,-121,-160,-131,27,64
-15,-4,10,10,-12,2,-54,-124,-160,-129,22,65
-15,-6,9,10,-12,1,-56,-122,-160,-130,19,65
-14,-2,12,8,-13,4,-54,-116,-160,-129,16,65
-8,6,14,0,-12,10,-55,-111,-159,-131,11,64
-4,14,18,-5,-11,16,-55,-108,-154,-123,11,67
4,23,19,-13,-8,21,-43,-101,-152,-119,24,72
-2,28,29,-13,-16,28,-22,-102,-138,-109,39,82
-5,45,50,-20,-28,47,32,-105,-109,-85,48,94
6,54,48,-30,-22,51,23,-105,-92,-72,52,95
14,42,28,-28,-7,35,-53,-103,-104,-80,55,95
18,36,17,-27,0,26,-105,-121,-139,-109,55,95
17,25,8,-21,4,16,-166,-191,-193,-150,55,94
21,18,-4,-19,12,7,-187,-227,-219,-184,55,96
23,11,-12,-17,17,-1,-174,-213,-207,-184,55,91
41,4,-37,-22,39,-16,-163,-207,-207,-179,51,85
23,-2,-25,-10,24,-13,-117,-192,-200,-177,42,80
-22,-10,11,16,-16,0,-105,-191,-197,-172,36,74
-24,-13,11,19,-17,-1,-104,-182,-192,-170,28,70
-28,-24,5,26,-16,-9,-105,-180,-188,-164,19,62
-30,-23,7,26,-18,-8,-106,-176,-194,-167,16,62
-34,-36,-2,35,-16,-19,-102,-166,-180,-162,3,57
-29,-27,1,28,-15,-13,-106,-174,-193,-169,2,59
-35,-41,-6,38,-14,-23,-66,-149,-173,-158,-10,52
-56,-93,-37,75,-10,-65,-50,-143,-185,-230,-34,33
-78,-178,-100,129,11,-139,172,44,-71,-297,-134,-65
23,-19,-41,-2,32,-30,296,211,248,114,16,44
282,463,182,-373,50,322,17,238,611,1043,708,633
447,734,287,-591,80,511,-231,-53,368,1352,1072,1008
223,722,499,-473,-139,610,-220,-703,-745,89,727,832
-118,273,390,-78,-254,331,130,-697,-1066,-935,239,413
-150,-165,-14,157,-68,-89,672,-342,-533,-692,-75,39
-265,-195,69,230,-167,-63,1142,-309,-339,-455,-197,-128
-381,-242,138,311,-259,-52,1164,-405,-349,-411,-231,-169
-303,-242,62,272,-182,-90,918,-383,-322,-353,-178,-118
-233,-208,25,220,-129,-91,509,-259,-227,-281,-106,-50
-125,-158,-32,142,-46,-95,62,-217,-160,-208,-55,1
-61,-112,-52,86,-4,-82,-41,-139,-110,-173,-19,37
-46,-111,-65,78,10,-88,-82,-99,-71,-141,-14,55
-40,-103,-63,72,12,-83,-102,-90,-56,-135,-10,68
-33,-103,-71,68,19,-87,-102,-74,-36,-123,-7,73
-27,-96,-70,61,22,-83,-115,-71,-23,-117,-2,81
-21,-95,-73,58,26,-84,-106,-51,-3,-103,0,83
-15,-91,-76,53,30,-83,-113,-32,16,-86,7,87
-13,-89,-76,52,32,-83,-108,-6,40,-68,15,95
-3,-91,-87,47,42,-89,-111,28,81,-36,24,96
2,-89,-91,44,47,-90,-106,69,140,8,47,112
17,-91,-108,37,63,-99,-103,124,210,68,67,131
35,-88,-123,26,79,-105,-101,204,311,143,95,153
58,-78,-136,10,97,-107,-97,317,454,254,139,194
103,-68,-170,-17,137,-119,-96,465,630,401,198,238
146,-57,-204,-44,175,-130,-93,636,834,566,275,301
191,-44,-236,-73,214,-140,-90,809,1027,728,360,377
247,-29,-276,-109,262,-152,-91,962,1195,872,451,459
299,-18,-317,-141,308,-167,-90,1067,1283,942,531,537
318,-14,-332,-152,326,-173,-91,1087,1266,937,574,589
313,-12,-325,-151,319,-168,-90,1055,1195,887,572,600
312,-9,-321,-151,316,-165,-84,978,1053,761,541,580
291,-6,-297,-143,294,-151,-69,853,871,607,488,537
250,-5,-255,-123,253,-130,-44,712,689,452,410,472
198,-10,-208,-94,203,-109,-34,560,514,307,325,406
144,-15,-159,-64,152,-87,-36,408,361,188,246,341
101,-19,-121,-41,111,-70,-34,264,225,82,183,280
61,-24,-85,-19,73,-54,-35,139,123,9,132,237
29,-28,-57,0,43,-43,-35,44,52,-47,96,204
6,-33,-39,14,22,-36,-37,-26,-4,-82,79,185
-1,-35,-34,19,17,-35,-53,-72,-47,-106,67,175
1,-35,-36,17,19,-35,-66,-99,-74,-125,59,162
-8,-39,-31,23,12,-35,-64,-115,-83,-138,50,153
-10,-40,-30,25,10,-35,-66,-116,-85,-154,40,147
-10,-40,-29,25,9,-35,-70,-115,-85,-156,35,142
-14,-40,-26,28,6,-32,-70,-113,-85,-155,31,139
-17,-40,-23,29,3,-31,-68,-110,-86,-152,28,133
-20,-40,-20,30,0,-30,-65,-111,-85,-149,24,130
-23,-40,-17,32,-3,-28,-62,-107,-77,-151,21,130
-25,-40,-15,33,-5,-27,-59,-103,-63,-144,17,130
-25,-38,-12,32,-6,-24,-56,-100,-53,-138,14,130
-25,-35,-9,30,-7,-22,-55,-96,-50,-131,15,130
-22,-32,-10,27,-6,-21,-60,-91,-47,-124,15,129
-23,-29,-6,26,-8,-17,-60,-91,-44,-117,15,132
-21,-25,-4,24,-8,-15,-61,-95,-41,-117,15,135
-20,-25,-5,23,-7,-15,-65,-95,-40,-121,20,138
-25,-30,-5,28,-10,-17,-65,-95,-45,-120,28,141
-25,-30,-5,28,-10,-17,-67,-100,-48,-120,30,144
-25,-30,-5,28,-10,-17,-74,-110,-53,-120,30,147
-25,-30,-5,28,-10,-17,-81,-120,-62,-120,33,149
-26,-30,-4,28,-11,-17,-88,-130,-72,-131,36,152
-20,-28,-8,24,-6,-17,-90,-144,-82,-136,34,155
-14,-24,-10,19,-1,-17,-90,-151,-92,-134,31,155
-12,-22,-10,17,-1,-16,-94,-158,-97,-142,30,155
-5,-19,-14,12,4,-16,-95,-164,-100,-145,30,155
0,-16,-16,9,8,-16,-95,-166,-105,-145,30,155
0,-14,-14,7,8,-14,-95,-169,-105,-145,30,161
0,-11,-11,5,6,-11,-95,-171,-106,-144,32,165
-4,-10,-6,7,1,-8,-95,-175,-110,-146,36,165
-5,-9,-4,8,0,-6,-94,-179,-110,-142,35,165
-5,-4,1,5,-3,-1,-96,-180,-108,-136,35,165
-10,-6,4,7,-6,-1,-93,-176,-101,-131,35,165
-9,-2,8,5,-9,3,-85,-170,-96,-126,36,165
-3,11,14,-4,-9,12,-81,-164,-90,-119,39,170
2,21,20,-12,-9,20,-49,-159,-85,-116,42,179
5,40,35,-23,-15,37,-16,-153,-81,-120,52,191
10,48,38,-29,-14,43,-42,-147,-78,-119,65,207
13,38,25,-26,-6,31,-88,-141,-75,-125,66,210
14,33,19,-24,-3,26,-122,-152,-75,-123,62,210
17,25,8,-21,4,16,-179,-210,-119,-137,60,210
22,18,-4,-20,13,7,-203,-249,-167,-166,57,210
25,11,-14,-17,19,-1,-191,-237,-162,-165,55,209
46,2,-43,-24,44,-20,-185,-237,-158,-164,51,200
18,-7,-25,-6,21,-15,-145,-228,-153,-166,44,190
-30,-19,11,25,-20,-4,-128,-224,-145,-163,37,179
-30,-23,7,26,-18,-8,-132,-220,-143,-167,32,177
-28,-28,0,28,-13,-14,-126,-210,-133,-162,22,172
-19,-21,-2,20,-8,-11,-135,-212,-134,-168,21,177
-18,-29,-11,24,-3,-20,-123,-195,-120,-162,11,165
-5,-21,-16,14,6,-18,-137,-206,-125,-167,11,175
-16,-27,-10,22,-2,-19,-110,-179,-107,-163,5,160
-36,-69,-33,53,-1,-50,-91,-188,-113,-193,-17,126
-82,-167,-86,125,2,-126,72,-57,-52,-298,-96,89
-31,-108,-77,70,23,-92,282,152,218,-41,-64,88
234,361,128,-298,53,244,75,208,585,817,532,571
451,701,250,-576,101,475,-215,44,585,1425,1071,1085
330,766,436,-548,-54,601,-269,-604,-431,476,851,1008
-37,422,459,-192,-249,440,-4,-796,-1067,-817,349,622
-149,-102,47,126,-98,-27,509,-431,-604,-790,-16,213
-214,-195,19,204,-116,-88,1037,-337,-337,-482,-178,-1
-347,-218,129,282,-238,-44,1178,-418,-318,-419,-209,-48
-302,-235,67,268,-185,-83,965,-437,-280,-354,-185,-24
-218,-200,18,209,-118,-91,600,-318,-209,-300,-124,33
-117,-160,-43,139,-37,-101,117,-259,-130,-231,-62,92
-43,-97,-54,70,6,-75,-61,-201,-84,-196,-18,139
-8,-79,-72,43,32,-75,-94,-146,-34,-151,1,153
-1,-72,-71,37,35,-71,-126,-135,-21,-130,0,162
-3,-77,-74,40,36,-75,-118,-116,-4,-118,1,166
2,-78,-79,38,41,-78,-130,-113,6,-111,6,168
-3,-81,-78,42,37,-79,-123,-92,18,-104,4,171
9,-79,-89,35,49,-84,-132,-74,37,-95,9,177
20,-76,-95,29,58,-85,-129,-51,63,-79,20,186
21,-73,-95,27,58,-84,-128,-19,103,-48,33,193
31,-70,-102,20,66,-86,-122,18,146,-17,43,197
46,-67,-113,11,80,-90,-116,75,217,31,61,217
62,-65,-127,2,95,-96,-112,153,314,109,89,242
83,-63,-145,-10,114,-104,-104,247,438,213,125,269
103,-53,-156,-25,130,-104,-101,408,612,350,187,320
147,-45,-191,-51,169,-118,-105,531,814,515,255,378
199,-36,-235,-81,218,-136,-105,590,1014,680,341,455
245,-24,-269,-110,257,-146,-107,735,1193,828,436,533
299,-9,-309,-145,304,-159,-110,865,1291,922,514,610
337,2,-335,-170,336,-166,-110,904,1294,938,567,671
350,8,-342,-179,346,-167,-108,883,1244,898,567,674
341,11,-329,-176,335,-159,-98,815,1116,790,544,661
325,17,-308,-170,316,-146,-92,703,937,632,506,639
296,20,-276,-158,286,-128,-70,563,761,478,430,581
239,14,-224,-126,231,-105,-48,418,584,324,344,509
183,8,-175,-96,179,-83,-51,265,424,189,265,443
134,4,-130,-68,131,-63,-49,118,288,91,193,387
87,-3,-90,-42,89,-46,-54,-15,176,11,141,340
54,-7,-61,-23,58,-34,-55,-119,89,-52,103,301
33,-13,-46,-10,40,-29,-55,-191,20,-90,78,273
25,-15,-40,-4,33,-27,-72,-244,-30,-119,65,258
20,-15,-35,-3,28,-25,-81,-279,-57,-142,56,253
10,-19,-29,4,20,-24,-88,-294,-71,-156,48,246
3,-20,-24,9,13,-22,-91,-295,-79,-168,37,239
-1,-20,-18,11,8,-19,-90,-295,-76,-173,31,233
-5,-20,-15,13,5,-17,-87,-295,-73,-171,26,227
-8,-20,-12,14,2,-16,-85,-295,-71,-170,21,225
-10,-20,-10,15,0,-15,-85,-295,-67,-169,18,225
-14,-20,-6,17,-4,-13,-81,-288,-66,-165,12,221
-16,-20,-4,19,-6,-12,-78,-277,-63,-166,11,219
-13,-18,-5,16,-3,-11,-75,-268,-58,-163,15,220
-10,-14,-5,13,-2,-10,-72,-265,-52,-160,15,219
-7,-12,-5,10,-1,-8,-69,-265,-49,-161,15,220
-4,-9,-5,7,0,-6,-72,-262,-43,-156,15,219
-1,-6,-5,4,3,-6,-75,-259,-41,-155,15,221
-1,-4,-4,3,2,-4,-75,-261,-45,-155,19,237
-1,-1,0,1,0,0,-81,-264,-53,-155,20,241
0,0,0,0,0,0,-88,-269,-62,-155,20,239
0,0,0,0,0,0,-91,-272,-68,-154,20,240
0,0,0,0,0,0,-96,-279,-83,-168,20,240
-1,-1,0,1,0,0,-99,-293,-95,-177,19,239
6,3,-3,-4,4,0,-103,-300,-103,-180,15,235
11,6,-6,-8,8,0,-112,-311,-109,-193,15,235
9,5,-5,-6,6,0,-119,-315,-118,-197,15,235
14,9,-5,-11,9,2,-125,-316,-132,-202,15,235
15,10,-5,-12,10,2,-125,-320,-133,-205,15,235
14,10,-4,-12,9,3,-126,-320,-140,-209,15,238
15,15,0,-15,7,7,-130,-324,-143,-214,15,240
12,15,3,-14,4,8,-130,-325,-140,-210,15,240
10,15,5,-13,2,10,-127,-324,-140,-210,15,245
6,15,9,-11,-2,12,-121,-325,-140,-210,15,245
5,15,10,-10,-3,12,-114,-325,-139,-209,16,246
2,17,15,-10,-6,16,-108,-322,-141,-210,20,251
-2,21,22,-10,-12,21,-101,-309,-136,-206,25,253
9,42,32,-26,-12,37,-91,-298,-135,-205,28,260
23,63,40,-44,-9,52,-85,-299,-135,-205,37,273
31,65,34,-48,-2,50,-83,-300,-134,-200,46,279
32,60,27,-46,2,43,-104,-299,-136,-200,44,279
35,56,21,-46,7,38,-147,-304,-133,-199,45,281
37,51,14,-44,11,32,-206,-355,-179,-227,45,284
39,47,8,-43,15,27,-246,-398,-224,-264,45,286
43,42,-1,-43,22,20,-233,-387,-215,-265,43,284
58,32,-26,-45,42,3,-224,-384,-215,-264,33,277
51,25,-26,-38,38,-1,-195,-379,-211,-266,29,273
10,14,4,-12,3,8,-158,-372,-204,-263,19,266
1,8,7,-5,-4,7,-156,-372,-209,-266,14,263
-4,-3,1,3,-2,-1,-152,-361,-206,-268,4,254
-5,-4,2,5,-3,-1,-156,-365,-215,-279,1,253
-9,-14,-5,12,-2,-10,-144,-349,-206,-270,-5,237
-13,-17,-4,15,-4,-11,-157,-352,-223,-272,-10,234
-9,-17,-8,13,0,-13,-131,-327,-207,-268,-10,221
-29,-55,-26,42,-2,-40,-113,-330,-216,-300,-33,212
-49,-142,-92,96,22,-117,29,-227,-172,-420,-99,192
-4,-102,-98,53,47,-100,254,11,108,-192,-86,170
218,334,115,-276,51,225,66,56,488,627,457,608
464,698,235,-581,114,467,-236,-55,539,1310,1040,1147
353,775,423,-564,-35,599,-307,-554,-428,475,870,1119
-12,466,477,-227,-245,471,-62,-793,-1147,-891,356,735
-152,-59,93,105,-123,17,441,-436,-723,-932,-18,319
-214,-182,32,198,-123,-75,973,-300,-394,-610,-193,94
-325,-196,129,260,-227,-33,1139,-395,-384,-547,-241,33
-280,-209,71,245,-175,-69,940,-423,-378,-478,-208,56
-202,-175,27,188,-115,-73,606,-309,-294,-439,-144,123
-121,-152,-30,136,-45,-91,114,-244,-220,-366,-87,178
-44,-102,-59,73,8,-80,-87,-188,-180,-317,-44,221
-10,-82,-72,46,31,-77,-114,-125,-123,-280,-38,237
3,-67,-70,32,36,-68,-154,-117,-112,-269,-33,247
2,-72,-74,35,38,-72,-141,-98,-99,-261,-29,258
9,-67,-76,30,42,-71,-156,-90,-92,-251,-24,263
13,-64,-77,26,46,-70,-147,-72,-74,-246,-20,265
16,-66,-82,25,50,-73,-156,-61,-47,-234,-14,269
24,-61,-85,19,55,-73,-155,-33,-19,-213,-2,271
28,-59,-88,15,58,-73,-153,-4,14,-186,7,279
45,-56,-101,6,73,-78,-150,26,56,-152,17,290
62,-53,-115,-4,89,-84,-145,80,122,-100,26,300
68,-51,-119,-8,93,-85,-144,156,216,-28,58,328
84,-48,-133,-18,109,-90,-137,262,345,70,102,362
116,-42,-158,-37,137,-99,-135,398,510,207,149,402
163,-29,-192,-67,178,-110,-132,563,708,365,221,464
210,-22,-232,-94,221,-127,-127,737,911,527,307,536
272,-2,-274,-135,273,-138,-125,895,1082,674,397,616
