I,II,III,aVR,aVL,aVF,V1,V2,V3,V4,V5,V6
-36,-35,1,35,-18,-17,40,16,-80,-65,-25,-25
-47,-35,12,41,-29,-12,40,21,-79,-64,-25,-25
-51,-35,17,43,-33,-9,40,28,-75,-60,-25,-25
-50,-35,14,42,-32,-10,40,34,-72,-57,-25,-25
-49,-35,14,42,-31,-10,40,30,-67,-52,-25,-25
-44,-35,9,40,-26,-13,40,25,-65,-50,-26,-25
-51,-40,11,45,-31,-14,40,21,-71,-55,-29,-30
-41,-40,1,41,-21,-19,40,16,-78,-54,-30,-30
-36,-41,-6,39,-15,-23,40,11,-87,-61,-34,-34
-47,-45,2,46,-24,-21,40,7,-96,-71,-35,-35
-49,-45,4,47,-26,-21,40,1,-99,-70,-37,-37
-54,-43,11,48,-32,-16,38,-4,-104,-69,-42,-41
-43,-40,3,41,-23,-18,34,-9,-108,-78,-46,-39
-33,-40,-7,37,-13,-24,32,-15,-110,-89,-49,-44
-35,-40,-5,38,-15,-22,29,-20,-113,-91,-52,-45
-35,-40,-5,38,-15,-22,25,-25,-116,-94,-55,-45
-37,-40,-3,39,-17,-21,25,-24,-119,-97,-57,-50
-35,-34,1,35,-18,-16,29,-27,-120,-100,-61,-49
-28,-29,-1,28,-13,-14,33,-30,-120,-99,-58,-52
-31,-24,7,27,-18,-9,35,-31,-120,-93,-51,-55
-44,-18,27,31,-35,4,40,-26,-120,-87,-45,-56
-33,-13,20,23,-26,3,39,-11,-114,-81,-38,-52
-43,-6,37,24,-40,16,43,1,-91,-75,-30,-39
-53,11,64,20,-58,37,63,23,-80,-68,-25,-28
-32,42,74,-5,-53,58,55,7,-77,-59,-17,-16
-46,59,105,-7,-75,82,19,-28,-72,-58,-11,-10
-45,64,109,-10,-77,87,-12,-29,-71,-58,-1,2
-30,77,107,-24,-69,92,-23,-34,-63,-62,6,1
-13,58,71,-22,-42,64,-15,-36,-72,-58,6,-13
-31,9,40,10,-35,24,-5,-39,-94,-67,-18,-26
-68,-25,42,46,-55,8,7,-41,-111,-87,-50,-49
-75,-35,40,55,-57,3,19,-39,-129,-97,-67,-59
-70,-62,8,65,-38,-26,20,-46,-135,-118,-90,-71
-60,-54,6,57,-33,-24,19,-55,-132,-109,-74,-60
-41,-66,-26,54,-8,-46,21,-57,-141,-122,-99,-81
-51,-55,-4,54,-24,-29,19,-47,-134,-94,-69,-59
-77,-60,17,68,-47,-22,20,-59,-149,-116,-99,-80
10,-102,-112,47,61,-107,7,80,-36,-47,-95,-103
102,40,-62,-71,82,-11,53,383,395,246,57,-1
248,573,325,-411,-39,449,-95,-37,543,849,737,561
125,1153,1028,-639,-452,1090,-495,-1154,-320,842,1370,1251
-232,630,862,-199,-548,746,-470,-1321,-1128,-378,386,583
-206,-52,154,129,-180,50,-179,-608,-716,-583,-290,-149
-88,-13,74,51,-81,30,-69,-184,-214,-124,-57,-55
-81,-53,28,67,-55,-12,-9,-57,-159,-159,-115,-103
-87,-60,27,74,-57,-16,7,-29,-110,-81,-58,-76
-81,-54,27,68,-54,-14,14,-10,-112,-107,-79,-78
-58,-58,0,58,-29,-29,22,5,-91,-92,-71,-80
-55,-41,13,48,-34,-14,22,15,-81,-75,-61,-64
-21,-50,-29,35,4,-39,21,30,-71,-71,-73,-77
-5,-34,-29,20,12,-31,19,39,-55,-52,-54,-63
-32,-38,-6,35,-12,-22,21,47,-47,-60,-63,-71
-38,-28,11,33,-24,-8,19,42,-36,-40,-46,-61
-14,-24,-10,19,-2,-17,21,55,-29,-37,-51,-66
-41,-19,22,30,-31,1,13,55,-21,-20,-41,-49
-41,-9,31,25,-36,11,6,62,0,-8,-39,-37
0,1,1,-1,-1,1,-1,78,29,9,-28,-24
6,20,14,-13,-4,17,-9,88,49,43,-7,-10
12,41,30,-26,-9,35,-16,109,77,73,12,-1
12,58,47,-35,-18,52,-23,126,110,103,44,29
40,74,35,-57,2,54,-34,146,148,143,69,50
78,102,25,-90,26,63,-64,164,186,188,108,86
76,150,74,-113,1,112,-85,178,230,246,167,138
86,193,107,-140,-11,150,-105,186,265,295,218,188
135,229,94,-183,20,162,-133,191,276,342,269,240
159,264,106,-212,26,185,-142,179,265,359,307,276
135,285,150,-211,-7,217,-133,166,253,346,320,292
108,270,161,-189,-27,215,-118,148,234,310,294,262
78,218,139,-148,-31,178,-86,120,168,225,229,201
49,162,113,-105,-32,137,-48,90,97,140,153,127
12,108,96,-60,-42,101,-28,55,42,69,85,64
-27,57,84,-15,-56,70,-1,35,-7,20,36,26
-39,34,73,2,-56,53,20,25,-47,-19,6,-9
-46,22,68,12,-58,45,20,12,-70,-56,-19,-36
-51,10,61,20,-56,35,20,3,-82,-61,-30,-46
-38,5,44,16,-41,24,19,0,-91,-63,-29,-44
-34,0,34,17,-34,17,21,0,-88,-66,-32,-48
-41,-6,36,23,-38,15,26,0,-99,-59,-35,-50
-46,-11,34,28,-40,11,25,0,-106,-61,-35,-50
-52,-17,36,34,-44,9,25,0,-100,-58,-32,-47
-54,-20,34,37,-44,6,25,4,-98,-55,-30,-44
-59,-20,39,39,-49,9,25,9,-93,-55,-30,-45
-70,-20,50,45,-60,15,25,11,-90,-55,-30,-45
-70,-20,50,45,-60,15,25,15,-87,-55,-30,-45
-70,-20,50,45,-60,15,25,20,-81,-55,-31,-45
-70,-20,50,45,-60,15,25,18,-76,-55,-35,-45
-70,-20,50,45,-60,15,24,12,-73,-55,-35,-45
-70,-20,50,45,-60,15,28,8,-66,-55,-35,-45
-65,-20,45,42,-55,12,35,3,-67,-61,-35,-45
-62,-20,41,41,-51,11,35,-1,-77,-67,-34,-45
-59,-20,39,39,-49,9,35,-5,-84,-73,-38,-48
-54,-20,34,37,-44,7,35,-11,-94,-75,-41,-57
-51,-20,31,35,-41,5,35,-18,-97,-75,-40,-59
-48,-20,28,34,-38,3,33,-23,-108,-79,-44,-55
-43,-20,23,31,-33,1,29,-25,-111,-80,-45,-55
-40,-20,20,30,-30,0,27,-25,-109,-80,-45,-52
-40,-24,17,32,-28,-4,24,-25,-111,-85,-50,-50
-38,-25,12,31,-24,-6,21,-31,-109,-85,-50,-49
-36,-27,9,32,-22,-8,20,-35,-112,-85,-50,-58
-49,-31,18,40,-34,-6,20,-35,-115,-85,-50,-62
-51,-28,23,39,-37,-2,20,-35,-115,-85,-50,-59
-43,-25,17,34,-30,-4,20,-35,-115,-83,-48,-60
-38,-25,14,31,-25,-5,20,-35,-115,-79,-44,-55
-34,-25,8,29,-21,-8,20,-35,-116,-80,-45,-55
-31,-25,6,27,-18,-9,21,-28,-110,-80,-42,-54
-31,-26,4,28,-17,-11,31,-17,-102,-80,-40,-49
-15,-13,2,14,-8,-5,33,-8,-96,-80,-40,-45
-5,23,28,-10,-16,25,47,4,-89,-73,-33,-40
-53,29,82,12,-68,55,64,17,-84,-62,-25,-36
-64,43,107,10,-86,75,43,14,-78,-57,-16,-30
-23,75,98,-26,-61,87,14,2,-75,-61,-4,-20
-24,78,102,-27,-63,89,-11,-7,-70,-62,6,-11
-20,77,97,-29,-59,87,-23,-19,-65,-68,7,-17
-5,54,59,-25,-32,56,-16,-32,-69,-68,7,-13
-30,3,33,13,-31,17,-4,-40,-86,-71,-23,-27
-62,-36,26,49,-43,-5,10,-44,-110,-80,-47,-59
-86,-50,36,68,-61,-7,17,-49,-122,-91,-47,-62
-74,-63,11,69,-42,-26,16,-48,-127,-95,-67,-73
-72,-50,21,61,-47,-14,13,-45,-122,-77,-56,-62
-66,-74,-7,70,-29,-40,18,-45,-129,-93,-78,-84
-54,-54,0,54,-26,-27,11,-43,-120,-60,-49,-64
-65,-83,-18,74,-23,-50,20,-51,-130,-92,-81,-89
12,-118,-129,53,71,-123,28,111,3,-23,-74,-105
109,53,-56,-81,83,-2,66,418,461,307,101,20
259,633,374,-446,-58,504,-117,-108,539,929,851,658
87,1165,1078,-626,-496,1122,-513,-1234,-389,783,1372,1272
-268,528,796,-130,-532,662,-430,-1270,-1093,-421,301,492
-174,-60,115,117,-144,27,-145,-536,-619,-495,-266,-151
-72,-6,65,38,-68,30,-61,-147,-168,-87,-37,-45
-84,-87,-4,85,-40,-45,-4,-48,-132,-131,-110,-105
-60,-69,-9,65,-26,-39,9,-19,-78,-48,-49,-67
-45,-79,-34,62,-5,-56,30,6,-76,-78,-73,-80
-20,-73,-53,47,16,-63,40,10,-57,-49,-58,-75
-30,-62,-32,46,2,-47,39,15,-51,-48,-52,-67
-23,-68,-45,46,11,-56,40,22,-41,-44,-56,-72
-24,-52,-28,39,2,-39,33,25,-28,-31,-40,-58
-25,-58,-33,42,4,-45,36,41,-24,-36,-47,-64
-7,-45,-38,26,16,-41,32,50,-12,-19,-32,-52
6,-47,-53,21,30,-49,26,49,0,-25,-36,-54
3,-38,-42,18,23,-40,19,57,20,-5,-26,-43
3,-37,-40,17,22,-38,13,72,34,7,-24,-37
8,-27,-36,10,22,-31,6,85,44,28,-12,-27
21,-7,-28,-7,24,-18,0,96,63,50,3,-22
46,9,-38,-28,42,-14,-6,113,101,78,23,1
43,18,-25,-30,34,-4,-16,134,131,114,51,23
58,38,-20,-48,38,9,-18,148,168,151,86,49
92,77,-16,-84,54,30,-34,166,210,201,123,90
108,117,10,-112,49,63,-58,172,241,249,172,129
139,167,28,-154,56,97,-78,183,279,297,232,189
150,206,56,-178,46,131,-102,185,299,335,270,237
149,245,96,-198,26,171,-117,169,306,359,306,273
158,263,105,-210,26,184,-124,161,291,350,316,296
143,239,96,-191,23,167,-101,148,246,304,282,268
105,198,93,-152,6,145,-55,124,195,233,227,196
51,134,82,-93,-16,108,-23,92,126,145,151,121
6,75,69,-41,-32,71,-2,64,66,72,87,60
-22,31,53,-5,-38,42,17,49,21,17,31,11
-35,-2,33,18,-34,16,36,41,-24,-20,-11,-21
-28,-20,8,24,-17,-6,50,32,-46,-40,-34,-40
-20,-30,-10,25,-5,-20,50,23,-62,-61,-53,-60
-31,-40,-9,36,-11,-25,50,16,-70,-71,-56,-66
-49,-45,4,47,-26,-20,51,15,-61,-70,-54,-64
-62,-45,17,53,-39,-14,49,15,-58,-68,-56,-65
-60,-45,15,52,-37,-15,52,15,-51,-64,-54,-65
-60,-45,15,52,-37,-15,56,15,-46,-65,-56,-65
-58,-45,14,51,-35,-15,55,16,-61,-65,-59,-60
-50,-42,8,46,-29,-17,55,25,-65,-65,-60,-60
-51,-39,12,45,-32,-13,56,31,-56,-65,-60,-59
-37,-36,1,36,-19,-17,54,30,-55,-65,-60,-55
-21,-34,-12,28,-4,-23,57,30,-48,-65,-60,-55
-19,-29,-10,24,-4,-20,67,30,-46,-67,-62,-57
-23,-33,-10,28,-6,-22,66,30,-49,-70,-67,-64
-37,-45,-8,41,-14,-26,62,29,-53,-71,-71,-71
-41,-45,-5,43,-18,-25,60,24,-56,-75,-75,-74
-40,-45,-5,43,-17,-25,56,19,-59,-75,-75,-77
-30,-45,-15,38,-7,-30,55,14,-63,-78,-75,-79
-22,-45,-22,33,0,-33,59,10,-65,-84,-77,-83
-30,-46,-17,38,-6,-31,61,5,-68,-87,-84,-85
-36,-51,-15,44,-10,-33,59,2,-71,-92,-91,-87
-44,-56,-11,50,-16,-33,60,-1,-77,-95,-94,-90
-50,-59,-10,55,-20,-34,59,-4,-81,-98,-97,-90
-53,-64,-10,58,-21,-37,62,-7,-83,-102,-99,-90
-56,-65,-10,61,-22,-37,65,-10,-86,-105,-103,-90
-54,-65,-10,60,-22,-37,65,-10,-89,-102,-105,-90
-55,-65,-10,60,-22,-37,65,-10,-90,-99,-105,-90
-55,-65,-10,60,-22,-37,65,-10,-85,-100,-105,-90
-55,-63,-9,59,-23,-35,66,-10,-80,-100,-105,-90
-55,-60,-5,58,-25,-32,64,-10,-76,-101,-105,-90
-51,-53,-2,52,-24,-27,67,-10,-71,-99,-105,-91
-55,-54,1,55,-28,-26,63,-3,-66,-93,-105,-87
-37,-32,5,34,-21,-13,71,20,-62,-85,-98,-78
-21,-6,14,13,-17,4,99,48,-48,-80,-87,-70
-38,10,48,14,-43,28,97,32,-40,-72,-77,-60
-35,42,78,-4,-57,60,63,8,-41,-67,-64,-56
-25,48,74,-12,-50,61,38,5,-38,-67,-53,-54
-10,53,63,-22,-36,58,42,2,-36,-75,-39,-56
-16,35,51,-10,-33,43,47,-1,-32,-77,-36,-53
-46,-21,25,33,-35,2,50,-5,-49,-81,-76,-65
-44,-66,-22,55,-10,-44,55,-5,-68,-97,-113,-94
-55,-71,-16,63,-19,-43,55,-11,-78,-106,-108,-92
-57,-97,-41,77,-8,-68,61,-8,-85,-118,-129,-110
-65,-98,-34,82,-15,-65,60,-13,-85,-109,-114,-104
-68,-110,-42,89,-12,-76,67,-7,-85,-123,-137,-122
-55,-103,-48,79,-3,-75,65,-12,-85,-106,-119,-110
-71,-99,-28,85,-21,-64,73,-6,-88,-120,-135,-114
-5,-158,-153,82,75,-155,76,97,-19,-66,-146,-143
72,-51,-123,-10,98,-87,118,389,383,199,-32,-71
213,392,180,-302,16,285,41,270,721,817,569,395
136,1074,938,-605,-401,1006,-367,-772,-68,962,1367,1167
-214,714,928,-250,-572,821,-410,-1157,-1054,-253,501,639
-237,-101,136,169,-186,18,-102,-552,-776,-676,-392,-216
-135,-116,19,126,-77,-49,-17,-176,-230,-173,-145,-116
-94,-125,-31,110,-31,-78,43,-25,-121,-156,-171,-120
-50,-131,-81,91,16,-106,66,17,-72,-95,-135,-114
-53,-116,-63,85,5,-89,62,39,-54,-85,-132,-102
-42,-135,-93,89,26,-114,73,55,-33,-82,-143,-120
-38,-112,-74,76,18,-92,66,53,-22,-61,-118,-100
-28,-122,-94,75,33,-107,67,65,-14,-69,-137,-119
-23,-102,-79,63,29,-90,63,67,-1,-46,-112,-102
-16,-104,-88,61,36,-96,66,84,6,-49,-121,-107
-9,-92,-84,51,38,-88,64,82,18,-26,-103,-93
-4,-89,-85,47,40,-87,65,90,27,-21,-103,-90
5,-81,-86,38,46,-83,61,92,41,-4,-90,-83
15,-69,-84,28,49,-76,54,96,54,11,-78,-74
26,-61,-87,18,56,-73,48,105,65,22,-68,-66
33,-50,-83,9,58,-66,41,113,90,50,-52,-53
43,-44,-87,1,65,-65,34,136,123,82,-34,-29
44,-29,-73,-7,59,-51,28,147,145,113,-3,3
54,1,-54,-27,54,-26,14,159,182,155,33,26
77,36,-41,-56,58,-3,-2,176,218,204,74,62
116,78,-38,-96,77,19,-21,183,254,258,126,115
138,116,-22,-127,80,46,-52,180,289,304,185,165
146,156,10,-151,68,83,-78,167,301,344,230,211
175,201,26,-189,75,113,-102,156,296,351,262,245
158,212,54,-185,52,133,-117,144,282,339,277,262
140,199,60,-170,40,129,-93,136,256,316,255,242
115,166,51,-141,32,108,-52,129,199,241,197,180
64,112,48,-88,8,80,-23,124,137,151,120,106
45,55,10,-50,17,32,9,108,74,73,48,41
24,6,-19,-14,21,-6,46,78,18,17,-6,-7
-18,-23,-5,21,-6,-14,71,64,-16,-16,-44,-40
-49,-46,4,47,-26,-21,76,55,-38,-44,-72,-60
-45,-57,-12,51,-16,-34,74,45,-50,-58,-81,-70
-27,-59,-31,43,2,-45,75,45,-55,-66,-79,-71
-11,-57,-46,34,18,-51,76,44,-55,-70,-80,-69
-15,-54,-39,35,12,-46,80,40,-52,-66,-80,-70
-19,-55,-36,38,9,-46,80,40,-46,-65,-80,-70
-24,-55,-31,40,4,-42,80,41,-42,-65,-80,-70
-28,-55,-27,42,0,-41,80,45,-37,-60,-80,-70
-35,-56,-21,46,-6,-39,80,45,-33,-60,-80,-70
-58,-60,-3,59,-28,-31,77,45,-28,-59,-80,-70
-29,-63,-34,47,3,-48,73,53,-25,-54,-80,-70
-13,-67,-54,40,21,-60,69,56,-25,-51,-80,-70
-21,-70,-49,45,14,-59,66,55,-22,-48,-76,-68
-25,-74,-49,49,13,-61,61,53,-20,-44,-75,-65
-19,-75,-56,47,19,-65,60,49,-19,-39,-75,-65
-4,-75,-71,40,34,-73,78,51,-35,-48,-71,-65
-10,-80,-70,45,30,-75,78,46,-41,-59,-69,-65
-11,-79,-69,45,29,-74,70,40,-41,-62,-72,-65
-17,-82,-64,50,24,-72,69,35,-63,-66,-75,-60
-21,-87,-66,55,23,-76,61,29,-66,-72,-76,-60
-22,-86,-64,54,22,-75,60,24,-65,-79,-79,-60
1,-84,-85,41,44,-84,50,18,-70,-80,-81,-60
-20,-82,-62,51,21,-71,51,15,-70,-80,-76,-60
-33,-78,-45,56,6,-61,71,14,-69,-80,-75,-62
-22,-89,-67,56,22,-77,70,16,-64,-80,-74,-66
-52,-105,-53,79,1,-79,58,14,-66,-79,-71,-65
-51,-102,-51,77,0,-76,56,15,-64,-73,-69,-65
-37,-97,-60,67,12,-78,42,12,-71,-66,-72,-65
-31,-93,-62,62,16,-77,45,6,-82,-60,-82,-60
-27,-88,-61,58,17,-75,65,13,-68,-52,-76,-53
-21,-74,-53,48,16,-64,62,13,-54,-46,-64,-46
-45,-52,-8,48,-18,-30,95,47,-50,-48,-56,-40
-34,-29,5,31,-19,-12,119,62,-50,-52,-44,-32
-32,-10,22,21,-27,6,69,31,-50,-55,-36,-26
-23,-4,18,14,-20,7,12,30,-53,-55,-24,-20
17,25,8,-21,4,16,26,24,-57,-56,-15,-13
16,21,5,-19,5,13,47,18,-60,-63,-10,-5
3,-26,-29,12,16,-27,25,8,-63,-55,-10,-4
-19,-76,-57,48,19,-66,19,-1,-67,-76,-56,-48
-35,-90,-55,63,10,-72,47,-8,-74,-91,-64,-66
-35,-105,-70,70,18,-87,71,-26,-87,-101,-83,-79
-44,-128,-85,86,21,-106,60,-35,-91,-97,-84,-80
-62,-127,-64,95,1,-95,62,-33,-89,-101,-83,-77
-46,-138,-92,92,23,-115,61,-21,-91,-103,-95,-87
-72,-115,-42,94,-15,-78,66,-31,-99,-91,-76,-67
-17,-161,-144,90,63,-152,65,25,-75,-91,-115,-113
74,-124,-198,25,136,-160,67,285,219,95,-41,-80
188,201,13,-195,87,107,54,315,616,566,329,205
243,915,673,-579,-215,793,-301,-592,202,1052,1248,1018
-76,962,1038,-443,-557,1000,-548,-1345,-877,227,1014,1047
-246,83,329,81,-288,206,-287,-882,-995,-708,-188,52
-128,-159,-31,144,-48,-95,-66,-282,-326,-278,-179,-134
-78,-111,-33,95,-22,-72,23,-67,-114,-110,-61,-65
-58,-162,-105,110,24,-133,50,-7,-82,-124,-107,-110
-47,-129,-81,88,18,-105,35,15,-40,-56,-54,-59
-48,-157,-110,103,32,-133,63,54,-34,-90,-94,-88
-42,-137,-94,90,27,-115,65,47,-9,-50,-50,-57
-34,-150,-115,92,41,-132,65,53,-10,-67,-70,-68
-39,-144,-105,92,33,-124,65,59,8,-36,-46,-53
-38,-140,-102,89,32,-121,65,69,13,-36,-49,-51
-19,-131,-112,76,47,-122,64,74,26,-25,-40,-46
31,-117,-148,44,90,-133,56,90,38,-13,-28,-39
23,-117,-140,47,82,-128,49,111,65,3,-22,-35
-21,-109,-88,65,34,-98,42,115,69,19,-8,-21
-6,-101,-95,54,44,-98,34,117,71,31,-3,-13
-2,-89,-87,46,42,-88,27,126,109,55,6,-2
9,-74,-83,32,47,-78,28,144,126,71,23,0
43,-50,-93,4,69,-72,22,157,160,115,50,18
59,-18,-78,-20,69,-48,18,181,196,154,79,49
86,20,-66,-53,76,-23,2,198,232,195,118,84
106,50,-56,-78,80,-3,-25,214,277,252,163,125
116,94,-23,-105,69,35,-42,229,321,305,222,184
155,138,-17,-146,85,60,-68,222,350,353,271,230
153,166,13,-160,70,89,-89,216,358,372,314,274
148,198,50,-173,49,123,-100,208,354,372,337,305
146,199,53,-173,47,126,-94,179,307,356,324,288
105,167,61,-136,22,114,-77,151,254,293,286,258
88,115,26,-102,31,70,-48,134,183,201,209,189
40,50,10,-46,15,30,-4,110,103,114,132,108
-6,-5,1,5,-4,-2,25,83,45,52,82,54
3,-45,-48,21,26,-46,37,62,3,3,39,16
0,-66,-66,33,33,-65,47,50,-17,-20,15,0
-7,-76,-69,42,31,-72,52,43,-42,-28,11,-5
-3,-89,-87,46,42,-88,67,35,-50,-44,4,-7
-6,-90,-84,49,39,-87,68,27,-44,-47,-1,-10
-5,-90,-84,48,40,-87,60,28,-46,-44,-7,-14
-11,-90,-79,51,34,-84,59,31,-44,-45,-19,-15
-9,-90,-81,50,36,-86,51,30,-46,-45,-21,-19
-15,-89,-74,52,30,-81,52,35,-45,-46,-17,-20
-39,-85,-46,62,4,-66,63,35,-42,-44,-15,-20
-3,-83,-79,43,38,-81,65,35,-39,-40,-11,-24
9,-80,-89,36,49,-84,65,34,-36,-41,-10,-26
0,-77,-76,39,38,-76,65,35,-34,-37,-14,-23
17,-74,-90,29,54,-82,65,48,-29,-35,-16,-20
-6,-86,-80,47,37,-83,65,45,-32,-35,-15,-20
-5,-96,-91,51,43,-93,65,37,-35,-39,-15,-20
0,-94,-94,48,47,-94,65,31,-38,-41,-15,-20
-8,-95,-87,52,40,-91,61,24,-40,-40,-16,-20
-11,-95,-84,53,37,-89,56,19,-44,-57,-25,-20
-30,-95,-65,63,18,-80,51,14,-50,-66,-31,-20
-10,-95,-85,53,38,-90,48,9,-49,-67,-29,-20
-4,-95,-91,49,44,-93,41,5,-61,-71,-33,-20
-14,-95,-81,55,34,-88,42,0,-72,-73,-35,-20
2,-94,-96,46,50,-95,54,-4,-72,-77,-35,-20
-12,-97,-84,55,37,-90,51,-9,-77,-79,-35,-20
-38,-100,-62,69,12,-81,44,-10,-79,-84,-35,-20
-23,-100,-77,62,27,-89,41,-10,-84,-84,-35,-20
-6,-104,-98,55,46,-101,32,-14,-85,-80,-35,-20
-24,-105,-81,65,29,-93,33,-15,-85,-80,-34,-20
-12,-101,-89,57,39,-95,43,-15,-85,-80,-37,-24
-14,-99,-86,57,36,-92,47,-16,-85,-80,-40,-25
-36,-100,-64,68,14,-82,43,-14,-84,-80,-40,-25
-18,-99,-81,59,31,-90,42,-20,-80,-82,-40,-30
-22,-101,-78,62,28,-89,38,-29,-81,-81,-40,-31
-30,-99,-69,65,20,-84,43,-16,-79,-77,-41,-29
1,-84,-85,41,44,-84,53,-8,-81,-75,-35,-21
12,-59,-70,23,41,-64,50,6,-69,-70,-26,-9
-23,-37,-13,30,-5,-25,81,40,-42,-62,-18,-1
-18,-26,-8,22,-5,-16,94,39,-34,-54,-9,13
-31,-11,20,21,-25,4,59,22,-33,-46,3,30
-7,3,9,2,-8,6,22,16,-29,-35,15,40
57,26,-31,-41,44,-2,8,10,-28,-35,24,42
28,16,-12,-22,20,1,14,4,-22,-35,26,28
-11,-32,-21,22,6,-26,6,-3,-38,-35,2,23
-13,-80,-68,47,28,-73,18,-9,-69,-64,-30,0
2,-94,-96,46,49,-95,43,-16,-71,-70,-25,-19
-17,-104,-86,61,34,-94,44,-22,-85,-92,-54,-43
-48,-119,-71,84,12,-95,34,-30,-86,-94,-53,-40
-34,-115,-81,75,23,-98,35,-38,-83,-100,-58,-33
-6,-134,-127,70,61,-130,25,-34,-84,-94,-66,-42
-54,-118,-63,86,5,-90,26,-37,-74,-74,-51,-14
-9,-159,-151,84,71,-155,45,2,-74,-81,-90,-62
77,-125,-201,24,139,-163,66,292,219,103,-8,-38
193,208,15,-201,89,112,42,334,615,571,360,254
261,915,654,-588,-197,784,-301,-636,210,1057,1263,1072
-85,950,1035,-433,-560,992,-532,-1402,-836,239,1028,1095
-251,96,348,77,-299,222,-286,-928,-969,-674,-136,95
-120,-142,-22,131,-48,-82,-80,-292,-317,-248,-142,-89
-65,-99,-34,82,-15,-66,-1,-74,-107,-84,-38,-23
-16,-143,-127,79,56,-135,38,-16,-76,-88,-66,-70
-13,-104,-91,59,39,-97,32,11,-39,-36,-16,-21
-29,-132,-103,81,37,-117,31,30,-40,-75,-56,-52
-5,-110,-105,58,50,-107,26,31,-14,-35,-18,-22
16,-119,-134,52,76,-126,22,52,-15,-59,-41,-35
-3,-114,-111,59,54,-112,22,62,1,-37,-22,-22
9,-110,-119,51,64,-114,39,65,2,-39,-27,-22
12,-103,-116,46,64,-109,39,73,12,-18,-20,-19
-15,-92,-77,54,31,-84,33,78,24,-7,-17,-12
15,-88,-103,36,60,-95,32,86,34,-3,-15,-10
39,-77,-117,19,78,-97,26,91,49,14,-9,4
25,-66,-92,21,59,-79,24,97,64,25,-4,7
35,-51,-86,8,61,-68,18,105,82,50,18,23
37,-38,-75,1,56,-56,12,116,103,71,32,41
42,-22,-64,-10,54,-43,7,137,142,102,57,56
52,-11,-64,-20,58,-37,-3,157,177,134,83,78
77,28,-49,-52,63,-11,-20,175,212,179,120,110
99,76,-24,-87,61,25,-41,196,259,234,165,152
114,113,-1,-113,58,55,-63,197,298,283,217,201
147,159,12,-153,67,85,-87,189,327,330,270,253
165,197,32,-181,67,114,-109,183,342,359,316,301
183,222,40,-203,71,131,-115,176,336,373,346,331
163,229,66,-196,48,147,-112,169,312,361,336,331
125,202,77,-164,24,139,-90,154,263,293,301,287
93,143,50,-119,21,96,-50,132,188,210,230,220
46,82,36,-64,5,59,-17,103,118,130,153,150
14,33,18,-24,-2,25,7,74,68,62,99,89
-11,-12,-2,12,-4,-7,18,53,26,20,53,47
-15,-38,-23,27,5,-31,33,38,-3,-13,24,31
-12,-45,-33,28,11,-39,46,25,-19,-31,17,27
-26,-55,-29,41,2,-42,45,19,-32,-39,13,19
-30,-61,-31,45,0,-46,45,20,-36,-45,9,13
-30,-60,-30,45,0,-45,45,20,-35,-49,4,6
-30,-60,-30,45,0,-45,45,20,-35,-50,0,1
-30,-60,-30,45,0,-45,43,20,-35,-50,0,0
-35,-60,-25,48,-5,-42,39,24,-36,-50,0,0
-34,-56,-22,45,-6,-39,41,25,-32,-50,0,-4
-37,-55,-18,46,-9,-36,36,27,-30,-48,0,-5
-40,-55,-15,48,-12,-35,35,31,-30,-45,0,-5
-45,-55,-10,50,-17,-32,35,28,-30,-45,-2,-5
-42,-55,-12,49,-14,-33,30,25,-30,-41,-6,-5
-34,-56,-23,45,-5,-39,30,25,-31,-40,-5,-5
-46,-60,-15,53,-16,-37,30,25,-35,-41,-5,-5
-34,-60,-26,47,-4,-43,30,25,-35,-46,-5,-5
-18,-60,-42,39,12,-51,31,25,-35,-53,-5,-8
-22,-60,-38,41,8,-49,27,21,-37,-57,-12,-11
-18,-60,-42,39,12,-51,25,14,-44,-62,-23,-14
-19,-64,-45,42,13,-54,25,8,-50,-65,-32,-17
-20,-65,-46,43,13,-55,25,1,-55,-70,-36,-19
-22,-65,-43,44,11,-53,25,-6,-60,-70,-35,-22
-26,-65,-39,45,7,-52,25,-12,-63,-72,-39,-25
-25,-65,-40,45,8,-52,31,-15,-68,-76,-40,-28
-29,-65,-36,47,4,-50,31,-17,-70,-79,-40,-30
-30,-65,-35,48,3,-50,26,-20,-70,-83,-46,-33
-29,-65,-35,48,3,-50,24,-23,-73,-85,-52,-37
-25,-65,-40,45,8,-52,20,-25,-76,-85,-58,-42
-20,-65,-45,43,13,-55,15,-28,-74,-85,-60,-45
-20,-65,-45,43,13,-55,18,-30,-71,-85,-60,-45
-22,-69,-46,46,12,-57,31,-30,-70,-85,-64,-47
-23,-73,-50,48,14,-61,31,-30,-70,-85,-65,-50
-28,-78,-50,53,12,-64,24,-31,-70,-87,-65,-50
-32,-79,-47,56,7,-63,24,-29,-70,-86,-70,-47
-31,-71,-40,51,5,-55,13,-21,-72,-85,-79,-44
-28,-59,-31,44,2,-45,24,-8,-69,-82,-78,-40
-24,-52,-28,38,3,-40,52,-1,-59,-80,-68,-37
-19,-30,-11,25,-4,-20,57,14,-52,-78,-56,-33
5,1,-4,-3,4,-2,72,27,-46,-69,-51,-26
-5,22,27,-8,-17,24,67,15,-41,-61,-46,-14
-40,32,72,4,-56,51,22,-3,-35,-53,-29,-7
-13,49,61,-18,-37,55,-11,-29,-30,-45,-19,-3
14,60,46,-37,-16,53,-6,-37,-30,-41,-21,-6
-4,30,34,-13,-19,32,1,-34,-32,-45,-28,-5
-22,-21,1,22,-11,-10,8,-36,-57,-75,-59,-30
-15,-60,-45,38,15,-52,14,-35,-80,-91,-82,-60
-25,-69,-45,47,10,-57,21,-35,-79,-101,-94,-67
-24,-85,-61,55,19,-73,43,-35,-89,-110,-93,-80
-10,-71,-61,41,26,-66,44,-51,-97,-105,-84,-70
-11,-91,-80,51,35,-85,47,-46,-100,-119,-122,-92
-25,-68,-43,47,9,-55,47,-42,-99,-96,-85,-66
-26,-90,-64,58,19,-77,53,-44,-100,-129,-132,-94
28,-131,-158,52,93,-144,50,122,44,-28,-114,-102
120,49,-71,-84,95,-11,80,431,514,315,69,17
272,629,357,-451,-43,493,-111,-35,609,958,850,664
81,1157,1076,-619,-498,1116,-497,-1137,-381,751,1334,1242
-243,502,746,-130,-495,623,-395,-1164,-1087,-503,190,409
-157,-117,41,137,-99,-38,-123,-483,-589,-538,-332,-202
-83,-51,32,66,-57,-9,-44,-161,-161,-119,-90,-81
-56,-107,-51,82,-2,-79,13,-40,-108,-161,-165,-133
-2,-78,-76,40,38,-77,8,-9,-56,-86,-96,-86
-8,-87,-79,47,36,-82,26,22,-55,-109,-126,-104
8,-87,-95,40,52,-91,33,23,-32,-80,-106,-95
1,-76,-77,37,39,-76,30,17,-23,-83,-103,-89
9,-86,-94,39,52,-90,29,42,-10,-77,-105,-95
-2,-74,-72,38,35,-73,24,50,-2,-62,-106,-82
4,-77,-81,36,43,-79,23,55,4,-62,-119,-87
16,-63,-78,24,47,-70,18,53,9,-44,-98,-71
4,-61,-65,29,35,-63,39,70,18,-44,-103,-73
19,-51,-70,16,45,-61,42,84,53,-27,-84,-63
6,-45,-51,20,28,-47,29,85,59,-16,-80,-57
28,-29,-57,1,43,-42,25,105,67,11,-65,-43
58,-22,-80,-18,69,-51,14,105,93,43,-52,-32
58,0,-58,-29,58,-29,11,104,110,74,-39,-30
82,29,-53,-55,67,-12,5,129,147,99,-11,-6
87,40,-47,-63,66,-3,-25,146,182,133,26,28
117,80,-37,-98,77,21,-46,162,214,183,73,68
151,130,-21,-140,86,54,-73,170,253,234,122,121
130,169,39,-150,45,104,-95,176,286,291,187,176
140,205,65,-173,37,135,-120,174,310,326,231,220
167,240,73,-204,47,156,-139,157,296,344,262,258
105,243,137,-174,-16,190,-127,143,283,343,278,276
101,226,125,-164,-12,175,-114,126,254,295,243,248
125,200,76,-163,24,138,-75,114,194,217,176,179
50,133,83,-92,-17,108,-42,103,136,131,98,101
32,73,42,-53,-5,57,-21,87,68,54,28,43
17,39,22,-28,-3,30,17,68,24,-1,-34,-6
-15,9,24,3,-20,16,41,51,5,-45,-70,-44
-10,-9,1,10,-6,-4,40,39,-28,-66,-80,-58
-11,-15,-4,13,-3,-10,39,39,-52,-80,-92,-70
-28,-21,7,24,-17,-7,41,40,-56,-94,-96,-77
-31,-24,6,27,-18,-9,35,40,-51,-94,-94,-73
-31,-20,11,25,-21,-4,51,40,-49,-95,-92,-76
-32,-16,16,24,-24,0,61,40,-46,-95,-89,-80
-29,-14,15,22,-22,0,54,38,-44,-95,-90,-79
-22,-8,14,15,-18,3,52,33,-58,-95,-85,-74
-33,-26,8,30,-21,-9,48,49,-57,-95,-88,-72
-50,-43,8,47,-29,-17,43,56,-50,-93,-107,-67
-41,-34,7,38,-23,-14,43,48,-55,-88,-110,-66
-41,-30,11,36,-26,-10,58,48,-55,-82,-104,-75
-34,-25,9,29,-21,-8,58,42,-56,-80,-103,-76
-27,-18,9,23,-18,-4,50,39,-60,-73,-96,-74
-24,-17,8,21,-16,-5,49,55,-60,-71,-97,-76
-31,-27,4,29,-17,-11,41,58,-62,-82,-104,-74
-46,-41,5,43,-25,-17,42,48,-67,-87,-107,-77
-44,-41,2,42,-23,-19,55,43,-70,-99,-114,-79
-43,-40,3,41,-24,-18,55,35,-70,-107,-116,-82
-43,-40,4,42,-24,-18,50,31,-69,-104,-114,-89
-36,-36,1,36,-18,-18,49,26,-73,-105,-116,-91
-40,-34,6,37,-22,-14,45,23,-80,-116,-130,-89
-36,-37,-1,36,-17,-19,46,20,-85,-120,-136,-91
-34,-40,-6,37,-14,-23,51,15,-89,-121,-135,-103
-57,-41,16,48,-36,-12,54,13,-94,-119,-134,-103
-43,-39,4,41,-23,-18,59,0,-93,-124,-138,-96
-49,-42,6,46,-27,-18,64,-7,-83,-135,-147,-92
-53,-23,31,38,-42,4,67,13,-77,-118,-136,-84
-22,21,43,0,-33,32,73,48,-62,-104,-124,-81
-66,40,106,13,-86,72,74,60,-46,-96,-116,-72
-63,58,121,2,-92,89,59,44,-45,-92,-102,-63
0,80,80,-40,-40,80,34,36,-45,-97,-92,-52
6,93,87,-49,-40,89,23,29,-45,-98,-87,-46
-14,82,96,-34,-56,89,26,23,-45,-104,-93,-57
-2,58,60,-28,-31,59,24,13,-44,-102,-85,-56
3,10,7,-7,-2,8,26,9,-63,-109,-112,-84
-39,-26,13,32,-26,-6,24,0,-84,-107,-129,-103
-49,-47,2,48,-25,-22,28,0,-83,-121,-143,-108
-44,-64,-20,54,-12,-41,30,2,-86,-119,-148,-118
-85,-52,34,68,-60,-9,29,-5,-84,-115,-145,-114
-51,-74,-23,62,-14,-48,32,1,-85,-119,-160,-130
-33,-39,-6,36,-13,-22,27,-21,-85,-101,-132,-105
-31,-99,-68,66,19,-84,34,26,-57,-126,-178,-140
38,-92,-130,27,85,-111,50,237,140,12,-123,-127
139,164,25,-151,57,94,88,445,631,454,153,69
228,816,588,-522,-180,701,-198,-204,448,1040,1064,818
-47,1101,1148,-527,-598,1125,-522,-1117,-704,390,1112,1064
-243,279,523,-18,-383,401,-298,-866,-1066,-732,-164,84
-136,-117,20,126,-78,-48,-82,-307,-453,-429,-325,-229
-110,-48,62,79,-86,8,-31,-85,-147,-133,-134,-87
-82,-104,-22,93,-30,-63,10,9,-100,-161,-198,-143
-57,-63,-6,60,-25,-35,3,21,-54,-90,-121,-93
-12,-91,-79,51,34,-85,39,57,-43,-124,-166,-123
-8,-74,-66,42,29,-70,38,53,-22,-82,-124,-99
-15,-76,-62,46,24,-69,35,54,-15,-92,-138,-108
-3,-68,-66,36,32,-67,33,67,-2,-68,-122,-102
-8,-58,-50,34,21,-54,26,81,1,-61,-118,-92
4,-57,-61,27,33,-59,26,81,10,-51,-116,-94
14,-45,-59,16,37,-52,18,79,20,-38,-105,-81
15,-44,-59,15,38,-52,15,80,32,-33,-104,-81
8,-33,-41,13,25,-37,8,99,42,-12,-84,-72
12,-28,-40,8,26,-33,4,115,64,8,-75,-61
11,-22,-33,5,23,-27,-4,113,90,38,-58,-47
19,-7,-26,-6,23,-16,-2,127,106,62,-37,-32
27,11,-16,-19,22,-2,4,140,136,92,-2,-14
62,35,-27,-48,44,4,-11,154,165,121,30,12
67,66,-1,-67,34,32,-32,164,205,171,63,49
95,98,3,-97,46,50,-62,178,249,223,106,89
135,143,9,-139,63,76,-83,193,286,275,161,144
114,185,70,-150,22,127,-106,190,315,324,214,194
153,227,73,-190,40,150,-130,191,307,355,268,242
177,261,85,-219,46,173,-141,179,298,365,295,276
153,256,104,-205,24,180,-143,157,281,335,287,256
120,228,108,-174,6,167,-116,142,225,271,237,212
83,178,95,-131,-6,136,-72,131,165,178,155,153
46,111,65,-79,-9,88,-30,111,94,89,83,73
6,63,57,-35,-26,60,6,78,41,28,17,11
-10,29,40,-10,-25,34,29,62,11,-27,-27,-23
-15,7,22,4,-19,14,31,51,-27,-64,-56,-44
-24,-8,16,16,-20,4,29,40,-53,-77,-66,-48
-46,-30,15,38,-30,-7,26,35,-61,-84,-64,-51
-25,-36,-11,31,-7,-23,23,30,-61,-85,-66,-55
3,-34,-37,16,21,-36,28,25,-65,-85,-64,-59
-9,-35,-26,22,9,-30,35,18,-65,-87,-66,-59
-3,-35,-32,19,15,-34,35,16,-59,-86,-64,-55
-5,-34,-29,20,12,-31,35,21,-54,-85,-61,-53
-2,-31,-29,16,14,-30,35,27,-49,-84,-58,-50
5,-28,-33,12,19,-31,35,37,-43,-79,-55,-47
-28,-25,3,26,-15,-11,33,36,-37,-81,-53,-44
-10,-23,-13,17,2,-18,28,31,-37,-77,-50,-49
0,-19,-18,10,9,-18,25,29,-41,-75,-52,-50
-18,-24,-6,22,-6,-15,22,24,-40,-75,-58,-50
14,-35,-49,11,32,-42,17,21,-40,-72,-61,-50
4,-37,-41,17,23,-39,15,17,-40,-70,-66,-50
-2,-41,-38,22,18,-39,9,14,-39,-69,-69,-52
1,-45,-46,22,24,-45,4,15,-57,-87,-71,-55
-31,-43,-12,37,-9,-27,-3,11,-67,-97,-76,-58
-16,-40,-24,28,4,-31,-3,10,-64,-93,-72,-60
-22,-40,-18,31,-2,-29,6,10,-70,-96,-70,-63
-23,-40,-17,31,-3,-28,13,5,-70,-99,-70,-65
-19,-40,-21,29,1,-30,19,5,-72,-101,-70,-65
-29,-40,-11,34,-9,-25,15,4,-83,-99,-70,-65
7,-40,-48,17,28,-44,7,0,-90,-101,-70,-65
-4,-39,-36,22,16,-37,2,0,-90,-106,-77,-65
-3,-43,-41,23,19,-42,-7,2,-90,-104,-75,-65
-8,-44,-37,26,15,-40,-7,9,-90,-101,-67,-64
-43,-32,11,37,-27,-10,2,17,-91,-98,-62,-53
-12,-23,-11,18,0,-17,14,22,-83,-95,-54,-41
-15,-9,5,12,-10,-2,46,31,-50,-83,-47,-30
-43,20,64,11,-54,42,62,45,-33,-63,-39,-21
-32,41,73,-5,-53,57,39,44,-31,-56,-32,-12
-23,57,80,-17,-52,69,13,32,-24,-52,-27,-4
-6,69,76,-32,-41,72,-2,21,-23,-45,-24,2
-13,74,87,-31,-50,80,-22,9,-14,-40,-26,6
-16,58,74,-22,-45,65,-32,0,-23,-34,-24,9
8,16,8,-12,0,12,-27,-8,-56,-57,-33,2
-22,-29,-7,26,-7,-18,-21,-17,-78,-84,-59,-38
-44,-41,3,43,-24,-19,-17,-25,-86,-96,-56,-49
-17,-58,-41,38,13,-50,-10,-25,-99,-119,-74,-61
-41,-59,-18,50,-11,-39,-5,-29,-93,-101,-67,-49
-51,-73,-22,62,-15,-47,0,-33,-97,-125,-90,-59
-58,-73,-15,66,-21,-44,-5,-24,-92,-107,-71,-60
-71,-58,13,65,-42,-22,-15,-42,-99,-113,-72,-53
24,-112,-136,45,80,-124,-4,48,-53,-85,-108,-99
87,-23,-110,-32,99,-66,40,342,317,165,1,-37
218,396,178,-307,20,287,-47,134,585,682,507,370
185,1089,904,-637,-359,996,-448,-919,-100,965,1354,1162
-147,841,988,-347,-568,914,-577,-1375,-1061,-104,716,844
-213,4,217,104,-215,110,-260,-744,-865,-696,-290,-66
-104,-63,41,83,-73,-11,-97,-211,-237,-174,-110,-75
-69,-50,19,60,-44,-15,-48,-45,-118,-127,-95,-71
-41,-83,-42,62,0,-62,-4,-8,-74,-94,-80,-83
-21,-69,-49,45,14,-59,16,11,-50,-78,-55,-56
-14,-87,-72,50,30,-79,29,46,-42,-87,-76,-78
-14,-63,-49,39,18,-56,18,43,-29,-56,-40,-50
-7,-76,-68,42,30,-72,16,48,-30,-70,-60,-65
-5,-60,-55,33,25,-57,9,50,-8,-39,-33,-45
-3,-64,-62,34,30,-63,2,50,-1,-42,-42,-51
-1,-55,-54,29,26,-54,4,57,14,-21,-26,-41
2,-53,-55,26,29,-54,15,76,21,-17,-24,-38
3,-48,-52,23,28,-50,10,84,29,-5,-16,-32
-2,-43,-41,23,20,-41,5,86,43,7,-9,-20
4,-33,-37,14,21,-35,0,92,56,27,-1,-15
11,-17,-28,4,20,-22,-7,106,85,48,14,-1
20,-5,-25,-7,22,-15,-11,127,117,74,33,16
44,23,-21,-34,32,1,-20,147,147,114,60,32
59,46,-13,-53,36,17,-29,167,187,149,86,55
70,75,5,-72,32,39,-43,189,228,198,129,95
94,114,20,-104,36,67,-61,209,272,256,179,138
126,157,31,-141,47,94,-90,209,317,305,232,186
139,203,63,-171,38,133,-111,202,340,348,285,241
150,241,90,-196,30,165,-127,196,336,377,324,279
154,261,108,-208,23,184,-128,192,329,379,344,297
143,257,114,-200,14,185,-119,178,300,348,329,290
114,221,107,-168,4,163,-100,147,230,269,272,235
62,155,93,-109,-16,124,-60,118,151,176,197,161
33,96,64,-65,-16,80,-21,86,82,97,126,95
9,51,42,-30,-17,46,6,53,26,32,75,40
-16,10,26,3,-21,18,11,37,-18,-11,47,8
-26,-7,19,16,-22,5,13,27,-41,-26,29,-7
-24,-11,13,17,-18,1,16,14,-54,-35,21,-20
-22,-16,6,19,-14,-5,19,6,-64,-49,14,-26
-21,-22,-1,22,-10,-11,20,5,-69,-54,8,-25
-22,-28,-5,26,-8,-16,15,5,-68,-58,0,-25
-28,-32,-4,31,-12,-18,15,5,-65,-60,-4,-25
-29,-35,-6,33,-11,-21,15,5,-65,-60,-1,-25
-48,-38,10,43,-29,-14,15,6,-61,-60,0,-25
-57,-41,16,49,-37,-12,15,11,-60,-60,0,-25
-54,-44,10,49,-31,-17,17,15,-60,-60,0,-25
-54,-46,8,50,-31,-19,21,20,-60,-55,0,-25
-52,-49,3,50,-28,-23,20,25,-60,-55,-2,-25
-51,-51,0,51,-25,-25,20,21,-60,-54,-6,-26
-38,-50,-12,44,-13,-31,20,15,-60,-50,-5,-31
-34,-50,-17,43,-9,-33,20,10,-60,-50,-5,-30
-39,-50,-11,45,-14,-30,20,4,-62,-52,-5,-33
-40,-50,-10,45,-15,-30,20,-1,-66,-55,-6,-36
-45,-50,-6,48,-20,-27,20,-6,-69,-58,-9,-35
-45,-50,-4,48,-20,-27,20,-11,-73,-61,-12,-39
-28,-50,-22,39,-3,-36,20,-14,-76,-65,-14,-40
-14,-50,-35,32,10,-42,20,-17,-79,-65,-18,-40
-14,-51,-36,33,11,-43,20,-22,-82,-65,-20,-40
-14,-54,-40,34,13,-47,20,-25,-86,-65,-22,-40
-13,-55,-42,34,15,-49,19,-29,-90,-66,-30,-39
-9,-55,-46,32,19,-50,21,-33,-88,-76,-30,-35
-13,-55,-42,34,15,-48,24,-38,-85,-73,-30,-35
-23,-56,-33,39,6,-44,25,-39,-85,-67,-30,-35
-30,-55,-25,42,-2,-39,29,-30,-85,-64,-31,-35
-40,-57,-17,49,-11,-37,29,-19,-84,-58,-29,-36
-27,-30,-3,29,-11,-17,37,-9,-79,-55,-17,-30
-5,3,9,1,-7,6,51,4,-72,-49,-6,-20
-11,22,33,-6,-22,27,48,12,-66,-44,7,-10
-7,47,54,-20,-30,51,19,-16,-58,-39,19,1
7,53,45,-30,-19,49,-9,-37,-53,-33,28,12
14,64,49,-39,-17,56,-18,-33,-48,-27,21,27
17,45,28,-31,-5,36,-22,-37,-45,-27,12,17
0,-5,-5,3,3,-5,-9,-33,-66,-56,2,-10
-16,-44,-28,30,7,-36,4,-40,-93,-83,-34,-35
-29,-58,-30,44,1,-44,4,-52,-99,-85,-43,-46
-19,-74,-54,47,18,-64,6,-45,-110,-109,-63,-71
-34,-75,-41,55,4,-58,7,-57,-107,-91,-47,-60
-56,-85,-29,70,-13,-57,12,-74,-108,-108,-61,-68
-34,-95,-62,65,14,-78,8,-59,-94,-102,-53,-67
-54,-79,-25,67,-14,-52,7,-69,-84,-110,-48,-54
-4,-135,-131,70,64,-133,22,-6,-68,-96,-89,-103
74,-69,-142,-2,108,-105,64,312,277,140,5,-50
228,336,109,-282,59,223,-1,193,618,666,480,335
227,1034,807,-631,-290,920,-377,-859,36,1016,1337,1151
-139,850,989,-356,-564,919,-524,-1418,-977,-10,782,890
-227,17,244,105,-236,130,-236,-827,-895,-681,-239,-48
-104,-70,34,87,-69,-18,-69,-256,-261,-184,-90,-77
-84,-67,17,76,-51,-25,-16,-93,-137,-122,-68,-65
-37,-117,-80,77,21,-98,13,-41,-99,-95,-65,-84
-19,-86,-67,52,24,-76,12,-19,-64,-71,-37,-53
-19,-112,-93,66,37,-103,33,-12,-59,-82,-64,-79
-23,-91,-67,57,22,-79,28,-8,-38,-47,-30,-51
-17,-107,-90,62,36,-98,25,3,-38,-62,-53,-67
-2,-92,-91,47,45,-91,22,12,-26,-39,-28,-49
-8,-91,-83,49,38,-87,17,34,-25,-49,-34,-55
-18,-82,-64,51,23,-73,15,42,-15,-28,-19,-46
-3,-75,-72,39,35,-73,9,37,1,-17,-13,-44
15,-70,-85,28,50,-77,4,52,14,-7,-7,-40
8,-56,-63,24,36,-59,-2,66,26,4,4,-25
30,-45,-75,8,53,-60,-7,70,46,23,11,-20
30,-37,-66,4,48,-51,-13,79,64,49,22,-6
33,-28,-61,-2,47,-44,-18,97,93,72,40,11
70,1,-69,-35,70,-34,-20,113,122,105,62,32
82,27,-55,-54,68,-14,-40,139,160,146,94,64
104,61,-43,-82,74,9,-60,161,202,182,130,98
92,101,8,-96,42,54,-69,172,240,237,178,143
128,148,20,-138,54,83,-96,177,281,293,236,190
181,201,20,-191,80,110,-122,165,306,330,281,241
170,229,59,-200,55,144,-138,158,314,374,329,286
178,251,73,-215,52,161,-141,148,308,373,341,297
147,246,99,-197,24,172,-128,139,276,325,324,283
119,205,85,-162,17,145,-105,124,208,253,285,238
67,140,73,-104,-3,106,-66,99,140,173,201,162
11,82,71,-46,-30,76,-31,64,75,99,130,97
25,40,15,-33,5,27,-11,26,25,31,86,52
12,4,-8,-8,10,-1,-10,11,-11,-6,44,10
-10,-17,-7,14,-1,-12,-8,9,-45,-32,22,-5
-26,-39,-13,33,-7,-25,-4,2,-55,-46,13,-10
-26,-46,-21,36,-2,-33,-4,-3,-66,-52,3,-18
-22,-44,-22,33,0,-33,3,-8,-76,-63,-8,-25
-25,-45,-20,36,-2,-32,8,-25,-70,-56,-17,-33
-15,-45,-30,30,8,-37,12,-31,-68,-55,-16,-39
-31,-45,-14,38,-8,-30,19,-24,-64,-51,-12,-40
-37,-41,-5,39,-16,-23,24,-20,-60,-49,-8,-40
-19,-39,-20,29,1,-30,22,-16,-57,-59,-6,-44
-14,-36,-22,25,5,-29,19,-6,-54,-60,2,-46
-17,-33,-17,25,0,-25,20,-9,-51,-54,-8,-43
-21,-30,-9,26,-6,-19,15,-16,-48,-49,-34,-41
-15,-30,-15,23,0,-22,15,-8,-45,-46,-35,-37
-17,-44,-27,31,5,-36,15,-5,-46,-38,-35,-35
-30,-51,-21,41,-5,-36,-5,-1,-60,-56,-36,-32
-18,-50,-32,34,7,-41,2,6,-74,-72,-35,-29
-12,-48,-36,30,12,-42,8,-3,-76,-70,-35,-41
-21,-45,-24,33,2,-34,1,-10,-79,-75,-35,-54
-9,-45,-36,27,14,-40,24,-12,-81,-74,-35,-58
-8,-48,-41,28,16,-44,26,-23,-82,-92,-35,-64
-23,-53,-30,38,4,-41,21,-29,-79,-102,-35,-65
-17,-54,-37,36,11,-46,20,-32,-82,-98,-34,-65
-8,-47,-38,28,15,-42,15,-37,-87,-101,-43,-69
-1,-36,-35,19,17,-35,16,-40,-76,-99,-52,-70
-19,-58,-39,38,10,-48,2,-40,-91,-100,-49,-68
-49,-73,-25,61,-12,-49,-9,-40,-107,-95,-48,-65
-42,-68,-26,55,-8,-47,-2,-40,-97,-91,-45,-62
-30,-69,-39,49,5,-54,2,-40,-96,-89,-45,-60
-20,-64,-43,42,12,-53,6,-37,-90,-84,-54,-56
-23,-67,-44,46,11,-55,13,-32,-85,-81,-54,-56
-16,-52,-36,35,10,-44,14,-29,-80,-77,-46,-51
-11,-17,-6,14,-2,-11,36,-30,-69,-71,-39,-42
-17,-3,15,10,-16,6,55,-31,-61,-64,-25,-34
-14,18,32,-2,-24,25,39,-28,-59,-60,-19,-25
-2,47,49,-22,-26,48,-4,-41,-61,-57,-16,-20
37,56,19,-46,9,37,-41,-52,-59,-51,-10,-14
18,56,39,-37,-11,47,-34,-49,-61,-50,-5,-17
5,35,30,-20,-13,32,-28,-50,-58,-43,-1,-13
3,-19,-22,9,13,-21,-21,-50,-70,-65,-34,-33
7,-58,-66,26,37,-62,-15,-49,-89,-91,-68,-69
-3,-63,-60,33,29,-62,-14,-58,-97,-100,-69,-70
-15,-92,-77,54,31,-84,-9,-63,-108,-113,-82,-87
-19,-85,-66,53,23,-76,-10,-58,-97,-96,-73,-75
-23,-101,-78,62,28,-90,0,-56,-101,-116,-103,-95
-27,-94,-67,60,20,-80,-16,-49,-89,-93,-70,-81
-74,-101,-27,88,-23,-63,-19,-57,-96,-115,-90,-93
21,-141,-162,60,92,-152,-5,67,-16,-48,-97,-120
120,3,-117,-61,119,-57,49,393,421,245,48,-22
272,525,253,-399,9,389,-96,10,603,851,706,528
147,1127,980,-638,-416,1053,-488,-1118,-230,877,1360,1237
-222,624,846,-201,-534,734,-472,-1317,-1057,-330,413,587
-202,-88,114,145,-158,13,-191,-616,-694,-581,-304,-165
-107,-72,35,89,-71,-18,-77,-178,-181,-118,-70,-65
-60,-98,-38,79,-11,-67,-16,-55,-131,-147,-122,-117
-42,-96,-55,69,7,-75,0,-29,-71,-78,-71,-91
-21,-99,-78,61,28,-88,0,-10,-58,-91,-86,-93
3,-105,-108,52,55,-106,1,4,-45,-74,-83,-101
-17,-94,-77,55,30,-85,-1,17,-34,-66,-69,-82
-4,-101,-97,53,47,-99,1,36,-27,-72,-83,-93
-16,-90,-74,53,30,-82,-1,40,-13,-54,-64,-73
-13,-98,-85,55,36,-91,0,48,-8,-63,-73,-82
0,-83,-83,41,42,-83,0,53,3,-46,-57,-68
17,-76,-94,30,56,-85,0,59,12,-36,-60,-69
29,-64,-94,18,62,-79,1,67,30,-11,-51,-58
28,-56,-84,14,57,-70,-1,73,45,-2,-49,-51
33,-47,-80,8,57,-64,-8,89,68,17,-36,-44
33,-38,-72,3,53,-55,-23,97,80,39,-21,-35
51,-14,-65,-18,58,-40,-32,109,106,71,-4,-20
67,5,-61,-36,64,-28,-35,136,139,102,18,6
75,24,-52,-49,63,-14,-50,154,169,136,46,31
112,63,-48,-87,80,7,-62,172,216,190,95,67
128,99,-29,-113,78,34,-84,171,256,237,144,112
150,148,-2,-149,75,73,-105,161,283,285,188,164
164,193,30,-179,66,112,-125,156,304,326,236,212
160,224,64,-193,48,144,-151,146,303,339,276,241
166,240,74,-203,46,156,-155,142,292,335,281,258
137,230,93,-183,22,161,-131,132,260,293,252,235
114,194,79,-154,17,136,-90,124,194,214,186,163
75,129,54,-103,10,91,-49,108,128,138,116,96
17,70,53,-44,-18,61,-20,71,62,61,47,29
-16,22,38,-4,-27,30,-10,49,14,-5,-19,-29
-13,-4,9,8,-10,2,-3,39,-21,-39,-54,-54
-1,-17,-15,9,7,-16,4,27,-44,-56,-65,-68
-2,-40,-37,21,18,-38,11,25,-45,-64,-70,-79
1,-46,-48,23,25,-47,17,25,-53,-68,-77,-82
-5,-44,-40,24,18,-41,25,21,-56,-74,-85,-85
-4,-46,-41,25,19,-43,34,20,-55,-75,-89,-85
-12,-45,-33,29,11,-39,35,20,-53,-75,-92,-85
-7,-45,-39,27,16,-42,35,19,-49,-75,-94,-85
-34,-45,-11,40,-11,-27,40,24,-50,-74,-98,-85
-37,-45,-8,41,-14,-26,40,23,-54,-76,-100,-85
13,-45,-58,16,36,-51,38,28,-55,-80,-100,-85
-2,-45,-43,24,21,-44,35,37,-55,-80,-100,-90
2,-45,-47,21,25,-46,33,35,-60,-80,-100,-90
13,-46,-59,18,36,-53,30,33,-60,-80,-100,-91
-1,-50,-49,26,24,-49,27,29,-61,-80,-100,-96
1,-50,-51,25,26,-51,25,30,-65,-84,-101,-95
-5,-50,-45,28,20,-47,22,26,-68,-91,-104,-95
-6,-50,-43,28,19,-46,16,17,-72,-95,-106,-95
3,-55,-58,26,31,-56,11,11,-75,-94,-103,-95
6,-61,-67,28,36,-63,8,3,-79,-96,-114,-110
2,-63,-64,31,33,-63,2,-4,-80,-93,-126,-116
-2,-67,-65,35,32,-66,1,-9,-82,-106,-124,-114
-5,-70,-65,38,30,-67,16,-5,-85,-122,-125,-115
-1,-67,-66,34,33,-66,24,-5,-86,-119,-124,-115
5,-64,-69,30,37,-66,16,-21,-90,-120,-130,-114
10,-66,-75,28,43,-70,17,-21,-90,-120,-138,-111
5,-65,-70,30,38,-67,10,-10,-90,-117,-133,-109
-8,-66,-57,37,25,-61,12,-3,-90,-111,-128,-106
-17,-62,-45,40,14,-53,43,5,-85,-106,-122,-102
6,-25,-31,9,19,-28,58,15,-75,-102,-116,-100
28,7,-21,-18,25,-7,68,33,-66,-98,-112,-98
8,19,10,-14,-1,14,48,15,-58,-93,-105,-88
-14,30,44,-8,-29,36,13,-22,-50,-83,-106,-81
-5,46,52,-21,-28,49,6,-26,-41,-70,-101,-74
13,51,38,-32,-13,45,-6,-21,-56,-59,-101,-66
6,20,14,-13,-4,16,-12,-20,-75,-69,-101,-75
-11,-23,-12,17,1,-18,7,-15,-78,-101,-126,-103
-27,-69,-42,48,8,-55,33,-14,-84,-112,-153,-129
-23,-87,-64,55,21,-75,34,-17,-84,-115,-159,-136
-15,-99,-84,57,35,-91,31,-12,-97,-136,-179,-155
-16,-90,-74,53,30,-82,25,-19,-112,-141,-174,-153
0,-114,-114,57,58,-114,24,-10,-100,-144,-199,-170
-44,-97,-53,71,5,-75,18,-20,-97,-120,-169,-149
-39,-109,-70,74,16,-89,13,-7,-95,-142,-200,-169
33,-150,-183,58,108,-166,29,115,6,-62,-182,-175
101,-10,-111,-45,106,-61,100,425,457,256,-34,-87
252,511,260,-382,-4,385,-47,146,675,907,690,488
102,1107,1004,-605,-452,1056,-457,-927,-283,795,1289,1133
-216,553,770,-169,-493,661,-385,-1077,-1099,-457,196,386
-203,-145,58,174,-131,-43,-94,-474,-675,-621,-446,-279
-117,-102,15,109,-65,-43,-35,-165,-204,-164,-153,-137
-74,-132,-59,103,-8,-95,29,-12,-117,-169,-221,-190
-9,-114,-106,62,49,-110,36,8,-79,-109,-186,-161
1,-111,-113,55,57,-112,52,45,-65,-118,-205,-168
5,-115,-121,56,63,-117,56,53,-48,-95,-196,-168
9,-100,-109,46,59,-104,44,46,-48,-92,-190,-159
9,-111,-120,52,65,-116,47,54,-42,-91,-196,-166
14,-99,-113,43,64,-106,36,46,-33,-73,-167,-147
-16,-104,-89,61,37,-96,37,54,-22,-75,-174,-154
-13,-97,-84,56,35,-90,28,55,-13,-57,-157,-138
29,-100,-129,36,79,-115,23,70,0,-55,-159,-140
32,-86,-118,27,75,-102,15,78,14,-41,-150,-131
4,-74,-78,35,41,-76,11,82,34,-29,-143,-124
21,-68,-89,24,55,-78,0,89,64,-5,-122,-117
31,-57,-88,13,59,-72,8,103,103,38,-92,-95
34,-46,-80,6,57,-63,24,115,164,66,-68,-65
61,-17,-78,-21,70,-48,10,125,217,94,-46,-41
74,12,-62,-43,68,-25,-26,143,257,132,-15,-19
110,41,-69,-75,90,-14,-56,144,301,180,25,16
137,89,-47,-113,92,21,-64,137,335,236,76,66
166,130,-35,-148,100,47,-89,134,360,279,137,121
175,160,-15,-168,95,72,-108,128,368,316,181,163
167,202,36,-185,65,119,-125,125,354,310,207,189
156,218,62,-187,46,140,-129,119,346,294,210,195
131,186,56,-159,37,121,-95,113,321,257,179,172
100,141,40,-121,30,90,-55,106,269,172,115,110
55,90,35,-73,10,62,-15,94,218,92,36,34
23,41,18,-33,2,29,7,71,162,15,-41,-28
1,0,-1,0,1,-1,31,48,113,-38,-90,-76
3,-28,-31,13,17,-30,52,41,86,-73,-120,-109
6,-45,-52,19,29,-48,49,37,72,-97,-142,-126
-4,-53,-49,29,22,-50,50,30,67,-103,-140,-133
-5,-50,-44,28,20,-46,50,25,64,-106,-140,-135
-8,-50,-42,29,17,-46,50,19,61,-105,-140,-135
-11,-47,-36,29,13,-42,53,16,56,-105,-139,-135
-9,-45,-35,27,14,-40,55,14,56,-105,-141,-135
-8,-45,-36,27,15,-41,58,16,62,-105,-140,-134
-18,-50,-32,34,7,-41,61,14,65,-104,-140,-131
-9,-59,-50,34,21,-55,64,19,69,-99,-140,-128
3,-60,-63,29,33,-62,65,36,75,-94,-140,-126
-1,-60,-58,31,28,-59,60,36,75,-90,-140,-122
1,-60,-61,30,31,-61,60,34,75,-85,-141,-120
0,-60,-60,30,30,-60,59,36,75,-80,-145,-118
0,-60,-60,30,30,-60,55,34,75,-83,-145,-115
-3,-64,-60,34,29,-62,55,36,75,-88,-145,-115
-6,-65,-60,36,28,-62,53,32,71,-91,-145,-112
-5,-65,-61,35,28,-62,50,24,65,-105,-145,-109
-10,-70,-59,40,24,-64,47,18,60,-111,-145,-111
-9,-70,-61,40,26,-66,44,10,54,-109,-145,-114
-13,-70,-57,42,22,-63,41,3,48,-113,-145,-118
-14,-70,-56,43,21,-63,40,-4,46,-115,-145,-120
-4,-70,-66,37,31,-67,45,-10,50,-115,-145,-125
-8,-70,-62,39,27,-66,45,-10,50,-111,-144,-123
-10,-70,-59,40,25,-65,46,-13,50,-104,-138,-116
-16,-72,-56,44,20,-63,51,-16,50,-98,-133,-110
-5,-57,-52,31,23,-54,49,-11,56,-91,-127,-102
25,-22,-48,-1,37,-35,56,3,77,-84,-121,-96
13,-11,-23,-1,18,-17,70,17,93,-78,-117,-90
6,7,1,-6,2,4,53,14,95,-72,-107,-83
33,32,-1,-32,17,15,15,5,98,-68,-94,-72
34,35,1,-35,16,17,2,-3,101,-60,-79,-66
38,37,-1,-38,19,17,10,-11,89,-56,-72,-72
46,9,-37,-28,41,-14,11,-18,75,-66,-83,-68
9,-49,-58,20,34,-53,16,-32,63,-99,-125,-92
-12,-83,-71,48,29,-77,20,-40,56,-114,-146,-118
-13,-92,-78,53,33,-85,17,-41,49,-124,-152,-118
-17,-110,-93,64,39,-102,16,-39,42,-134,-167,-135
-17,-97,-79,57,31,-88,13,-42,37,-127,-152,-122
-2,-120,-118,61,59,-119,14,-40,28,-150,-180,-142
-14,-99,-86,57,36,-92,6,-51,39,-126,-151,-125
-16,-119,-104,68,44,-111,14,-45,35,-157,-189,-144
62,-160,-222,50,142,-191,33,120,171,-54,-174,-162
155,19,-136,-87,145,-58,76,383,620,283,7,-34
291,603,312,-447,-11,457,-135,-102,675,879,767,587
122,1111,989,-617,-434,1050,-556,-1151,-289,706,1263,1156
-182,447,629,-133,-406,538,-463,-1176,-976,-524,134,369
-140,-164,-25,152,-57,-94,-150,-503,-480,-587,-401,-240
-58,-90,-32,75,-13,-61,-59,-155,-21,-146,-133,-89
-27,-136,-109,82,41,-123,-6,-49,26,-182,-210,-152
-3,-114,-111,58,54,-112,-1,-28,84,-104,-141,-124
5,-132,-137,63,71,-134,4,-4,89,-128,-168,-129
17,-130,-147,56,82,-138,8,-4,108,-94,-150,-126
16,-116,-132,50,74,-124,10,0,115,-88,-143,-114
25,-122,-147,48,87,-134,17,4,116,-85,-148,-121
30,-104,-134,37,82,-119,10,7,125,-71,-128,-104
32,-110,-142,39,87,-126,11,27,133,-76,-134,-107
36,-96,-132,30,84,-114,9,42,160,-53,-113,-93
40,-96,-136,28,89,-116,5,65,164,-44,-115,-91
48,-87,-135,20,92,-110,6,70,178,-22,-101,-82
52,-83,-135,16,94,-109,2,72,195,-9,-90,-76
50,-77,-127,14,89,-102,7,83,216,12,-71,-64
52,-68,-120,8,86,-94,14,95,246,36,-59,-47
45,-62,-107,9,76,-84,-2,112,271,65,-44,-29
72,-36,-108,-17,90,-72,-24,131,309,98,-12,-8
97,2,-95,-49,96,-46,-33,155,349,145,31,24
119,39,-80,-78,99,-20,-46,174,393,198,76,63
142,76,-66,-108,103,5,-63,191,437,256,124,115
162,115,-46,-138,104,34,-91,195,469,308,174,165
190,157,-33,-173,111,62,-121,187,480,338,221,211
186,189,3,-187,91,95,-135,181,469,355,259,237
186,193,7,-190,89,100,-140,163,459,337,261,238
147,173,25,-160,61,99,-114,135,407,269,225,214
97,125,28,-111,34,76,-75,104,330,186,151,144
72,60,-12,-66,41,24,-50,71,258,95,68,70
34,-1,-35,-16,34,-18,-13,47,192,22,16,5
14,-43,-57,15,36,-50,16,32,142,-22,-31,-37
3,-65,-68,31,36,-66,27,22,114,-61,-64,-60
-7,-83,-75,45,34,-79,40,13,105,-71,-75,-67
10,-91,-101,41,55,-95,41,6,92,-68,-86,-64
4,-90,-94,43,49,-91,38,-1,87,-80,-85,-69
-4,-90,-86,47,41,-88,35,-9,91,-90,-83,-70
9,-90,-99,41,54,-94,35,-16,92,-87,-80,-69
0,-93,-93,47,47,-93,33,-18,96,-82,-80,-66
-18,-102,-83,60,33,-92,28,-14,99,-81,-78,-61
-10,-104,-94,57,42,-98,26,-12,100,-74,-74,-59
5,-100,-105,48,55,-102,21,-9,101,-78,-75,-55
-30,-100,-71,65,21,-86,18,-6,98,-90,-71,-50
-27,-98,-71,62,23,-84,14,-5,103,-85,-69,-55
7,-94,-102,44,55,-98,32,-1,96,-80,-71,-61
-9,-96,-87,52,40,-91,37,0,105,-77,-80,-60
-5,-98,-93,52,44,-95,28,7,93,-71,-82,-60
5,-101,-106,48,56,-104,28,1,92,-69,-79,-60
-21,-99,-78,61,28,-88,18,-6,82,-63,-81,-61
-17,-101,-83,59,33,-92,21,-17,71,-72,-79,-62
14,-100,-114,43,64,-107,9,-24,80,-83,-80,-69
-1,-99,-99,50,49,-99,67,-34,32,-88,-80,-70
-2,-102,-100,52,49,-101,87,-44,173,-94,-79,-77
11,-97,-108,43,59,-102,1,-31,133,-97,-90,-89
0,-104,-105,52,53,-104,-2,-114,-33,-116,-93,-129
14,-94,-108,40,61,-101,3,-295,13,-104,-104,-118
-9,-111,-102,60,47,-106,-3,-351,-3,-117,-71,-15
18,-107,-125,45,72,-116,3,-111,-2,-95,-6,8
-18,-114,-96,66,39,-105,-3,36,5,-120,2,-7
25,-54,-79,15,52,-66,3,-25,-5,-35,-2,6
