I,II,III,aVR,aVL,aVF,V1,V2,V3,V4,V5,V6
16,32,16,-25,0,24,-35,-61,-55,-47,25,0
10,32,22,-21,-6,27,-35,-61,-58,-70,13,-4
-26,0,27,13,-27,13,-27,-58,-59,-75,-2,-17
-68,-29,38,48,-53,4,-20,-67,-70,-79,-22,-27
-89,-58,31,73,-60,-13,-10,-61,-72,-94,-46,-39
-98,-59,39,78,-69,-9,-3,-69,-79,-104,-54,-39
-99,-61,38,80,-68,-12,1,-58,-72,-98,-62,-41
-92,-53,39,72,-65,-7,0,-59,-75,-99,-60,-39
-91,-44,47,67,-69,2,6,-58,-79,-104,-74,-41
-78,-36,42,57,-60,3,5,-39,-74,-97,-64,-41
-173,32,205,71,-189,118,97,-2,-50,-110,-85,-54
-209,112,321,48,-265,216,276,284,269,156,17,-28
135,334,198,-235,-31,266,3,154,349,461,509,299
789,378,-412,-583,600,-17,-589,-308,208,751,1159,738
988,-26,-1012,-481,1000,-519,-748,-507,-89,474,915,648
552,-334,-886,-109,719,-609,-529,-683,-715,-502,-74,192
340,-291,-631,-24,486,-461,-379,-603,-743,-686,-358,12
222,-155,-378,-33,300,-266,-263,-372,-439,-397,-223,9
10,-94,-105,42,58,-99,-75,-141,-199,-209,-142,-17
-45,-67,-22,57,-12,-44,8,-8,-51,-85,-76,-22
-72,-61,11,66,-41,-25,28,-18,-72,-93,-88,-35
-80,-61,19,70,-50,-21,46,5,-44,-63,-62,-37
-85,-54,30,69,-57,-12,37,7,-48,-73,-64,-40
-88,-53,36,70,-62,-8,42,28,-37,-62,-51,-41
-82,-48,34,64,-58,-6,39,37,-29,-58,-46,-38
-81,-45,36,63,-58,-5,40,33,-24,-57,-42,-35
-75,-40,34,57,-54,-3,40,37,-11,-46,-34,-35
-73,-38,36,55,-54,-1,39,33,-9,-43,-31,-33
-65,-34,31,49,-48,-1,41,37,3,-30,-24,-25
-55,-29,26,42,-41,-1,39,37,3,-26,-30,-20
-50,-28,22,39,-35,-3,42,44,16,-17,-29,-12
-37,-20,17,28,-27,-1,46,58,38,-7,-30,-6
-40,-27,13,33,-26,-7,45,61,47,0,-30,0
-47,-39,8,43,-27,-15,45,71,60,30,-31,5
-34,-29,5,31,-19,-11,46,83,67,46,-28,4
-26,-20,6,22,-15,-7,45,89,77,51,-18,6
-15,-12,3,14,-9,-5,47,105,102,70,-10,10
-5,-6,0,5,-2,-3,50,123,113,83,0,10
0,1,0,0,0,0,51,142,135,104,5,7
12,8,-4,-9,7,2,63,161,167,118,7,5
25,14,-11,-19,18,1,74,188,186,141,11,5
37,20,-17,-28,27,1,79,212,213,170,15,1
39,14,-25,-26,32,-5,82,227,225,180,13,0
37,7,-30,-22,33,-11,87,249,233,180,6,0
47,1,-46,-24,47,-22,93,272,247,188,1,0
70,-6,-77,-32,74,-41,85,279,238,187,-6,0
74,-11,-85,-31,80,-48,75,262,229,174,-9,0
56,-24,-81,-16,69,-52,68,242,222,166,-18,0
47,-29,-76,-8,61,-52,58,206,196,153,-23,0
51,-22,-73,-14,62,-47,49,157,158,130,-19,0
45,-18,-63,-14,54,-40,36,110,121,90,-20,0
20,-11,-31,-4,26,-21,24,70,90,53,-20,0
3,-6,-8,2,6,-7,20,42,60,27,-20,0
-10,-8,1,9,-5,-3,18,24,25,-1,-19,0
-20,-14,6,16,-13,-3,15,16,9,-20,-15,0
-26,-17,9,22,-17,-4,12,11,5,-26,-15,-5
-36,-23,12,29,-24,-5,10,6,0,-24,-15,-5
-40,-24,16,32,-28,-4,10,0,-3,-26,-15,-6
-38,-20,18,29,-28,-1,10,-4,-9,-23,-15,-10
-47,-18,29,32,-38,6,10,-1,-8,-30,-18,-10
-56,-15,41,35,-48,13,10,0,-4,-40,-18,-7
-51,-11,39,31,-45,14,10,0,-2,-33,-12,-5
-53,-10,42,31,-48,16,8,0,1,-29,-7,-5
-51,-5,46,27,-48,20,5,0,4,-23,-4,-2
-41,4,45,18,-43,24,5,-2,5,-17,2,1
-29,13,42,8,-35,27,5,-6,1,-17,4,-1
-20,19,39,1,-30,29,5,-8,-2,-20,1,-4
-23,13,35,5,-29,24,4,-11,-5,-23,-2,-10
-29,8,37,10,-33,22,10,-14,-8,-26,-4,-14
-44,2,46,20,-45,24,12,-16,-10,-29,-8,-19
-49,-4,45,26,-46,20,10,-20,-12,-30,-10,-24
-50,-9,42,29,-46,17,10,-20,-20,-37,-12,-25
-53,-14,39,34,-46,12,5,-20,-24,-48,-15,-25
-51,-15,36,33,-43,10,5,-20,-27,-51,-15,-25
-49,-15,34,32,-41,10,5,-20,-30,-54,-19,-25
-46,-16,31,31,-38,7,5,-32,-33,-58,-20,-25
-51,-21,30,36,-40,4,5,-36,-35,-60,-20,-26
-48,-18,30,33,-39,6,5,-34,-37,-65,-25,-29
-55,-26,30,41,-42,2,5,-36,-40,-65,-25,-30
-71,-41,30,56,-50,-5,5,-34,-41,-66,-28,-30
-53,-23,30,38,-41,3,2,-36,-44,-70,-31,-30
-48,-18,30,33,-39,6,-1,-40,-47,-70,-27,-30
-63,-32,32,48,-47,0,0,-40,-49,-70,-25,-28
-59,-30,28,45,-44,-1,0,-43,-53,-70,-22,-24
-65,-30,34,47,-50,2,1,-45,-55,-70,-19,-25
-74,-29,45,51,-59,8,-2,-46,-53,-70,-16,-25
-70,-25,45,47,-57,10,-5,-50,-49,-70,-15,-25
-70,-25,45,47,-57,10,-5,-50,-47,-70,-25,-25
-68,-23,45,45,-56,11,-5,-45,-44,-70,-38,-20
-65,-19,45,42,-55,13,-5,-45,-41,-70,-40,-20
-59,-17,42,38,-51,12,-5,-44,-40,-70,-40,-19
-54,-14,40,34,-46,12,-1,-39,-35,-70,-40,-15
-51,-11,40,31,-45,14,5,-41,-35,-70,-40,-15
-46,-10,37,28,-41,13,13,-36,-35,-67,-40,-13
-38,-5,34,21,-36,14,18,-22,-36,-51,-35,-6
-35,2,37,16,-36,20,29,-7,-30,-39,-26,-1
-35,10,45,12,-41,27,34,2,1,-39,-12,4
-27,15,42,6,-35,28,21,15,1,-40,2,11
-8,26,34,-9,-21,29,10,10,-11,-44,0,14
12,40,28,-27,-8,34,-25,-48,-29,-43,-6,11
13,34,21,-24,-4,27,-48,-89,-73,-57,-12,5
7,21,14,-14,-4,17,-40,-87,-83,-63,-17,1
-7,14,21,-4,-14,17,-39,-93,-87,-60,-23,-4
-26,-8,18,17,-21,5,-32,-86,-87,-47,-27,-9
-54,-27,27,40,-41,0,-30,-93,-93,-65,-34,-13
-78,-42,36,59,-57,-3,-23,-88,-94,-98,-52,-33
-85,-48,37,66,-60,-6,-19,-87,-94,-111,-60,-36
-91,-47,45,69,-68,-1,-16,-82,-98,-120,-66,-34
-87,-48,39,67,-63,-4,-8,-69,-88,-106,-63,-36
-87,-36,51,61,-69,8,-18,-81,-106,-128,-75,-32
-74,-50,25,62,-50,-13,-8,-45,-79,-96,-71,-43
-147,10,157,68,-152,83,38,-87,-99,-141,-98,-43
-240,95,334,72,-287,214,215,137,117,15,-45,-43
-30,274,304,-123,-167,289,110,177,306,334,324,172
571,448,-123,-510,347,162,-465,-256,249,659,993,617
1008,121,-887,-564,947,-383,-768,-439,124,735,1123,683
739,-310,-1049,-214,894,-679,-634,-643,-512,-181,219,263
407,-340,-748,-33,578,-544,-458,-673,-788,-699,-297,21
326,-182,-508,-72,417,-345,-342,-430,-486,-423,-170,35
105,-78,-183,-13,144,-130,-152,-210,-240,-239,-105,-4
-42,-48,-6,45,-18,-26,-13,-50,-65,-90,-47,-28
-47,-40,7,44,-27,-17,21,-33,-48,-81,-66,-31
-68,-51,18,59,-43,-16,50,-10,-24,-61,-56,-32
-74,-47,27,60,-50,-9,43,-7,-20,-55,-53,-28
-70,-41,30,56,-50,-5,50,1,-17,-55,-58,-31
-74,-38,36,56,-55,-1,50,11,-4,-42,-48,-29
-78,-32,46,54,-62,7,53,14,-5,-46,-49,-30
-75,-30,45,52,-60,7,56,31,7,-33,-39,-25
-75,-30,45,52,-60,7,54,32,8,-35,-39,-23
-75,-30,45,52,-60,7,61,37,19,-26,-31,-20
-75,-30,45,52,-60,7,60,33,23,-24,-29,-17
-73,-30,43,51,-58,6,59,36,31,-10,-23,-15
-66,-30,36,48,-51,2,55,51,37,4,-17,-12
-58,-26,32,42,-44,2,55,56,39,16,-13,-10
-45,-19,26,32,-35,3,56,74,56,33,-6,-10
-33,-13,20,22,-26,3,54,89,75,48,-2,-10
-21,-6,15,13,-18,5,56,93,79,67,4,-10
-9,1,10,3,-9,5,50,107,90,84,10,-10
3,6,2,-5,0,4,54,133,113,115,16,-5
13,9,-4,-11,8,2,64,161,133,135,19,0
24,12,-11,-18,17,0,68,189,152,145,14,5
34,17,-17,-25,25,0,80,219,175,158,16,8
43,20,-23,-31,33,-1,88,241,202,171,13,14
50,17,-33,-33,41,-8,97,268,233,183,9,13
51,11,-39,-31,45,-14,111,300,250,187,11,10
64,7,-58,-35,61,-25,113,321,261,190,5,10
72,2,-70,-37,70,-33,107,324,259,183,-3,7
75,-2,-77,-36,76,-39,98,316,246,173,-11,4
78,-7,-85,-35,82,-46,93,302,234,166,-19,6
65,-10,-75,-27,70,-42,82,273,208,156,-27,9
55,-15,-70,-19,63,-42,65,225,176,138,-31,12
48,-11,-59,-18,54,-35,53,169,143,111,-25,15
23,-11,-34,-6,29,-22,42,124,105,85,-20,13
-1,-7,-6,4,2,-6,29,87,70,55,-15,9
2,18,16,-10,-7,17,25,57,39,35,-8,11
-1,21,22,-10,-11,21,25,41,25,24,-6,10
-10,15,25,-3,-18,20,25,29,20,12,-10,10
-15,14,29,0,-22,21,25,29,12,10,-10,10
-25,7,32,9,-29,20,25,30,4,10,-12,5
-30,6,36,11,-33,21,26,31,-3,6,-16,5
-39,1,39,19,-39,20,31,35,-2,5,-14,4
-43,-3,40,23,-41,18,35,35,4,5,-19,0
-50,-9,41,29,-45,16,35,32,9,0,-20,0
-53,-8,46,30,-50,19,35,26,12,0,-20,3
-30,15,45,7,-38,29,35,18,18,-1,-24,5
-22,21,43,0,-33,32,35,13,19,-5,-25,5
-20,19,39,0,-29,29,35,5,12,-5,-24,5
-22,21,42,0,-32,32,34,2,7,-3,-18,5
-35,19,54,7,-45,37,30,18,2,2,-11,4
-35,21,55,7,-45,38,28,17,-4,7,-4,1
-39,16,55,11,-47,35,25,8,-9,10,3,-2
-45,10,55,17,-50,32,22,3,-14,5,9,-4
-50,5,55,22,-53,30,20,-5,-18,-2,6,-8
-54,-1,54,27,-54,26,17,-10,-21,-6,-1,-10
-57,-7,50,32,-53,21,11,-17,-25,-13,-5,-12
-56,-9,48,32,-52,19,6,-24,-28,-17,-11,-15
-49,-5,45,26,-47,20,3,-30,-32,-24,-16,-15
-47,-5,41,26,-44,18,-3,-38,-35,-31,-21,-19
-44,-5,40,25,-42,17,-4,-40,-35,-28,-31,-20
-45,-5,40,25,-42,17,1,-40,-37,-36,-43,-20
-45,-5,40,25,-42,17,-1,-43,-41,-51,-45,-25
-42,-2,40,22,-41,19,3,-46,-40,-50,-45,-25
-39,1,40,19,-40,21,5,-44,-44,-50,-45,-25
-36,4,40,16,-38,21,5,-41,-45,-50,-45,-25
-34,6,40,14,-37,23,9,-40,-45,-50,-45,-25
-29,10,40,10,-35,25,11,-40,-45,-48,-43,-23
-31,9,40,11,-36,24,15,-40,-44,-45,-40,-20
-36,4,40,16,-38,22,14,-39,-47,-45,-40,-20
-39,1,40,19,-40,20,10,-43,-50,-45,-40,-20
-46,-2,44,24,-44,21,8,-50,-53,-45,-40,-20
-52,-6,45,29,-48,19,5,-49,-55,-46,-40,-21
-56,-11,45,33,-50,16,2,-50,-59,-58,-36,-24
-49,-4,45,26,-47,20,-1,-50,-60,-61,-35,-27
-55,-10,45,32,-50,17,4,-50,-57,-59,-35,-30
-61,-16,45,38,-53,14,5,-50,-52,-61,-35,-32
-58,-9,48,34,-53,19,5,-50,-49,-60,-36,-36
-62,-9,54,35,-58,22,5,-49,-46,-60,-31,-32
-60,-2,57,31,-58,27,5,-41,-41,-50,-17,-27
-63,-2,62,32,-63,30,6,-33,-39,-40,-4,-21
-54,12,66,21,-60,38,18,-19,-22,-25,12,-16
-27,37,65,-5,-46,51,38,11,-4,-1,34,-3
-20,48,68,-14,-44,58,34,28,10,4,43,13
-17,53,71,-18,-44,62,6,15,16,7,39,15
-6,64,70,-29,-38,67,-30,-37,-21,-14,37,15
6,70,64,-38,-29,66,-51,-76,-61,-58,33,15
7,51,44,-29,-19,47,-48,-73,-68,-60,31,16
4,38,34,-21,-15,36,-44,-77,-72,-60,29,14
-9,27,35,-9,-22,31,-39,-72,-69,-56,22,11
-45,9,54,18,-50,31,-31,-77,-77,-52,8,3
-68,-13,55,40,-62,21,-16,-75,-74,-68,-3,-34
-82,-32,50,57,-66,9,-15,-80,-72,-87,-4,-42
-86,-34,52,60,-69,9,-9,-82,-70,-97,-11,-39
-78,-38,40,57,-58,1,-7,-74,-54,-86,-7,-41
-85,-30,55,57,-69,13,-3,-91,-67,-110,-19,-38
-72,-38,33,55,-52,-3,2,-60,-33,-84,-9,-44
-140,35,175,52,-158,105,27,-92,-69,-117,-32,-28
-248,120,368,64,-309,244,221,145,120,39,23,-18
-27,288,316,-131,-172,301,115,196,322,359,384,179
655,461,-194,-558,424,133,-488,-252,266,674,931,564
1128,85,-1044,-606,1086,-479,-821,-468,115,719,945,566
809,-375,-1184,-216,997,-780,-683,-699,-540,-199,96,142
433,-365,-798,-34,616,-581,-482,-719,-812,-707,-350,-65
346,-188,-534,-79,441,-361,-364,-453,-488,-406,-189,-24
121,-84,-205,-18,163,-144,-159,-214,-235,-207,-98,-32
-44,-46,-2,45,-21,-24,11,-15,-55,-61,-38,-30
-59,-29,29,44,-44,0,24,-12,-53,-69,-52,-29
-66,-29,37,47,-52,4,38,-2,-35,-50,-44,-31
-75,-41,34,58,-54,-4,45,6,-26,-39,-40,-32
-83,-48,35,65,-59,-6,44,9,-24,-43,-42,-37
-81,-37,44,59,-62,3,46,23,-8,-27,-34,-34
-84,-31,52,58,-68,10,41,26,-10,-31,-34,-36
-76,-29,47,52,-61,9,40,44,4,-18,-24,-35
-71,-26,45,48,-57,9,40,38,5,-19,-24,-34
-65,-23,42,44,-53,9,40,41,15,-10,-16,-29
-59,-20,39,40,-49,9,40,39,20,-8,-14,-30
-63,-19,44,40,-54,13,40,38,27,-2,-8,-28
-55,-11,44,33,-49,16,47,55,40,1,-1,-24
-41,-2,39,22,-40,18,57,69,48,17,5,-25
-30,3,34,13,-32,18,61,73,54,30,13,-22
-18,12,30,3,-24,21,63,78,71,41,18,-18
-12,14,26,-1,-19,19,66,97,92,56,24,-14
-11,10,21,0,-16,15,70,117,112,74,25,-11
-6,10,17,-2,-12,13,69,140,126,95,25,-6
-4,9,13,-3,-9,11,67,160,143,98,25,-5
11,21,10,-16,0,16,59,181,169,117,25,-5
27,33,6,-30,10,19,69,207,190,140,24,-5
23,26,4,-25,9,15,87,236,218,159,18,-5
36,25,-11,-30,23,7,92,263,240,176,11,-5
53,21,-32,-37,42,-6,96,279,243,175,4,-9
61,16,-45,-38,53,-14,101,302,244,173,-3,-16
75,15,-60,-45,67,-22,116,310,259,164,-8,-20
69,-4,-73,-32,71,-38,114,296,265,158,-15,-20
81,2,-79,-41,79,-38,102,287,243,150,-20,-20
92,18,-73,-55,82,-27,89,272,215,142,-26,-28
72,7,-65,-40,69,-29,71,227,176,137,-29,-27
61,7,-54,-34,57,-23,59,174,134,113,-24,-18
37,12,-25,-24,31,-7,49,130,101,79,-21,-13
27,20,-6,-23,16,7,43,92,69,45,-18,-5
13,14,1,-14,6,8,36,63,43,25,-13,-1
-5,9,14,-2,-10,11,28,37,29,14,-10,-4
11,28,17,-20,-3,23,27,20,18,2,-14,-7
5,20,15,-13,-5,17,30,15,9,-2,-15,-9
-17,-2,15,9,-16,6,30,13,11,-8,-15,-13
-21,-6,15,13,-18,4,30,10,9,-11,-20,-15
-34,-19,15,26,-24,-2,30,7,5,-16,-20,-17
-49,-34,15,41,-32,-9,30,4,5,-20,-19,-27
-37,-16,21,27,-29,2,35,2,3,-15,-15,-31
-20,7,27,7,-24,17,35,-3,-4,-12,-15,-30
-28,13,42,7,-35,27,35,-4,-9,-9,-13,-30
-40,16,55,12,-48,36,35,0,-15,-5,-8,-30
-42,15,57,13,-50,36,35,3,-20,0,-13,-31
-46,15,61,16,-54,37,33,6,-20,-2,6,-27
-49,15,65,16,-58,40,29,10,-20,-11,22,-25
-49,14,63,17,-56,38,31,5,-20,-19,10,-25
-50,8,58,21,-55,33,26,-3,-20,-25,3,-25
-53,2,55,25,-54,29,25,-9,-19,-25,-7,-25
-54,-2,52,28,-53,24,24,-17,-21,-25,-13,-25
-56,-9,47,32,-52,19,21,-24,-19,-36,-22,-29
-58,-14,44,35,-51,15,18,-30,-22,-41,-26,-32
-60,-20,40,40,-50,10,15,-30,-38,-41,-36,-36
-68,-28,40,48,-54,6,13,-30,-41,-46,-55,-38
-74,-35,39,54,-56,2,8,-30,-39,-44,-55,-42
-70,-35,35,52,-52,0,18,-30,-41,-42,-54,-50
-70,-35,35,52,-52,0,26,-30,-39,-35,-56,-51
-70,-35,35,52,-52,0,17,-33,-42,-42,-54,-49
-70,-35,35,52,-52,0,8,-55,-62,-64,-58,-50
-70,-35,35,52,-52,0,-1,-61,-65,-65,-63,-50
-66,-31,35,48,-51,1,-6,-54,-59,-65,-61,-50
-63,-28,35,45,-49,3,-13,-53,-58,-65,-55,-50
-59,-24,35,41,-47,6,-13,-47,-51,-65,-51,-50
-61,-21,39,41,-50,9,-6,-45,-51,-65,-46,-51
-56,-16,40,36,-48,12,1,-45,-54,-65,-41,-49
-54,-15,40,35,-46,12,7,-45,-55,-65,-42,-56
-56,-16,41,36,-48,12,15,-46,-55,-65,-53,-61
-52,-13,39,33,-45,12,19,-44,-55,-65,-57,-59
-79,-36,43,57,-61,3,15,-46,-55,-65,-53,-54
-81,-36,45,58,-63,4,8,-42,-53,-61,-51,-58
-59,-14,45,36,-51,15,3,-36,-48,-56,-47,-77
-62,-17,45,39,-53,14,-4,-31,-43,-53,-45,-76
-57,-12,45,34,-50,16,0,-24,-40,-47,-42,-67
-56,-10,46,32,-51,18,28,-22,-30,-44,-35,-61
-46,-9,37,28,-41,13,38,-11,-16,-20,-27,-55
-24,8,31,8,-28,19,20,-9,-4,0,-22,-51
8,25,16,-17,-5,20,10,6,7,0,-24,-49
20,48,28,-34,-4,38,-25,-15,-17,-2,-27,-44
-6,59,65,-27,-36,62,-56,-83,-65,-41,-30,-42
-5,44,50,-20,-27,47,-48,-81,-79,-69,-33,-33
17,41,24,-29,-4,32,-42,-75,-81,-71,-37,-1
-8,19,27,-6,-17,23,-27,-71,-79,-76,-43,6
-75,-17,58,45,-66,20,-13,-69,-79,-76,-42,-2
-89,-19,70,53,-79,25,-6,-71,-83,-85,-59,-6
-68,-9,59,38,-64,25,-1,-60,-73,-80,-67,-13
-97,-25,72,61,-85,23,3,-72,-78,-93,-74,-17
-105,-49,56,76,-80,4,12,-53,-56,-75,-66,-23
-103,-28,75,65,-89,23,13,-66,-73,-96,-74,-27
-92,-32,60,62,-76,14,23,-31,-40,-77,-84,-28
-121,-9,112,65,-116,51,27,-63,-70,-98,-103,-26
-228,54,282,87,-255,168,187,88,57,-18,-107,-61
-124,208,332,-42,-228,270,234,308,373,321,174,72
380,441,61,-411,159,250,-266,-89,277,581,821,533
923,288,-635,-605,778,-174,-735,-450,105,732,1235,815
783,-132,-915,-325,849,-523,-662,-607,-368,62,498,475
379,-299,-677,-40,528,-488,-432,-684,-812,-686,-314,69
282,-204,-486,-39,384,-345,-353,-512,-623,-543,-277,14
110,-103,-213,-4,162,-158,-194,-276,-335,-295,-178,3
-23,-60,-37,42,7,-49,-20,-59,-96,-116,-104,-9
-39,-38,1,39,-20,-18,2,-29,-52,-71,-91,-10
-60,-40,21,50,-40,-9,16,-32,-58,-65,-102,-22
-59,-35,24,47,-41,-5,19,-18,-32,-47,-83,-24
-65,-33,32,49,-48,0,21,-20,-38,-56,-93,-31
-62,-29,33,45,-48,2,27,-8,-21,-37,-79,-23
-75,-38,36,56,-55,-1,29,-9,-25,-41,-79,-26
-81,-47,34,63,-57,-6,29,2,-16,-30,-63,-22
-75,-39,35,57,-55,-2,24,4,-13,-31,-58,-20
-74,-38,35,56,-54,-1,26,11,-9,-27,-49,-20
-68,-33,35,50,-51,1,21,16,0,-24,-40,-16
-62,-30,32,46,-47,1,20,21,10,-21,-35,-14
-53,-26,27,40,-40,0,21,27,21,-19,-29,-11
-43,-19,24,31,-34,2,24,40,38,-9,-26,-8
-33,-13,20,23,-27,4,28,57,45,10,-23,-6
-22,-6,17,14,-19,5,30,58,48,22,-19,-4
-13,1,14,6,-14,7,31,69,70,38,-16,0
-1,7,8,-3,-5,7,29,82,88,56,-10,5
11,14,3,-13,4,8,31,95,105,78,0,7
24,21,-3,-22,13,9,34,118,127,96,10,12
36,28,-9,-32,22,10,52,135,147,112,18,15
41,27,-14,-33,27,6,68,158,163,131,23,12
38,19,-19,-28,29,0,69,182,191,140,28,6
42,13,-30,-27,36,-8,76,213,211,160,34,1
43,6,-37,-24,39,-15,70,243,221,179,39,-2
46,-2,-48,-22,47,-24,73,260,231,181,34,-8
69,-4,-73,-32,71,-38,81,268,228,179,21,-9
81,0,-81,-40,81,-40,70,276,237,186,9,-5
93,0,-93,-46,93,-46,62,280,239,189,5,-5
96,-1,-97,-48,97,-49,53,251,208,165,4,-5
84,1,-83,-42,84,-41,44,209,177,135,1,-5
67,-2,-69,-32,68,-35,38,166,140,103,-1,-5
47,11,-35,-29,41,-12,32,124,103,71,8,-1
48,31,-17,-39,32,7,28,87,83,55,25,0
30,25,-5,-28,18,10,21,55,52,27,26,1
-2,17,19,-8,-10,18,16,34,23,-2,25,4
-23,7,30,8,-27,18,18,29,16,-10,25,6
-27,3,30,12,-29,16,23,27,11,-10,25,4
-36,-6,30,21,-33,12,26,24,6,-10,25,0
-54,-24,30,39,-42,2,29,21,0,-10,21,0
-48,-18,30,33,-39,6,34,19,-4,-10,18,-2
-40,-8,32,24,-36,12,35,20,0,-10,14,-6
-37,-2,35,19,-36,16,35,20,5,-10,11,-4
-38,7,46,15,-42,26,35,20,9,-10,6,-10
-34,11,46,11,-40,28,35,20,14,-10,6,-20
-32,14,46,9,-39,29,35,20,19,-10,22,-25
-36,7,43,14,-40,24,35,18,18,-9,41,-25
-36,18,54,9,-45,35,31,13,13,-6,46,-25
-35,46,81,-6,-58,63,30,10,10,-4,39,-25
-35,42,78,-4,-57,60,30,7,6,1,33,-29
-34,39,74,-3,-54,56,25,2,2,-4,25,-31
-35,36,71,0,-54,53,25,-1,-1,-19,20,-29
-35,31,66,2,-51,48,26,-5,-5,-21,8,-31
-34,30,64,2,-49,46,31,-5,-5,-19,-15,-28
-44,11,55,16,-50,33,33,-6,-9,-28,-33,-37
-32,13,45,9,-38,29,38,-10,-10,-28,-45,-30
-50,-14,36,32,-43,11,51,-10,-12,-37,-46,-8
-68,-35,32,51,-50,-1,48,-12,-19,-51,-43,-10
-42,-13,29,27,-35,8,45,-17,-24,-50,-40,-10
-37,-11,26,23,-32,7,43,-20,-30,-49,-39,-10
-28,-8,20,18,-24,6,40,-19,-35,-45,-43,-10
-27,-4,23,16,-25,9,38,-28,-35,-45,-52,-10
-36,-2,34,19,-35,16,31,-37,-35,-43,-58,-15
-40,1,41,19,-41,21,24,-34,-35,-39,-60,-17
-42,3,46,19,-44,24,18,-35,-35,-41,-66,-21
-31,14,45,8,-38,29,10,-35,-34,-39,-71,-25
-24,18,42,3,-33,30,5,-35,-38,-40,-82,-23
-29,11,40,9,-34,25,15,-39,-40,-39,-96,-19
-37,3,40,17,-38,21,17,-40,-40,-35,-95,-20
-38,2,40,18,-40,20,14,-40,-40,-35,-97,-20
-30,10,40,10,-35,25,16,-40,-41,-35,-102,-20
-38,2,40,18,-39,21,14,-41,-39,-36,-105,-20
-56,-16,40,36,-48,12,16,-38,-46,-34,-111,-20
-47,-8,40,28,-43,16,12,-35,-60,-38,-108,-21
-45,-4,41,24,-43,18,3,-35,-58,-46,-102,-19
-41,6,47,17,-44,26,-8,-33,-56,-47,-98,-28
-28,32,60,-2,-45,46,-17,-30,-52,-43,-90,-37
-24,45,69,-11,-47,57,-14,-30,-51,-47,-88,-33
-19,45,64,-13,-42,54,-1,-21,-38,-38,-67,-38
-12,41,53,-15,-33,47,6,6,-8,0,-19,-22
7,53,46,-30,-20,49,13,15,3,4,19,4
19,56,37,-38,-9,46,19,21,10,12,53,6
23,55,31,-39,-5,43,-8,6,-13,11,69,4
3,54,52,-29,-25,53,-47,-70,-71,-43,56,6
-3,49,52,-23,-28,50,-58,-96,-83,-54,48,4
23,67,44,-45,-10,55,-51,-78,-68,-37,37,5
13,51,38,-32,-13,44,-32,-69,-63,-33,28,15
-16,14,30,1,-23,22,-20,-67,-67,-42,11,0
-42,-16,26,29,-34,5,-15,-67,-73,-57,-43,-30
-73,-43,30,57,-51,-6,-9,-57,-69,-59,-79,-43
-97,-44,53,70,-74,4,-6,-66,-83,-79,-98,-46
-82,-46,36,64,-59,-5,5,-54,-67,-59,-95,-45
-92,-36,56,63,-74,10,1,-78,-93,-81,-102,-45
-76,-46,29,60,-53,-9,-1,-47,-63,-68,-91,-46
-94,13,107,40,-100,59,8,-60,-73,-107,-117,-51
-222,87,309,68,-266,197,167,75,41,-40,-128,-70
-129,207,336,-39,-232,271,195,244,315,280,161,75
364,480,116,-422,124,298,-313,-159,219,541,817,527
884,338,-546,-611,715,-104,-759,-468,90,742,1240,783
777,-151,-928,-313,853,-539,-688,-589,-372,67,500,426
407,-328,-735,-39,571,-531,-475,-669,-813,-680,-278,63
301,-212,-514,-44,408,-363,-374,-491,-584,-502,-211,38
145,-70,-216,-37,181,-143,-207,-261,-309,-277,-123,10
1,-24,-26,12,14,-25,-37,-66,-109,-114,-53,-38
-30,-26,4,28,-17,-11,-2,-30,-55,-71,-24,-45
-64,-24,41,44,-52,8,23,-23,-50,-72,-38,-46
-84,-26,58,55,-70,15,30,-9,-31,-50,-31,-44
-88,-24,64,56,-76,20,30,-7,-37,-61,-45,-46
-93,-26,67,59,-80,21,30,3,-19,-41,-41,-45
-92,-23,69,57,-80,23,24,2,-21,-47,-50,-48
-81,-18,63,49,-72,22,26,10,-10,-34,-53,-53
-72,-15,57,43,-64,21,22,10,-7,-32,-63,-54
-59,-6,53,32,-56,23,20,14,-1,-26,-57,-58
-35,11,46,11,-41,28,20,17,4,-19,-48,-60
-9,32,42,-12,-26,37,20,19,11,-17,-44,-52
1,37,36,-19,-18,36,20,23,14,-6,-28,-46
-4,31,35,-14,-19,32,20,40,25,2,-7,-39
-6,29,35,-12,-21,32,26,43,37,19,7,-33
-11,23,35,-7,-24,29,36,60,56,34,31,-29
-14,22,36,-4,-25,28,35,88,81,50,52,-25
-18,16,34,0,-26,25,35,92,87,69,49,-22
-24,4,28,10,-26,16,45,108,111,75,46,-17
-6,15,21,-5,-13,17,53,135,134,95,44,-14
8,22,15,-15,-4,18,54,154,161,118,40,-11
3,10,7,-7,-2,8,72,182,192,141,39,-10
9,7,-1,-8,5,3,88,215,205,164,34,-10
16,-2,-18,-7,17,-10,90,235,229,175,35,-10
22,-7,-29,-8,26,-18,90,260,253,191,50,-10
25,-13,-38,-6,32,-25,89,276,264,196,50,-12
23,-24,-47,0,35,-35,101,287,255,190,39,-19
65,10,-55,-37,60,-23,102,282,246,188,31,-26
103,23,-80,-62,91,-29,88,269,240,185,25,-33
89,3,-85,-46,87,-41,77,259,228,166,22,-39
71,-8,-80,-31,76,-44,59,216,205,135,18,-36
29,-22,-51,-3,40,-36,43,160,153,105,15,-31
-5,-13,-8,9,2,-10,27,106,106,78,11,-29
-6,-3,2,4,-3,0,12,59,76,55,8,-24
-20,2,22,9,-21,11,10,21,45,25,3,-21
-32,10,42,11,-38,26,10,2,22,8,0,-18
-36,16,52,10,-44,33,6,-18,4,4,-3,-13
-37,19,56,9,-47,37,4,-31,-4,-2,-8,-10
-40,14,54,13,-48,34,5,-20,0,-7,-10,-7
-44,12,56,15,-50,34,11,-13,4,-13,-10,-2
-45,9,54,18,-50,31,21,-5,9,-17,-10,0
-50,5,55,22,-53,30,25,-5,8,-24,-10,-4
-51,6,57,22,-54,31,25,-5,4,-25,-10,-7
-66,-4,62,35,-64,29,25,-5,5,-25,-10,-10
-55,10,65,22,-60,37,25,-6,1,-25,-10,-13
-28,32,59,-2,-44,46,25,-4,0,-25,-10,-15
-31,23,54,4,-43,38,25,-10,0,-26,-10,-17
-30,19,48,5,-39,33,25,-15,-5,-22,-10,-26
-30,14,44,8,-37,29,25,-22,-10,-20,-11,-34
-29,5,34,12,-32,20,25,-24,-13,-20,-9,-30
-34,13,47,10,-41,30,25,-20,-19,-21,-5,-30
-40,21,61,9,-50,41,26,-20,-18,-19,7,-29
-24,20,44,2,-34,32,23,-20,-15,-21,31,-25
-12,20,32,-4,-22,26,19,-20,-15,-34,33,-25
-6,21,27,-7,-17,24,15,-19,-15,-36,18,-28
-3,15,18,-6,-10,16,12,-27,-15,-34,9,-30
-27,-13,14,20,-21,1,7,-36,-15,-36,-7,-30
-31,-28,4,29,-17,-12,4,-38,-21,-35,-30,-34
-39,-36,3,37,-21,-16,24,-41,-26,-35,-37,-36
-77,-39,38,58,-57,-1,32,-40,-31,-39,-33,-34
-62,-17,45,39,-53,13,24,-40,-37,-40,-31,-31
-47,-15,31,31,-38,8,21,-40,-43,-43,-28,-26
-41,-11,30,25,-35,9,16,-40,-43,-51,-24,-24
-30,-11,19,20,-24,4,12,-40,-40,-49,-28,-19
-49,-32,17,40,-32,-8,7,-40,-40,-45,-35,-16
-64,-33,31,48,-47,-2,5,-37,-37,-44,-35,-12
-61,-25,36,42,-48,6,2,-34,-34,-38,-35,-10
-57,-23,34,39,-45,6,-1,-31,-36,-45,-35,-10
-48,-13,35,30,-41,11,-4,-28,-39,-57,-35,-10
-48,-13,35,30,-41,11,-5,-25,-41,-53,-35,-10
-74,-39,35,56,-54,-2,1,-25,-45,-51,-40,-10
-76,-46,29,61,-52,-8,6,-31,-47,-47,-39,-14
-60,-38,22,49,-41,-8,12,-28,-51,-45,-45,-19
-54,-38,16,46,-34,-11,18,-33,-47,-42,-52,-21
-41,-32,9,36,-25,-11,18,-46,-39,-41,-51,-25
-31,-29,2,30,-17,-13,15,-43,-60,-55,-60,-30
-51,-50,2,50,-26,-24,15,-40,-67,-52,-56,-28
-68,-61,8,64,-38,-26,11,-37,-59,-46,-51,-21
-57,-44,12,50,-34,-16,9,-36,-59,-43,-48,-17
-48,-32,16,40,-32,-8,11,-29,-53,-37,-43,-11
-49,-28,22,38,-35,-3,18,-8,-40,-34,-38,-5
-27,-2,25,14,-26,12,34,10,-15,-12,-18,-1
6,26,19,-16,-7,22,36,16,-3,5,3,17
19,32,13,-26,3,22,22,31,15,13,21,35
33,39,6,-37,14,22,8,21,15,18,27,35
36,36,0,-36,18,17,-6,-51,-34,-23,21,35
33,25,-8,-29,20,8,-24,-74,-51,-58,17,35
27,18,-9,-22,17,5,-32,-65,-48,-58,15,35
13,11,-1,-12,7,5,-19,-66,-60,-63,4,35
-13,-12,0,12,-6,-6,-7,-58,-57,-62,-3,17
-50,-41,9,46,-29,-16,-2,-60,-66,-69,-19,-7
-63,-55,8,59,-35,-23,10,-51,-72,-67,-36,-17
-81,-62,19,71,-50,-21,13,-68,-99,-86,-49,-24
-90,-79,11,84,-50,-34,24,-53,-90,-75,-54,-35
-83,-64,19,73,-51,-23,17,-67,-98,-87,-56,-26
-78,-67,12,72,-45,-27,23,-53,-88,-86,-72,-23
-83,-47,37,65,-60,-5,27,-71,-87,-85,-57,-8
-192,41,233,76,-212,136,126,-21,-58,-104,-59,-10
-185,139,324,23,-254,231,258,229,231,170,98,38
246,401,155,-324,45,278,-143,-45,247,458,602,387
886,382,-504,-634,695,-61,-687,-378,204,798,1119,696
984,-138,-1122,-423,1053,-630,-733,-506,-130,408,687,447
569,-420,-989,-74,780,-704,-543,-708,-761,-562,-205,82
408,-280,-688,-64,548,-484,-406,-553,-650,-562,-285,26
260,-135,-396,-62,328,-265,-258,-304,-341,-289,-147,11
19,-91,-110,36,65,-100,-50,-104,-145,-139,-118,-18
-18,-54,-36,37,9,-45,16,-28,-58,-52,-86,-36
-41,-46,-5,43,-18,-25,24,-36,-79,-82,-106,-53
-61,-42,19,51,-40,-11,48,-9,-46,-43,-86,-48
-62,-35,27,48,-44,-4,46,-17,-55,-54,-95,-52
-65,-30,35,47,-50,2,52,0,-35,-35,-86,-49
-62,-25,36,43,-49,5,50,2,-36,-34,-84,-51
-74,-31,43,53,-58,5,56,11,-35,-26,-78,-48
-73,-29,44,50,-59,8,55,18,-33,-17,-70,-43
-70,-25,46,47,-57,10,52,23,-38,-16,-68,-40
-67,-22,45,44,-56,11,50,27,-26,-6,-59,-36
-62,-17,45,39,-53,14,46,24,-8,-3,-51,-33
-60,-15,45,37,-52,15,45,39,24,7,-39,-29
-52,-10,42,31,-47,16,40,50,44,11,-30,-25
-44,-5,39,25,-41,16,40,60,55,27,-21,-20
-37,0,36,18,-36,17,46,82,60,44,-14,-16
-30,3,33,13,-32,18,51,91,65,49,-5,-11
-22,9,31,7,-26,20,50,100,85,63,3,-7
-16,13,29,1,-23,21,50,116,95,80,2,-2
-3,21,24,-9,-14,22,61,146,117,95,-3,0
10,30,20,-20,-5,25,69,177,142,114,-5,0
8,23,15,-16,-4,19,82,198,165,136,-10,0
26,37,11,-31,7,23,96,233,190,154,-14,0
51,51,0,-51,25,25,96,250,208,158,-16,0
59,34,-25,-46,42,4,102,263,229,163,-25,-5
67,23,-44,-45,55,-11,103,286,233,160,-35,-13
81,20,-61,-50,71,-20,110,308,238,152,-45,-19
96,20,-76,-58,86,-28,116,314,230,147,-54,-27
97,17,-80,-57,88,-31,102,299,214,139,-61,-28
94,14,-80,-54,87,-33,88,275,200,133,-64,-21
95,16,-79,-56,87,-31,76,237,173,126,-55,-16
100,19,-81,-60,91,-31,63,191,147,108,-45,-11
89,20,-68,-54,79,-24,52,138,119,81,-29,-4
60,23,-37,-41,48,-7,38,86,94,57,-7,-1
38,26,-12,-32,24,7,30,51,62,41,3,-5
16,22,6,-20,5,14,25,29,33,28,9,-5
0,18,19,-9,-10,18,20,14,23,18,16,-6
-15,15,30,0,-23,22,17,10,12,13,22,-10
-27,12,39,8,-33,25,11,7,5,5,33,-10
-33,7,40,13,-37,23,12,5,0,0,37,-10
-35,4,40,15,-38,22,23,2,-5,-10,34,-10
-35,5,40,15,-38,22,32,-1,-8,-24,35,-10
-35,4,40,16,-38,22,31,11,-15,-26,35,-10
-34,7,41,13,-38,24,24,16,-10,-24,35,-10
-32,14,46,9,-39,30,21,14,15,-26,37,-10
-38,11,49,14,-44,30,16,15,36,-25,40,-15
-46,10,55,18,-50,32,11,15,34,-26,41,-15
-50,10,60,20,-55,35,12,15,31,-30,44,-16
-50,10,60,20,-55,35,22,12,28,-30,46,-20
-49,11,60,19,-55,35,28,7,25,-30,41,-20
-53,7,60,23,-57,33,26,4,24,-30,34,-17
-55,5,60,25,-58,32,23,0,18,-33,27,-15
-55,1,56,27,-56,28,21,-3,11,-35,21,-15
-55,0,55,27,-55,27,17,-6,4,-35,14,-15
-59,-5,55,32,-57,25,15,-12,-3,-39,9,-15
-56,-5,51,30,-53,22,13,-18,-9,-41,3,-16
-44,5,49,19,-47,27,8,-24,-15,-39,-4,-19
-51,1,53,25,-52,27,5,-29,-21,-36,-11,-22
-64,-9,55,36,-59,23,2,-27,-25,-35,-18,-25
-74,-19,55,46,-64,18,-3,-24,-25,-35,-24,-27
-74,-19,55,46,-64,18,-5,-25,-25,-35,-22,-31
-68,-13,55,40,-61,21,0,-20,-25,-36,-20,-27
-67,-12,55,39,-61,21,4,-20,-25,-32,-20,-25
-60,-6,55,32,-57,25,6,-19,-25,-30,-15,-25
-62,-6,55,33,-58,25,11,-13,-25,-30,-15,-21
-66,-12,54,39,-60,20,14,-32,-25,-30,-15,-20
-79,-18,61,48,-70,22,15,-41,-25,-29,-6,-20
-95,-24,71,59,-83,23,15,-32,-33,-32,-12,-20
-95,-29,66,62,-81,18,15,-30,-36,-39,-32,-20
-89,-26,63,57,-76,19,15,-25,-34,-41,-36,-20
-78,-17,60,47,-69,21,15,-20,-35,-39,-35,-20
-64,-11,53,37,-59,21,15,-23,-35,-42,-35,-20
-69,-4,65,36,-67,30,15,-27,-35,-38,-35,-19
-76,1,76,37,-76,38,15,-30,-30,-43,-36,-21
-75,-1,75,37,-75,36,15,-34,-30,-63,-30,-30
-74,1,75,36,-75,37,16,-34,-31,-61,-20,-30
-72,3,75,34,-74,39,13,-25,-29,-54,-12,-25
-69,6,75,31,-72,40,22,-15,-32,-49,-8,-23
-63,9,72,27,-67,40,30,-5,-23,-44,-3,-19
-55,12,67,21,-61,39,20,5,-3,-28,4,-14
-19,42,61,-11,-40,51,15,14,19,-9,9,-5
-2,57,59,-28,-31,58,6,23,40,5,7,3
8,57,50,-33,-22,53,0,28,33,11,1,12
8,65,57,-36,-25,61,-11,-10,-13,-23,-1,22
-9,55,64,-23,-37,59,-40,-64,-62,-61,-9,18
3,50,47,-27,-22,48,-44,-70,-69,-63,-8,8
-11,41,52,-15,-32,46,-32,-72,-74,-67,3,1
-24,24,48,0,-36,36,-22,-68,-73,-63,-11,-10
-56,2,57,27,-56,29,-2,-72,-81,-64,-36,-19
-76,-18,58,47,-66,20,11,-68,-79,-77,-49,-32
-71,-7,64,39,-68,29,11,-70,-79,-85,-53,-42
-97,-32,64,64,-80,16,15,-72,-83,-89,-60,-50
-105,-50,55,78,-79,2,18,-64,-73,-83,-57,-51
-103,-37,66,70,-85,14,19,-82,-92,-97,-69,-55
-74,-37,37,55,-56,0,20,-50,-58,-60,-63,-53
-155,37,191,59,-173,114,53,-64,-69,-95,-83,-31
-239,100,338,69,-289,219,249,205,183,75,-28,-35
-6,283,289,-139,-148,286,147,268,384,403,351,175
632,433,-199,-533,415,117,-457,-229,237,662,975,624
1027,103,-923,-565,975,-410,-773,-504,22,619,1024,676
665,-274,-939,-196,802,-606,-609,-679,-568,-272,117,250
356,-305,-661,-25,509,-483,-408,-680,-805,-736,-389,13
269,-160,-430,-54,350,-295,-308,-458,-519,-461,-251,-1
73,-64,-137,-4,105,-101,-127,-198,-241,-240,-150,-28
-21,-49,-28,36,4,-39,1,-26,-70,-85,-73,-27
-55,-38,17,47,-36,-11,1,-29,-67,-90,-86,-35
-78,-39,39,58,-58,0,29,-6,-34,-68,-78,-35
-80,-34,46,57,-62,6,34,-8,-29,-58,-73,-34
-92,-31,61,62,-76,15,39,-1,-24,-54,-74,-36
-89,-30,59,60,-74,15,37,7,-13,-40,-64,-34
-87,-26,61,57,-73,17,33,7,-12,-42,-68,-36
-84,-24,60,54,-71,17,37,19,0,-28,-59,-35
-81,-21,60,51,-71,20,34,24,0,-26,-61,-41
-77,-18,59,48,-68,20,36,36,11,-17,-49,-40
-69,-15,54,42,-61,19,32,42,14,-13,-35,-40
-62,-13,49,38,-55,17,30,47,24,-7,-23,-38
-55,-10,44,32,-49,16,31,42,26,-1,-19,-34
-48,-7,40,27,-44,16,45,55,31,6,-21,-36
-40,-5,35,22,-37,15,52,81,57,28,-16,-30
-33,-1,32,17,-32,15,54,90,78,58,-15,-20
-26,0,26,13,-26,13,56,84,85,64,-15,-10
-15,7,22,4,-19,14,55,99,97,87,-4,-5
5,23,18,-14,-7,20,62,132,122,118,11,-5
20,32,13,-27,3,22,58,148,138,123,22,-5
20,28,8,-24,5,18,64,163,157,130,33,-5
26,21,-6,-23,16,7,87,183,186,147,28,-5
37,14,-22,-25,29,-4,92,204,201,160,19,-5
45,7,-38,-26,41,-15,93,222,212,171,10,-5
54,1,-52,-27,53,-25,97,243,226,182,2,-5
60,-4,-64,-28,62,-33,100,258,230,184,-6,-5
73,-8,-82,-32,77,-45,100,264,235,189,-13,-5
93,-13,-105,-40,99,-59,92,264,228,181,-19,-7
98,-17,-115,-40,107,-66,87,256,217,168,-37,-9
86,-22,-108,-32,97,-65,74,232,209,158,-52,-24
76,-25,-101,-25,89,-63,52,188,174,131,-58,-31
64,-25,-89,-19,77,-57,42,140,122,93,-58,-22
37,-25,-62,-6,50,-43,37,94,79,56,-54,-20
8,-25,-33,9,21,-29,31,59,47,27,-56,-15
-7,-25,-18,16,6,-21,26,37,27,9,-51,-10
-16,-22,-5,19,-5,-13,25,19,10,3,-50,-13
-28,-19,8,23,-18,-5,25,5,-7,0,-50,-16
-36,-20,15,28,-26,-2,25,0,-15,-3,-45,-19
-44,-20,25,32,-35,2,25,0,-15,-8,-45,-20
-51,-20,31,36,-41,5,25,-5,-15,-10,-45,-20
-49,-19,30,34,-40,6,25,-5,-15,-10,-45,-20
-42,-13,30,27,-36,8,25,-1,-15,-10,-45,-20
-36,-6,30,21,-33,12,25,0,-15,-10,-43,-20
-29,1,30,14,-29,15,25,0,-10,-10,-39,-20
-23,7,30,8,-27,19,25,-2,-10,-10,-36,-20
-31,14,45,8,-38,29,25,-5,-9,-7,-32,-20
-43,12,55,16,-49,33,29,-8,-5,1,-30,-20
-47,7,55,20,-51,31,30,-10,-5,9,-35,-20
-51,4,56,23,-54,30,30,-14,-8,5,-35,-20
-52,0,52,26,-52,26,30,-16,-10,-3,-35,-20
-53,-3,50,28,-51,23,30,-15,-10,-9,-35,-20
-56,-6,50,31,-53,22,29,-15,-17,-16,-35,-20
-44,9,53,17,-49,31,24,-15,-28,-22,-37,-20
-37,19,56,8,-46,37,18,-16,-37,-28,-40,-20
-44,10,55,16,-50,32,15,-22,-41,-31,-40,-20
-51,4,55,23,-54,30,10,-28,-39,-36,-40,-24
-59,-4,54,31,-56,25,5,-34,-44,-40,-45,-27
-67,-11,56,39,-62,22,10,-39,-45,-36,-43,-32
-78,-18,60,48,-69,21,11,-40,-45,-50,-39,-34
-80,-20,60,50,-70,20,10,-40,-50,-57,-40,-38
-80,-20,60,50,-70,20,8,-40,-50,-54,-40,-39
-80,-20,60,50,-70,20,4,-40,-51,-56,-40,-42
-80,-20,60,50,-70,20,5,-40,-55,-54,-39,-55
-76,-20,56,47,-66,18,5,-41,-54,-56,-35,-53
-70,-15,55,42,-62,20,5,-46,-57,-60,-35,-48
-70,-15,55,42,-62,20,5,-51,-60,-63,-35,-46
-65,-15,50,40,-57,17,5,-54,-60,-67,-35,-41
-65,-15,50,40,-57,17,6,-52,-60,-70,-35,-40
-65,-15,50,40,-57,17,3,-49,-60,-67,-32,-40
-63,-13,50,38,-56,18,0,-47,-60,-63,-29,-40
-57,-7,50,32,-53,21,0,-43,-60,-62,-30,-40
-53,-3,50,28,-51,23,-2,-41,-60,-58,-26,-40
-48,1,50,23,-49,26,-6,-38,-60,-56,-25,-40
-44,6,50,19,-47,28,-5,-35,-58,-54,-25,-36
-43,10,53,16,-48,31,1,-28,-54,-45,-18,-30
-36,20,56,7,-46,38,16,-27,-37,-36,-8,-24
-19,36,55,-9,-37,45,30,-13,-3,-22,3,-19
-10,47,57,-19,-33,52,23,21,29,-9,19,-14
-8,55,62,-24,-35,58,12,30,31,9,31,-9
2,60,58,-31,-28,59,-10,8,1,11,29,-4
1,58,57,-30,-28,57,-45,-54,-52,-29,20,1
2,55,53,-29,-26,54,-45,-84,-77,-63,14,4
5,55,50,-30,-23,52,-44,-78,-74,-70,6,11
-11,39,49,-14,-31,44,-46,-81,-77,-72,-1,3
-36,7,43,14,-39,25,-40,-72,-73,-73,-9,-18
-75,-27,48,50,-61,11,-37,-78,-78,-79,-35,-35
-83,-45,38,64,-61,-3,-28,-72,-74,-80,-43,-43
-80,-35,45,58,-62,5,-27,-87,-94,-102,-50,-39
-79,-45,34,62,-57,-5,-15,-72,-88,-88,-52,-41
-89,-35,54,62,-71,9,-18,-88,-104,-100,-54,-39
-89,-45,44,66,-66,-1,-6,-72,-100,-93,-59,-42
-100,-29,71,64,-85,21,7,-65,-103,-98,-57,-46
-219,63,282,78,-250,172,115,15,-30,-91,-88,-66
-187,172,359,7,-273,265,231,255,285,205,98,16
255,420,164,-338,46,292,-178,-31,277,492,665,406
880,357,-523,-619,701,-83,-709,-398,181,788,1199,731
932,-139,-1071,-396,1000,-605,-736,-537,-182,328,705,487
503,-376,-879,-63,692,-628,-535,-699,-775,-599,-185,107
354,-258,-612,-48,483,-434,-419,-572,-670,-582,-253,36
208,-113,-321,-47,265,-217,-266,-330,-357,-318,-136,16
-8,-61,-53,35,23,-57,-63,-113,-141,-147,-93,-11
-47,-48,-1,48,-23,-25,-3,-34,-51,-63,-65,-22
-60,-41,19,50,-39,-11,9,-33,-64,-85,-81,-43
-63,-33,30,48,-46,-2,24,-15,-36,-51,-60,-39
-56,-25,31,40,-43,3,24,-15,-42,-62,-68,-41
-60,-21,39,40,-49,9,26,-2,-25,-41,-55,-40
-58,-18,40,38,-49,11,24,-2,-25,-41,-56,-40
-54,-16,38,35,-46,11,26,5,-19,-34,-55,-41
-63,-12,51,37,-56,19,24,9,-12,-30,-52,-37
-66,-10,55,37,-61,22,28,13,-9,-29,-50,-35
-58,-10,49,34,-54,20,30,20,-1,-22,-50,-35
-58,-11,47,34,-53,18,30,30,0,-21,-46,-31
-51,-9,42,30,-47,16,34,32,6,-15,-34,-30
-51,-11,39,31,-45,14,35,42,16,-5,-25,-30
-57,-24,33,40,-45,4,35,63,36,5,-15,-25
-48,-22,25,35,-36,1,39,82,62,15,-10,-20
-33,-13,20,23,-26,3,43,98,65,31,-6,-16
-20,-10,11,15,-15,0,46,98,78,52,-3,-11
-6,-2,5,4,-5,1,50,109,100,78,2,-7
4,1,-3,-3,3,-1,52,122,112,87,5,-2
21,10,-11,-15,16,0,56,146,137,98,10,0
36,18,-19,-27,27,-1,61,183,152,116,17,0
42,14,-28,-28,34,-6,72,206,176,132,25,0
48,15,-33,-32,40,-9,83,241,213,157,29,0
60,11,-49,-35,54,-18,87,266,236,167,21,-1
72,10,-63,-41,68,-26,100,283,243,172,11,-4
81,10,-71,-45,76,-30,101,307,245,171,4,-5
86,4,-82,-45,83,-39,91,306,240,161,-6,-5
92,-1,-93,-45,93,-47,86,290,241,154,-14,-5
91,-8,-99,-42,95,-53,79,275,233,146,-26,-5
78,-8,-87,-35,83,-47,72,234,195,138,-33,-3
76,-2,-78,-37,78,-40,62,178,155,113,-26,2
66,2,-64,-34,64,-30,54,135,120,83,-19,5
37,7,-30,-21,33,-12,48,96,90,63,-12,8
23,11,-12,-17,17,0,41,62,57,46,-6,13
19,16,-3,-17,10,6,34,34,28,34,-4,15
12,19,7,-16,2,13,27,25,21,22,-1,10
8,20,13,-14,-2,16,24,20,14,10,2,10
4,20,16,-12,-6,18,26,15,8,1,5,10
-1,20,21,-10,-11,21,24,14,1,0,5,10
-5,20,25,-8,-15,22,26,10,-5,0,5,11
-11,20,31,-5,-21,25,24,8,0,0,5,7
-18,20,38,-1,-28,29,27,4,3,1,5,5
-21,20,41,0,-31,30,40,7,6,-1,5,5
-24,20,44,2,-34,31,40,13,10,11,5,2
-27,20,48,3,-37,34,41,16,15,23,9,-1
-31,19,51,6,-41,35,38,21,13,18,10,1
-39,16,55,11,-47,35,47,25,9,16,10,4
-42,13,55,14,-49,34,60,18,10,13,10,5
-45,11,55,16,-50,32,53,11,6,10,10,5
-48,7,55,20,-51,31,49,4,5,9,9,5
-51,5,55,23,-54,30,43,-4,5,3,3,5
-45,7,53,19,-49,30,37,-11,-2,-4,-4,3
-38,11,49,14,-44,30,33,-18,-9,-11,-11,-2
-36,14,50,11,-44,32,27,-20,-16,-18,-18,-5
-31,15,46,7,-39,31,23,-23,-24,-24,-23,-8
-30,15,45,7,-38,30,19,-26,-31,-29,-29,-13
-30,15,45,7,-38,30,14,-25,-35,-30,-36,-16
-25,15,40,5,-33,27,10,-25,-35,-30,-42,-19
-28,13,40,7,-34,26,10,-25,-35,-30,-45,-20
-29,9,39,10,-34,24,10,-25,-35,-31,-45,-20
-28,7,35,10,-32,21,10,-24,-35,-40,-47,-20
-31,4,35,13,-33,19,10,-29,-44,-43,-50,-20
-36,1,37,17,-37,19,10,-36,-51,-40,-50,-18
-45,-1,45,23,-45,22,8,-34,-49,-40,-47,-15
-54,-4,50,29,-51,22,4,-37,-53,-40,-45,-15
-55,-5,50,30,-52,22,5,-41,-55,-40,-45,-15
-55,-5,50,30,-52,22,5,-40,-55,-40,-45,-15
-55,-5,50,30,-52,22,5,-37,-51,-44,-45,-15
-55,-5,50,30,-52,22,5,-34,-50,-45,-45,-15
-55,-5,50,30,-52,22,0,-36,-50,-47,-45,-15
-57,-5,52,31,-54,23,0,-34,-50,-51,-45,-15
-61,-5,56,32,-58,25,-1,-35,-49,-48,-45,-15
-59,-5,55,31,-56,25,-5,-34,-52,-45,-45,-15
-55,0,55,27,-55,27,-5,-29,-62,-45,-45,-13
-47,8,55,19,-51,31,-3,-39,-58,-45,-41,-6
-42,13,55,14,-48,34,8,-36,-48,-45,-32,-2
-34,22,56,6,-45,38,17,-29,-45,-46,-26,4
-28,26,54,1,-42,40,29,-10,-25,-35,-20,10
-25,36,61,-6,-43,48,53,26,5,-11,-2,15
-11,56,66,-23,-39,61,52,20,5,-5,7,21
-4,53,57,-25,-31,54,16,15,6,1,4,31
-2,49,51,-24,-27,50,-30,-9,-12,-13,1,33
1,46,45,-24,-22,45,-51,-59,-56,-54,-2,27
5,41,36,-23,-16,38,-48,-74,-64,-68,-4,24
0,39,39,-19,-19,38,-52,-77,-67,-73,-5,18
-22,17,39,3,-31,28,-37,-68,-67,-67,4,15
-49,-1,48,24,-49,24,-9,-73,-73,-74,0,-4
-55,-14,41,34,-47,13,2,-66,-70,-82,-8,-31
-79,-24,56,51,-67,16,-2,-74,-78,-94,-13,-29
-97,-36,61,66,-79,13,4,-67,-74,-96,-25,-32
-98,-41,57,70,-78,8,5,-72,-77,-95,-25,-28
-104,-39,66,71,-85,14,5,-80,-88,-109,-42,-32
-76,-27,49,52,-62,10,11,-76,-64,-86,-32,-29
-185,53,238,66,-212,145,68,-73,-75,-123,-48,-26
-250,144,394,52,-322,269,233,203,180,74,42,-8
91,366,275,-229,-92,320,-12,71,291,369,464,272
773,422,-351,-597,561,36,-620,-353,236,714,1004,620
1085,-80,-1165,-503,1125,-622,-815,-511,15,568,792,464
683,-450,-1133,-116,908,-791,-631,-745,-666,-426,-86,43
409,-338,-746,-35,578,-542,-457,-671,-750,-665,-313,-57
311,-155,-466,-78,389,-310,-326,-391,-406,-352,-141,-18
49,-81,-129,16,89,-105,-107,-158,-182,-202,-84,-34
-66,-64,3,65,-34,-30,23,-35,-48,-85,-31,-31
-80,-51,29,66,-54,-11,17,-34,-56,-102,-40,-47
-98,-50,48,74,-73,-1,40,-6,-25,-73,-21,-45
-97,-50,47,74,-72,-1,46,-6,-25,-78,-27,-41
-105,-50,56,77,-81,3,50,7,-15,-71,-25,-40
-102,-50,52,76,-77,1,50,10,-8,-66,-24,-34
-100,-50,50,75,-75,0,44,13,-8,-67,-27,-36
-96,-49,47,72,-71,-1,46,20,2,-58,-21,-39
-84,-40,44,62,-64,1,42,22,1,-59,-20,-41
-71,-29,41,50,-56,6,41,28,10,-41,-14,-39
-60,-22,39,41,-50,9,38,34,10,-33,-13,-40
-54,-19,35,36,-44,8,45,40,17,-23,-7,-40
-44,-16,28,30,-36,6,54,51,37,-16,-5,-38
-37,-13,24,25,-30,5,57,55,39,-5,1,-34
-29,-11,19,20,-24,4,59,66,46,7,6,-32
-19,-9,10,13,-14,0,63,94,67,24,11,-29
-23,-3,21,13,-22,9,65,102,85,43,17,-26
-26,5,31,10,-29,17,66,118,108,62,23,-24
-13,11,24,1,-19,17,64,129,116,78,23,-21
0,18,17,-9,-9,17,67,145,133,86,16,-20
11,24,13,-18,-1,18,68,182,164,109,32,-20
16,22,6,-19,5,14,75,215,188,132,47,-20
25,16,-9,-20,17,3,97,245,206,152,37,-20
31,12,-19,-21,25,-4,101,266,226,167,28,-23
52,7,-45,-30,48,-18,99,290,243,170,17,-25
63,3,-61,-33,61,-29,100,308,245,171,9,-25
67,-2,-69,-33,68,-35,92,307,247,165,4,-28
80,-9,-89,-36,85,-49,88,299,239,157,-3,-31
76,-18,-94,-29,85,-55,81,292,225,151,-6,-29
83,-17,-100,-33,92,-58,77,259,217,143,-17,-25
77,-15,-91,-31,85,-53,68,208,191,115,-32,-17
57,-15,-72,-21,65,-43,47,161,140,82,-29,-11
35,-10,-46,-12,41,-28,37,109,94,54,-25,-4
7,-10,-17,2,12,-13,33,63,58,37,-22,3
-7,-9,-2,8,-3,-5,27,34,28,27,-17,3
-16,-4,12,10,-13,3,21,26,19,14,-15,-1
-31,-6,25,18,-27,10,16,22,16,6,-19,1
-40,-2,37,21,-38,17,18,15,12,-6,-20,-4
-40,0,41,20,-40,20,21,10,8,-13,-20,-5
-40,0,40,20,-40,20,19,5,5,-10,-21,-5
-37,4,40,16,-39,22,21,5,1,-11,-17,-10
-34,5,40,15,-37,22,19,5,0,-8,-14,-15
-36,5,41,15,-39,22,21,5,0,-5,-15,-20
-39,5,44,17,-42,24,37,5,0,-5,-15,-23
-41,5,47,18,-45,26,41,5,0,-1,-15,-29
-46,4,50,21,-48,26,39,3,-1,0,-15,-28
-53,0,53,26,-53,26,37,-1,-6,0,-10,-22
-55,0,55,27,-55,27,34,1,-11,0,-10,-18
-57,0,57,28,-57,29,35,-4,-15,0,-10,-14
-61,0,60,30,-60,30,31,-5,-20,-1,-11,-9
-63,0,63,31,-63,31,28,-5,-24,-5,-9,-5
-66,0,66,32,-66,32,25,-13,-29,-8,-14,-14
-69,0,70,35,-69,35,22,-17,-30,-10,-31,-28
-70,0,70,35,-70,35,20,-9,-32,-14,-36,-32
-65,0,65,32,-65,32,18,0,-35,-14,-38,-30
-59,1,60,29,-60,30,15,-24,-35,-23,-41,-27
-57,-2,55,29,-56,27,12,-47,-36,-38,-44,-24
-56,-5,51,30,-53,23,9,-44,-34,-36,-46,-21
-54,-8,46,31,-50,19,6,-47,-47,-32,-46,-20
-52,-10,42,31,-47,16,4,-50,-57,-30,-52,-25
-53,-14,40,34,-46,13,0,-51,-51,-26,-54,-25
-56,-15,40,36,-47,12,-9,-47,-50,-26,-51,-26
-51,-15,36,32,-43,11,-8,-45,-46,-28,-50,-31
-61,-27,34,44,-47,3,-4,-45,-45,-38,-50,-30
-67,-31,36,49,-52,2,-5,-42,-49,-51,-50,-29
-54,-26,28,40,-41,1,-1,-39,-57,-50,-50,-22
-64,-25,40,45,-52,7,0,-42,-59,-48,-53,-22
-78,-20,57,48,-68,18,1,-54,-55,-46,-55,-30
-73,-20,53,46,-63,16,4,-56,-50,-44,-55,-30
-65,-14,50,40,-57,18,7,-54,-48,-52,-55,-29
-55,-7,48,31,-51,20,9,-51,-43,-54,-55,-26
-45,-1,43,22,-44,21,13,-50,-39,-46,-55,-25
-43,6,49,18,-47,27,14,-49,-49,-44,-48,-24
-48,12,60,18,-54,36,19,-35,-46,-35,-37,-19
-42,19,60,12,-51,39,36,-21,-36,-33,-28,-15
-35,26,61,5,-48,43,33,-8,-16,-18,-18,-11
-16,50,66,-17,-41,58,18,9,16,6,-7,-3
8,69,62,-39,-27,65,9,15,33,-5,0,16
11,64,54,-38,-22,59,-5,-6,16,-17,11,30
16,64,48,-40,-16,55,-19,-65,-40,-45,12,27
17,58,41,-38,-12,49,-39,-91,-52,-62,3,18
13,57,44,-36,-16,51,-48,-79,-49,-61,-6,10
-4,46,50,-21,-27,47,-27,-74,-52,-69,-15,3
-45,4,49,20,-47,26,-17,-66,-48,-66,-23,-11
-71,-18,53,44,-61,17,-14,-68,-74,-88,-51,-33
-70,-24,46,47,-58,11,-4,-57,-71,-86,-63,-41
-71,-16,55,43,-63,19,-4,-63,-81,-96,-70,-39
-62,-18,45,40,-53,13,8,-48,-68,-87,-62,-41
-72,-9,64,40,-68,28,9,-63,-82,-102,-78,-49
-65,-10,55,37,-59,22,24,-48,-68,-90,-91,-56
-77,-3,75,40,-76,36,25,-50,-58,-91,-77,-38
-211,38,250,86,-231,144,146,59,25,-60,-101,-69
-182,157,339,12,-261,248,269,335,365,275,101,1
279,408,130,-344,74,269,-138,45,344,544,686,422
877,303,-574,-589,725,-135,-672,-400,136,715,1210,789
847,-112,-959,-367,903,-535,-697,-578,-279,193,652,544
423,-280,-703,-71,563,-492,-462,-687,-794,-648,-262,96
287,-208,-495,-40,391,-351,-354,-560,-685,-609,-327,4
140,-88,-228,-26,184,-157,-226,-308,-369,-328,-209,5
-3,-37,-35,20,16,-36,-35,-76,-133,-130,-140,-35
-24,-21,3,22,-14,-8,7,-23,-54,-56,-110,-48
-58,-19,39,38,-49,10,20,-20,-52,-61,-120,-62
-63,-22,42,42,-52,10,40,-3,-31,-37,-92,-58
-71,-18,53,45,-62,17,31,-9,-40,-51,-98,-61
-70,-22,49,46,-60,14,33,6,-23,-34,-79,-57
-67,-17,50,42,-58,16,27,4,-25,-39,-78,-55
-62,-12,51,37,-56,19,26,15,-16,-31,-68,-56
-55,-6,49,31,-52,21,23,17,-11,-24,-62,-51
-52,-1,51,26,-51,25,20,17,-7,-18,-57,-50
-44,5,49,19,-47,27,21,13,0,-9,-48,-50
-39,9,49,15,-44,29,17,21,4,-2,-45,-50
-39,4,43,17,-41,23,15,42,10,13,-37,-50
-46,-6,40,26,-43,17,14,46,21,21,-31,-49
-45,-8,37,26,-40,14,23,50,41,30,-24,-43
-35,-2,32,18,-33,15,35,56,51,39,-18,-36
-28,2,30,13,-29,16,35,69,61,49,-12,-30
-18,7,25,5,-22,16,35,76,64,65,-6,-22
-7,11,19,-2,-13,15,36,87,76,81,0,-16
1,15,14,-9,-7,14,34,116,107,112,5,-15
24,31,8,-28,8,19,37,138,123,126,10,-15
34,36,2,-35,15,19,44,169,150,138,17,-15
30,27,-3,-28,16,11,54,198,179,164,19,-15
41,22,-20,-31,30,1,77,217,196,180,13,-15
43,14,-29,-28,36,-8,81,238,212,188,6,-16
47,8,-39,-27,43,-15,80,264,225,192,-1,-21
65,2,-63,-33,64,-30,85,275,235,191,-8,-25
72,0,-72,-35,72,-36,85,272,228,182,-14,-22
81,0,-81,-40,81,-40,84,272,220,176,-12,-17
90,-4,-94,-43,92,-48,73,252,208,168,-6,-14
85,-5,-91,-40,89,-48,61,209,169,143,-1,-11
70,-5,-74,-32,72,-39,50,156,138,113,2,-6
50,2,-49,-26,49,-23,41,110,114,92,8,-6
36,9,-27,-23,31,-9,38,78,76,59,9,-10
27,16,-11,-22,19,2,34,49,52,34,5,-9
12,18,7,-15,2,12,31,31,37,28,5,-12
-3,13,16,-6,-9,14,26,24,22,20,5,-15
-9,10,19,0,-14,15,25,17,18,15,5,-15
-17,7,24,5,-21,15,26,11,15,15,6,-15
-21,2,23,9,-22,13,23,4,11,15,1,-15
-20,-1,19,11,-19,9,38,1,7,15,0,-15
-25,-4,21,14,-22,8,39,5,5,15,-5,-15
-40,-7,33,23,-36,13,42,8,10,15,-6,-15
-44,-9,35,26,-40,13,38,12,15,12,-10,-14
-49,-13,36,31,-42,11,40,15,18,6,-10,-10
-55,-14,41,34,-47,13,41,11,25,1,-1,-10
-56,-16,40,36,-48,11,30,10,22,-2,-1,-10
-53,-14,40,34,-46,13,37,10,21,-8,14,-10
-56,-16,40,36,-48,12,10,5,15,-9,5,-10
-54,-15,39,34,-46,12,37,4,16,-5,44,-14
-55,-14,41,35,-48,13,-13,6,9,0,59,-24
-65,-17,47,41,-55,15,50,18,14,-6,-5,-28
-12,35,47,-12,-30,41,7,33,128,-19,0,-25
41,84,44,-63,-2,64,-184,17,198,-28,2,-22
96,137,41,-116,27,89,-7,-2,191,-42,-2,-20
119,157,38,-138,40,97,15,1,217,-44,2,-17
155,190,35,-173,60,112,-17,0,200,-47,-2,-15
128,163,35,-146,46,99,16,0,229,-46,2,-12
-49,-13,35,30,-42,11,-15,0,211,-53,-1,-10
-96,-61,35,78,-65,-13,13,0,239,-46,1,-7
-57,-22,35,39,-46,6,-12,0,217,-10,-1,-4
