I,II,III,aVR,aVL,aVF,V1,V2,V3,V4,V5,V6
69,46,-24,-57,47,11,-187,-658,-1010,-425,422,462
-55,-89,-34,72,-10,-61,-209,-620,-1010,-536,208,227
-49,-140,-91,95,21,-115,-152,-294,-677,-328,158,77
-25,-64,-40,45,8,-52,-29,0,-370,-65,282,145
-37,-68,-31,52,-3,-49,20,88,-286,6,317,144
5,-61,-66,28,35,-63,54,119,-255,41,322,155
-5,-59,-54,32,25,-56,47,123,-237,26,318,142
-30,-56,-26,43,-1,-41,70,172,-220,75,352,164
-1,-56,-56,29,28,-56,85,183,-214,99,370,188
-34,-67,-33,50,0,-50,59,170,-209,78,355,172
-69,-49,20,59,-44,-14,53,167,-202,74,351,173
-12,-58,-46,35,18,-52,49,143,-199,55,339,159
-7,-53,-46,30,20,-50,48,165,-189,80,336,159
-1,-43,-42,22,21,-42,45,156,-181,80,312,141
42,-39,-81,-1,62,-60,44,182,-173,114,342,166
25,-26,-51,1,39,-38,37,218,-158,134,363,194
35,-11,-45,-12,40,-28,27,200,-131,133,371,176
89,26,-62,-57,75,-17,22,203,-106,178,413,193
82,53,-28,-67,55,12,16,212,-68,221,461,225
72,75,3,-74,34,39,13,245,-15,278,523,268
126,125,-1,-126,64,62,8,263,22,317,557,313
133,151,18,-142,57,84,-25,251,19,331,567,344
147,157,10,-152,68,83,-47,237,6,316,556,357
117,164,46,-140,35,105,-34,218,-18,306,551,352
76,135,59,-106,8,97,-29,197,-60,281,516,334
70,103,33,-87,18,67,-19,170,-80,230,442,289
21,57,36,-39,-8,46,-10,159,-114,191,376,237
-5,30,36,-13,-21,32,-2,182,-135,157,341,197
-24,38,63,-7,-44,50,38,189,-146,128,308,170
-3,9,12,-3,-7,10,55,154,-177,99,266,159
46,-9,-55,-18,51,-32,42,126,-194,80,268,152
5,-18,-24,7,15,-21,38,121,-206,73,265,143
-32,-11,21,21,-26,5,29,117,-203,66,256,134
-3,-8,-5,6,1,-7,22,112,-198,58,251,125
-36,-40,-4,38,-16,-21,24,109,-198,50,245,116
-32,-40,-8,36,-12,-24,25,103,-193,46,236,109
-30,-39,-9,34,-10,-24,27,118,-192,55,235,106
-22,-36,-14,29,-4,-25,30,125,-189,67,248,99
6,-34,-41,15,24,-37,30,113,-189,62,232,98
-33,-35,-2,34,-15,-18,35,105,-208,54,221,90
-36,-24,12,30,-24,-6,33,100,-217,48,214,92
-26,-17,9,21,-17,-4,51,125,-214,40,200,119
19,4,-15,-11,17,-5,69,142,-216,46,197,131
40,15,-26,-27,33,-6,62,131,-194,51,188,124
-22,25,47,-2,-34,35,63,125,-158,68,201,116
-38,55,92,-9,-65,73,57,156,-126,113,253,165
-15,93,109,-39,-62,101,71,172,-119,125,270,197
-38,123,160,-43,-99,141,80,154,-128,116,261,177
21,105,84,-63,-32,95,36,139,-135,113,257,172
37,60,23,-49,7,41,18,116,-141,92,243,158
1,33,33,-17,-16,33,17,83,-168,50,217,142
15,8,-7,-11,11,0,2,67,-194,34,198,131
11,-27,-38,8,24,-32,23,87,-178,31,185,101
-34,-65,-31,50,-1,-48,31,90,-182,6,159,79
-67,-73,-6,70,-30,-39,49,87,-204,26,171,101
26,-63,-89,18,58,-76,73,82,-201,19,158,90
16,-106,-122,45,70,-114,69,83,-194,-17,108,59
-14,-115,-100,64,43,-107,68,78,-191,-1,110,70
13,-104,-117,45,66,-110,64,69,-181,-3,93,47
3,-101,-104,49,54,-103,65,65,-180,12,91,46
-10,-95,-84,53,37,-89,93,153,-108,25,73,24
37,-80,-118,22,78,-98,107,321,104,251,262,135
374,151,-223,-262,298,-35,-102,181,276,801,907,676
489,315,-174,-402,331,71,-251,-250,-115,565,964,881
82,57,-24,-69,53,17,-198,-654,-854,-393,209,392
-97,-143,-47,120,-25,-95,-208,-607,-878,-554,-132,37
-37,-96,-59,67,11,-77,-102,-217,-458,-217,-22,36
-43,-75,-32,60,-5,-54,-5,-32,-268,-88,68,69
-17,-72,-55,45,19,-64,9,36,-201,-22,103,62
-32,-69,-36,51,2,-52,52,74,-191,-6,117,76
-46,-70,-25,58,-10,-48,53,88,-178,-5,132,87
-39,-61,-23,50,-8,-42,57,116,-162,1,116,83
-12,-59,-47,35,18,-52,54,109,-151,19,108,86
-22,-52,-30,37,4,-40,56,106,-141,43,96,84
-28,-47,-19,37,-4,-33,44,101,-138,45,83,89
30,-41,-71,6,50,-56,19,97,-133,45,84,91
17,-36,-53,9,35,-44,21,92,-124,45,102,89
38,-29,-68,-4,53,-48,25,91,-125,46,113,96
18,-22,-40,2,29,-30,30,101,-103,74,121,92
-4,-17,-13,11,5,-15,25,122,-77,105,164,105
94,-6,-100,-44,97,-53,16,145,-71,126,190,123
81,9,-72,-45,76,-31,7,147,-24,167,216,139
85,37,-48,-61,67,-6,-1,169,23,219,267,182
95,68,-26,-82,60,21,-24,194,55,267,324,229
101,115,14,-108,43,64,-36,188,77,302,372,272
152,149,-3,-151,78,73,-47,173,92,308,372,292
108,141,33,-125,37,87,-61,159,91,298,365,299
112,127,16,-120,48,71,-39,144,72,281,361,298
103,107,4,-105,49,55,-23,132,40,246,309,266
50,92,43,-71,3,68,-17,120,9,186,227,214
16,56,40,-37,-12,48,-3,108,-24,136,168,170
7,10,4,-9,1,7,9,98,-73,103,137,131
-2,-5,-2,4,0,-3,17,87,-74,64,113,90
-21,-6,15,13,-17,4,43,108,-70,62,93,90
29,-1,-30,-14,30,-15,54,106,-92,62,83,79
33,1,-33,-17,33,-16,35,77,-112,48,75,55
-5,-18,-12,12,4,-15,25,74,-123,36,65,55
-48,-32,16,40,-32,-8,22,65,-116,32,60,54
-80,-29,50,54,-65,10,10,58,-139,19,55,47
-76,-30,46,53,-61,8,19,51,-153,25,52,55
-49,-26,23,37,-35,-2,42,46,-144,49,47,78
-5,-25,-21,15,9,-23,38,53,-146,18,39,67
-26,-24,2,25,-14,-10,22,58,-139,2,32,50
-65,-22,43,43,-54,11,22,64,-141,6,21,30
-33,-1,33,17,-33,16,57,66,-134,26,18,53
26,12,-13,-19,19,0,61,69,-128,40,-2,86
-31,-9,22,20,-27,7,43,70,-121,27,3,76
-59,-5,54,32,-56,24,41,54,-115,22,27,82
-2,14,16,-7,-9,15,41,71,-102,33,33,78
-18,53,72,-18,-45,62,57,106,-57,80,66,91
14,96,82,-55,-35,89,72,106,-53,103,84,110
-13,93,107,-40,-60,100,64,99,-57,92,81,105
-27,68,96,-21,-62,81,37,87,-72,81,77,99
6,29,23,-18,-9,26,29,68,-103,68,72,94
-51,-2,49,26,-50,23,31,47,-112,47,68,87
0,4,4,-2,-2,4,29,42,-123,30,40,60
-41,-47,-6,44,-17,-27,31,47,-131,20,13,33
-48,-80,-32,64,-8,-56,29,43,-151,7,8,26
1,-68,-70,34,36,-68,34,53,-146,-4,-4,16
-44,-109,-65,77,11,-87,35,46,-145,-18,-7,1
0,-118,-118,59,60,-118,40,53,-137,-25,13,24
-11,-113,-102,63,46,-108,41,32,-139,-27,-4,17
-29,-116,-87,72,30,-101,45,22,-135,-23,-19,-3
-18,-116,-98,67,40,-106,46,41,-126,-28,-15,7
-35,-109,-74,72,20,-91,77,111,-82,-20,-64,-55
41,-60,-101,9,71,-80,99,261,120,217,132,64
379,151,-228,-265,303,-38,-116,132,298,747,760,587
473,297,-177,-385,325,60,-261,-280,-52,556,861,820
22,56,35,-39,-7,46,-185,-681,-782,-386,128,354
-156,-139,17,147,-86,-61,-187,-642,-829,-577,-236,-34
-65,-107,-42,86,-11,-74,-113,-264,-414,-257,-94,-42
-62,-82,-20,72,-21,-51,-10,-72,-241,-101,-19,-23
-24,-73,-49,49,13,-61,10,12,-156,-28,1,-23
-12,-73,-62,43,25,-67,30,33,-140,-33,3,-16
-6,-68,-62,37,28,-65,18,23,-131,-16,7,-10
7,-61,-68,27,38,-64,41,46,-118,-7,19,-1
-4,-61,-57,33,26,-58,63,62,-113,1,15,1
-36,-51,-15,44,-10,-33,65,59,-101,15,27,23
-28,-53,-25,40,-1,-39,52,61,-95,37,40,29
-18,-52,-34,35,8,-43,22,58,-85,41,18,0
-13,-55,-42,35,15,-48,31,64,-80,40,5,4
4,-55,-59,26,32,-57,26,82,-72,36,19,14
-4,-35,-30,20,14,-32,21,75,-57,48,50,21
14,-51,-65,18,40,-57,18,86,-13,78,75,31
26,-46,-73,10,50,-59,12,88,7,98,93,41
30,-16,-46,-7,38,-31,9,105,11,140,138,77
47,17,-31,-32,39,-7,-25,144,56,185,199,121
123,80,-43,-101,83,19,-47,150,102,239,245,162
151,103,-48,-127,99,27,-33,150,118,272,276,196
93,119,25,-106,34,72,-25,159,126,297,306,223
136,131,-5,-133,70,63,-44,150,125,286,291,235
121,123,2,-122,59,62,-48,134,98,253,268,241
58,113,55,-86,2,84,-25,113,67,216,227,218
61,73,13,-68,24,43,-10,92,41,158,147,158
12,28,16,-21,-2,22,-1,77,10,110,96,109
13,3,-10,-8,12,-4,5,56,-29,52,38,57
-29,-9,19,19,-24,5,8,76,-43,49,25,19
-52,-27,25,39,-38,-1,25,75,-50,31,8,15
2,-25,-27,12,15,-25,14,54,-65,13,-12,13
-54,-30,24,42,-39,-3,20,60,-65,26,12,10
-9,-51,-43,30,17,-47,46,49,-65,11,-2,3
22,-49,-72,14,47,-60,35,47,-65,6,-7,2
-3,-50,-46,27,22,-48,29,40,-65,-2,-19,-7
-10,-46,-36,28,14,-41,21,34,-66,-12,-26,-10
-86,-45,41,65,-63,-2,13,51,-72,-22,-33,5
-22,-45,-23,33,1,-34,13,51,-79,-35,-65,-23
-30,-38,-8,34,-11,-23,28,48,-77,-26,-64,-31
-60,-35,26,47,-43,-4,35,36,-71,-24,-65,-23
-35,-28,7,32,-21,-10,38,43,-67,-16,-46,-9
-45,-27,19,36,-32,-4,65,47,-62,4,-54,17
19,-18,-37,0,28,-27,37,32,-58,-23,-85,-14
-37,-19,17,28,-27,-1,17,58,-52,-15,-65,-12
-51,-14,37,32,-44,12,48,58,-33,14,-54,17
-6,28,34,-12,-20,31,55,74,-11,19,-29,29
-51,63,114,-7,-83,89,55,105,5,40,4,48
-8,98,106,-45,-57,102,57,94,5,37,8,42
-32,105,137,-37,-85,120,54,85,6,14,23,36
-62,67,130,-3,-96,98,57,49,-8,30,32,28
17,35,18,-26,-1,27,31,25,-51,42,13,20
6,9,4,-8,1,6,10,25,-78,3,-7,14
-25,-27,-2,26,-11,-15,23,25,-89,-16,-41,-11
-55,-69,-14,62,-20,-41,39,20,-96,-31,-59,-22
-16,-90,-74,53,29,-81,51,20,-101,-64,-60,-45
-48,-95,-46,72,-1,-70,46,20,-122,-76,-79,-67
-67,-95,-28,81,-19,-62,47,3,-119,-66,-84,-68
-39,-95,-56,67,9,-75,54,18,-113,-63,-80,-68
-75,-95,-20,85,-27,-58,52,29,-118,-70,-79,-72
-3,-91,-88,47,43,-89,61,17,-112,-66,-84,-74
-36,-78,-43,57,4,-60,63,19,-105,-67,-123,-82
-45,-73,-28,59,-8,-50,105,183,46,14,-119,-101
161,24,-137,-93,149,-56,14,241,285,439,332,230
459,244,-216,-352,337,14,-233,-69,246,748,865,729
281,221,-61,-251,171,80,-251,-501,-383,61,471,593
-112,-57,55,84,-84,-1,-196,-751,-887,-649,-214,74
-122,-154,-32,138,-45,-93,-169,-491,-603,-468,-281,-121
-101,-96,6,98,-53,-45,-56,-146,-259,-204,-144,-84
-43,-68,-25,55,-9,-46,-13,-43,-124,-90,-89,-69
-33,-67,-34,50,1,-51,23,28,-57,-36,-75,-63
-23,-60,-37,42,7,-48,57,50,-72,-66,-78,-58
7,-56,-62,25,35,-59,44,48,-58,-59,-69,-52
-19,-91,-72,55,27,-81,40,43,-51,-48,-69,-47
-19,-94,-75,57,28,-84,33,40,-44,-37,-63,-40
-49,-77,-28,63,-10,-52,27,34,-44,-31,-58,-35
-23,-75,-52,49,14,-63,23,47,-46,-21,-70,-59
3,-65,-68,31,36,-66,17,73,-37,-15,-80,-68
-13,-63,-49,38,18,-55,15,77,-18,-5,-67,-51
3,-55,-58,26,30,-56,8,82,-5,10,-66,-49
7,-49,-56,21,32,-53,-11,83,14,39,-45,-47
-14,-42,-28,28,8,-35,-17,89,52,60,4,-17
40,-4,-45,-18,43,-24,-14,115,72,67,30,19
78,27,-51,-52,64,-12,-10,126,93,123,73,39
59,53,-6,-56,32,23,-6,128,141,170,124,73
62,92,30,-77,16,60,-30,141,173,220,182,136
92,119,27,-105,32,72,-54,130,178,250,214,156
121,147,26,-134,47,86,-51,143,187,254,212,192
173,151,-22,-161,97,65,-44,135,185,246,200,199
125,133,8,-129,58,70,-39,95,168,203,158,157
41,124,83,-83,-21,103,-30,100,143,172,122,150
61,95,35,-78,13,65,-20,69,80,110,58,86
8,45,37,-27,-15,41,-10,48,32,52,-9,21
-21,10,31,6,-26,20,-1,51,31,31,-51,3
-28,-20,8,24,-18,-6,1,40,12,-8,-76,-14
-49,-23,26,36,-37,2,5,38,-8,-33,-83,-28
-8,-14,-6,11,-1,-10,8,30,-12,-36,-82,-45
-15,-40,-25,28,5,-32,13,26,-16,-43,-81,-63
-60,-47,13,54,-36,-17,31,37,-15,-46,-79,-71
-87,-44,43,65,-64,0,36,41,-14,-49,-83,-73
-62,-46,17,54,-39,-14,34,36,-16,-53,-110,-75
-40,-45,-5,43,-17,-25,35,35,-3,-54,-117,-69
-89,-45,44,67,-66,0,35,30,-2,-61,-116,-62
-88,-42,46,65,-66,2,35,31,-22,-63,-121,-56
-45,-32,13,38,-29,-9,31,22,-13,-68,-120,-50
-45,-35,10,40,-28,-12,29,30,-7,-75,-126,-40
-99,-57,42,78,-70,-8,26,42,3,-62,-128,-51
-85,-47,39,66,-62,-4,24,39,7,-68,-131,-58
7,-35,-42,14,25,-39,20,40,-16,-61,-137,-44
25,-21,-47,-2,36,-34,21,39,-10,-35,-123,-36
13,-4,-17,-5,15,-10,33,47,13,-23,-93,-25
6,39,33,-23,-14,36,49,67,51,-6,-65,-18
13,97,84,-55,-35,90,58,98,96,1,-51,-11
6,103,96,-55,-45,99,53,101,103,23,-34,-4
2,95,93,-49,-46,94,46,82,90,34,-32,7
-14,55,69,-21,-41,62,38,59,62,9,-50,-2
-36,4,39,15,-37,21,29,27,19,-29,-51,-24
3,-14,-17,5,10,-15,12,11,-7,-53,-64,-44
-4,-50,-46,27,21,-48,26,21,-20,-48,-78,-69
-8,-81,-74,45,33,-78,47,27,-29,-69,-103,-63
-18,-74,-56,46,19,-65,39,8,-19,-82,-127,-80
-42,-73,-31,58,-5,-52,35,-13,-15,-82,-118,-93
21,-63,-84,21,53,-73,29,-9,1,-73,-104,-73
19,-72,-91,26,56,-81,24,-5,0,-78,-118,-88
-39,-105,-66,72,14,-85,19,12,-5,-104,-163,-131
-35,-106,-71,71,19,-88,29,8,-18,-100,-162,-129
-66,-112,-45,89,-10,-78,60,63,18,-89,-172,-137
-2,-87,-85,44,41,-86,68,231,207,81,-54,-83
319,119,-200,-218,259,-41,-91,141,416,606,549,403
467,322,-145,-394,306,88,-256,-233,174,597,814,757
149,135,-14,-142,81,60,-220,-668,-583,-339,124,354
-161,-110,51,135,-106,-30,-181,-731,-789,-699,-353,-90
-121,-98,23,109,-72,-37,-127,-348,-366,-364,-245,-132
-68,-73,-6,71,-30,-39,-39,-106,-126,-196,-151,-105
-58,-57,1,57,-29,-28,3,-28,-44,-133,-118,-119
3,-52,-55,25,29,-53,24,-10,-16,-111,-108,-108
0,-66,-65,33,33,-65,22,-10,-8,-93,-105,-102
3,-49,-52,23,28,-50,20,1,4,-83,-98,-90
-10,-57,-47,34,19,-52,20,0,29,-74,-97,-91
-27,-71,-44,49,8,-57,20,34,37,-68,-88,-113
-75,-71,4,73,-39,-33,20,45,27,-63,-89,-107
-66,-73,-7,70,-29,-40,20,44,28,-57,-69,-85
-18,-79,-60,49,22,-70,11,15,16,-52,-66,-87
-37,-57,-20,47,-8,-39,-1,36,57,-33,-93,-116
11,-30,-41,9,26,-35,-13,68,87,-25,-71,-106
48,-15,-63,-16,55,-38,-15,46,74,-10,-48,-88
21,-3,-24,-9,22,-14,13,76,120,36,-13,-58
22,3,-18,-13,20,-8,9,104,160,87,43,-12
102,38,-64,-70,83,-13,-15,100,165,113,74,-3
69,77,9,-73,30,43,-25,119,212,167,138,58
58,101,44,-80,7,72,-45,126,240,203,171,110
137,135,-2,-136,69,66,-42,116,243,212,179,121
118,176,57,-147,30,116,-35,124,257,236,205,161
132,165,33,-149,50,98,-33,105,229,207,179,148
86,129,42,-107,22,85,-27,68,188,168,132,124
56,104,48,-80,3,76,-24,50,158,126,50,82
10,54,45,-32,-18,49,-16,41,137,64,-3,36
-11,27,38,-8,-25,32,-9,38,118,24,-37,-4
30,18,-12,-24,21,3,-3,33,98,5,-105,-71
-50,-11,39,30,-44,14,7,29,89,-13,-121,-78
2,3,2,-2,0,3,17,25,82,-37,-117,-83
11,8,-4,-9,7,2,16,20,76,-64,-115,-84
-23,-29,-7,26,-8,-18,13,21,70,-72,-109,-85
1,-32,-33,16,17,-32,24,19,71,-65,-104,-109
-29,-31,-2,30,-13,-17,30,15,68,-65,-125,-102
22,-26,-48,2,35,-37,27,16,66,-59,-155,-108
21,-23,-44,1,33,-33,16,11,63,-63,-157,-127
-45,-21,24,33,-35,2,21,-2,68,-65,-146,-132
-33,-12,20,23,-26,4,24,-19,88,-79,-156,-127
-19,-27,-8,23,-5,-17,28,5,91,-96,-178,-116
-64,-30,34,47,-49,1,57,32,89,-86,-169,-88
-93,-47,45,70,-69,-1,61,23,90,-84,-168,-84
-60,-55,5,57,-32,-25,53,12,91,-75,-163,-105
-13,-22,-9,18,-2,-15,53,3,86,-73,-161,-92
-44,4,48,20,-46,26,47,11,102,-58,-149,-80
-25,30,55,-3,-40,42,44,31,131,-39,-122,-78
-2,74,76,-36,-39,75,63,58,164,-40,-114,-70
-9,114,123,-53,-67,118,67,55,180,-20,-113,-70
21,122,101,-72,-40,112,60,39,165,-12,-110,-70
-1,88,88,-44,-45,88,38,15,160,-27,-105,-63
11,47,36,-29,-13,42,11,3,142,-35,-107,-69
18,38,20,-28,-1,29,24,3,122,-51,-89,-55
1,18,17,-10,-8,18,10,-30,124,-83,-105,-70
-16,-28,-12,22,-2,-20,13,-42,118,-93,-141,-103
-62,-70,-8,67,-27,-39,40,-40,108,-101,-157,-119
-49,-83,-35,66,-7,-59,37,-36,109,-120,-181,-144
-21,-77,-57,49,18,-67,27,-38,89,-122,-182,-147
-80,-85,-6,82,-37,-45,25,-29,102,-117,-175,-149
-98,-84,14,91,-56,-35,13,-48,125,-117,-199,-152
-48,-85,-38,67,-5,-61,13,-45,138,-113,-198,-157
-40,-86,-46,63,4,-66,35,-39,119,-111,-188,-147
-44,-75,-30,59,-7,-52,86,73,168,-94,-237,-196
72,-15,-87,-28,80,-51,67,220,410,225,55,-6
406,221,-185,-313,295,18,-169,4,530,709,706,571
415,315,-100,-365,257,107,-257,-422,42,307,612,660
-14,51,65,-19,-40,58,-209,-788,-639,-592,-166,134
-98,-93,5,95,-51,-44,-207,-651,-537,-620,-389,-183
-48,-56,-8,52,-20,-32,-94,-254,-129,-290,-251,-182
-82,-62,20,72,-51,-21,-28,-109,14,-184,-204,-162
-19,-60,-41,40,11,-50,-18,-49,89,-111,-159,-168
-61,-60,1,61,-31,-29,19,-49,119,-105,-184,-162
-4,-60,-56,33,26,-58,39,-45,124,-94,-172,-150
-20,-57,-37,39,9,-47,36,-33,116,-85,-171,-147
-88,-44,44,66,-66,0,30,-24,163,-80,-185,-146
-13,-35,-21,24,4,-28,27,-6,175,-75,-175,-124
-71,-43,27,57,-49,-8,22,16,166,-72,-173,-109
-62,-38,24,50,-43,-7,15,38,178,-66,-159,-132
-9,-31,-21,20,6,-26,1,33,173,-62,-155,-134
-17,-24,-7,20,-5,-15,-11,36,175,-57,-135,-117
-19,-19,0,19,-9,-9,-18,33,198,-25,-103,-107
-12,-1,11,7,-11,5,-16,27,213,17,-83,-91
54,17,-37,-35,45,-10,-4,28,210,20,-56,-78
52,38,-14,-45,33,12,-14,57,251,72,-14,-56
58,69,11,-64,23,40,-36,78,300,125,23,-15
120,110,-9,-115,64,50,-23,88,326,153,69,36
115,156,41,-136,37,98,-39,104,355,203,125,91
114,175,61,-145,27,117,-61,84,367,217,141,118
111,175,64,-143,23,119,-12,96,377,233,151,137
63,157,95,-110,-16,126,4,103,361,205,126,131
67,136,68,-101,-1,102,-29,51,305,133,46,67
54,109,55,-82,-1,82,-20,24,278,83,-10,23
-2,74,75,-36,-39,74,1,18,254,33,-54,-10
-20,37,57,-9,-38,47,-1,6,238,-12,-108,-65
-48,18,66,15,-57,42,14,-8,232,-51,-153,-125
-22,16,38,3,-30,27,36,-1,215,-52,-161,-144
12,5,-6,-9,9,-1,24,-14,203,-62,-159,-138
-33,0,34,16,-34,17,9,-30,183,-73,-160,-145
-50,-8,42,29,-46,17,3,-21,183,-68,-160,-145
-56,-22,35,39,-45,6,-5,-21,199,-72,-160,-144
-35,-19,16,27,-25,-2,-1,-17,200,-67,-158,-141
-12,-7,5,10,-8,-1,5,-14,199,-90,-179,-139
-33,3,36,14,-35,19,10,-19,196,-104,-194,-141
-53,-18,34,35,-43,8,15,-37,195,-98,-187,-138
-80,-31,49,55,-64,9,22,-42,194,-102,-188,-140
-74,-19,56,46,-65,18,24,-38,189,-99,-183,-133
-58,-13,45,35,-51,16,19,-42,190,-101,-187,-133
-57,-3,54,29,-55,26,20,-36,187,-111,-213,-128
-34,8,42,13,-38,25,20,-25,184,-103,-209,-114
-31,17,47,6,-39,32,21,-12,185,-88,-193,-136
-9,37,46,-15,-27,41,19,8,194,-61,-167,-119
27,94,67,-60,-20,80,35,30,235,-26,-128,-97
-23,110,133,-43,-79,121,60,43,265,-26,-125,-100
-31,106,138,-38,-85,122,57,40,265,-21,-120,-95
11,131,120,-72,-55,126,54,32,263,-20,-118,-92
14,102,88,-59,-37,95,19,6,240,-41,-113,-90
-12,64,76,-26,-44,70,-15,-37,218,-48,-98,-88
-22,27,48,-2,-35,37,-7,-47,207,-71,-126,-83
-7,-13,-6,10,0,-9,-15,-43,196,-104,-173,-129
-5,-30,-24,17,10,-27,-22,-51,183,-118,-191,-153
7,-47,-54,20,31,-50,-9,-48,177,-125,-182,-153
-8,-56,-48,32,21,-52,-14,-52,163,-129,-198,-160
-26,-71,-44,49,10,-57,2,-41,153,-127,-215,-161
-42,-77,-35,60,-3,-56,39,-37,180,-125,-210,-175
-24,-68,-44,46,10,-56,28,-29,194,-120,-200,-164
-24,-71,-47,47,12,-59,15,-20,169,-118,-205,-160
-86,-63,23,75,-54,-20,50,8,197,-117,-236,-182
-18,-53,-34,36,8,-43,98,175,359,5,-176,-162
257,88,-169,-172,212,-40,-63,138,578,483,366,252
471,329,-142,-400,306,94,-255,-210,445,642,782,703
211,227,16,-219,97,122,-228,-650,-289,-207,181,393
-131,-49,82,90,-106,16,-216,-794,-620,-736,-392,-99
-132,-86,45,109,-88,-20,-154,-444,-236,-430,-338,-195
-84,-52,33,68,-58,-10,-54,-164,38,-221,-234,-161
-50,-47,2,48,-26,-22,-17,-65,143,-136,-183,-148
-37,-40,-3,39,-17,-22,34,-17,195,-101,-177,-159
-15,-37,-22,26,4,-29,47,-36,210,-116,-170,-160
-13,-29,-16,21,2,-22,43,-25,212,-82,-163,-159
-47,-25,22,36,-34,-2,42,10,205,-83,-162,-157
-30,-20,10,25,-20,-5,28,18,206,-103,-156,-152
-41,-20,22,30,-32,1,21,9,204,-90,-154,-151
-7,-21,-14,14,4,-18,9,-12,209,-84,-151,-146
-21,-19,3,20,-12,-8,-5,-35,227,-79,-136,-146
-95,-19,76,57,-85,28,4,-2,256,-63,-107,-142
-10,-5,5,8,-7,-1,3,20,256,-48,-96,-134
6,0,-6,-3,6,-2,-15,25,255,-29,-80,-126
6,15,9,-11,-2,12,-10,46,299,0,-45,-109
46,49,2,-48,22,25,8,72,332,41,-10,-84
51,74,22,-62,14,48,-6,85,348,85,31,-44
164,119,-45,-141,104,37,-39,91,389,130,96,-2
136,132,-4,-134,70,64,-41,110,417,171,141,45
80,140,59,-110,10,99,-51,110,430,207,171,88
108,175,66,-142,21,120,-55,110,428,210,185,108
129,189,60,-159,34,125,-45,107,411,203,168,132
124,173,48,-148,38,110,-45,87,377,170,137,110
59,138,79,-99,-10,108,-37,58,336,105,82,46
56,105,49,-81,3,77,-36,28,314,54,9,-15
-27,66,94,-20,-61,80,-28,22,299,15,-48,-70
-86,34,120,26,-103,77,-20,15,288,-7,-79,-90
-33,18,51,7,-42,34,-16,10,270,-42,-103,-108
-35,14,49,10,-42,31,0,5,255,-76,-121,-131
-26,4,30,11,-29,17,6,-8,245,-69,-113,-130
-76,2,78,36,-77,40,26,-5,239,-63,-100,-129
-71,-12,59,42,-64,23,22,-24,232,-89,-130,-147
-32,5,37,13,-35,21,6,-40,223,-104,-145,-160
-41,38,78,1,-60,58,25,-22,219,-93,-138,-151
15,15,0,-15,7,8,2,-16,206,-87,-137,-147
-29,18,47,5,-38,33,-13,-24,217,-89,-120,-139
-46,15,61,15,-54,37,18,-29,236,-94,-138,-134
-64,-3,61,33,-63,29,26,-20,225,-90,-153,-142
-74,-13,61,43,-67,24,25,-15,223,-89,-162,-138
-29,-17,12,23,-20,-3,24,-11,214,-90,-155,-137
-55,-13,42,34,-48,14,19,2,220,-82,-138,-132
-49,-17,32,33,-40,7,21,-12,228,-90,-158,-132
-74,-13,61,44,-67,24,18,-12,219,-66,-145,-127
-59,-8,52,33,-55,22,31,-5,240,-44,-129,-119
4,52,48,-28,-22,49,49,20,266,-35,-101,-95
8,104,95,-56,-44,100,54,65,282,-4,-80,-74
-19,89,108,-35,-64,98,59,58,294,-23,-92,-82
-67,77,144,-6,-106,111,59,48,302,-10,-87,-73
-88,67,155,10,-122,111,19,14,281,1,-85,-91
-20,49,69,-15,-45,59,-21,-32,236,-45,-79,-108
30,35,4,-32,13,19,-14,-36,218,-72,-92,-105
-23,11,34,5,-29,23,-6,-34,212,-102,-130,-130
-37,-29,9,33,-23,-10,3,-37,201,-107,-141,-145
-34,-53,-19,44,-8,-35,7,-31,195,-113,-149,-151
-22,-50,-28,36,3,-38,8,-46,184,-127,-182,-170
-10,-41,-31,26,11,-36,15,-49,187,-126,-198,-181
-63,-66,-2,65,-30,-33,12,-41,184,-133,-194,-176
-59,-80,-20,70,-19,-50,3,-43,185,-127,-195,-171
-49,-76,-27,62,-11,-51,15,-27,187,-132,-195,-170
-52,-69,-17,61,-18,-43,41,-8,184,-130,-211,-189
-30,-55,-25,43,-3,-40,95,165,343,-33,-183,-191
164,53,-111,-109,137,-29,-14,191,576,409,279,160
487,304,-183,-395,335,60,-257,-147,507,698,792,650
293,252,-41,-272,166,105,-265,-582,-152,-51,355,479
-83,-37,47,60,-65,5,-233,-813,-636,-725,-333,-42
-126,-103,23,115,-74,-40,-194,-514,-317,-513,-371,-221
-92,-63,30,77,-61,-16,-67,-169,34,-253,-244,-183
-34,-45,-12,39,-11,-28,-26,-80,143,-162,-211,-166
-16,-39,-23,28,4,-31,-9,-34,172,-136,-190,-173
3,-36,-39,17,21,-38,-5,-27,167,-122,-178,-168
14,-31,-45,9,30,-38,-1,-10,206,-110,-168,-171
10,-25,-35,8,23,-30,3,-11,204,-108,-162,-170
-21,-33,-12,27,-4,-22,15,5,219,-98,-163,-163
-60,-42,19,51,-40,-11,29,29,246,-113,-183,-170
-32,-36,-4,34,-14,-20,12,14,244,-101,-181,-161
-8,-33,-25,21,9,-29,2,20,246,-90,-172,-155
29,-31,-59,1,44,-45,-11,22,243,-58,-160,-160
-19,-25,-6,22,-6,-16,-23,27,247,-41,-132,-144
-13,-15,-2,14,-5,-9,-14,43,260,-42,-108,-132
54,-4,-57,-25,56,-30,9,61,283,-4,-79,-124
17,19,2,-18,7,10,6,75,308,32,-54,-95
68,44,-23,-56,45,10,-14,87,330,87,-31,-61
115,76,-39,-95,76,18,-23,105,351,126,21,-26
125,116,-9,-120,66,53,-44,96,378,166,75,21
121,148,27,-135,47,87,-51,105,407,206,117,74
110,162,52,-136,29,107,-51,110,405,195,128,97
133,162,29,-147,52,95,-55,86,396,183,106,87
117,180,63,-149,27,121,-49,78,375,157,83,73
94,143,49,-119,22,96,-35,75,343,107,35,31
47,75,28,-61,9,51,-21,54,305,56,-33,-15
11,58,47,-35,-18,52,-10,40,273,15,-92,-57
-33,39,72,-3,-53,55,7,37,253,-7,-111,-92
-41,17,58,11,-49,37,5,12,215,-43,-135,-115
-114,-11,103,62,-108,46,25,34,238,-72,-167,-141
-122,-32,90,77,-106,28,23,37,237,-72,-164,-148
3,-29,-32,13,18,-31,3,7,194,-87,-165,-148
-59,-30,29,44,-44,0,26,31,216,-89,-165,-144
-74,-31,43,52,-59,6,12,23,232,-84,-166,-146
-13,-11,2,12,-7,-5,8,8,234,-76,-158,-142
-48,-4,44,26,-45,20,39,26,231,-85,-156,-145
-55,-30,25,43,-40,-2,37,7,220,-117,-182,-152
-61,-31,30,46,-46,0,30,-2,213,-101,-178,-139
-78,-29,49,53,-63,10,30,23,203,-92,-159,-130
-85,-32,53,58,-69,10,19,26,195,-90,-150,-128
-75,-27,48,51,-61,10,28,25,186,-86,-164,-143
-33,-33,0,33,-16,-16,27,22,180,-116,-187,-148
-9,-15,-7,12,-1,-11,14,20,180,-114,-180,-129
-44,-10,33,27,-38,11,14,20,168,-99,-174,-124
-57,24,80,16,-69,52,17,21,178,-69,-170,-120
-5,72,76,-34,-41,74,41,39,206,-45,-156,-115
-28,67,95,-20,-62,81,43,54,220,-48,-140,-109
-44,99,143,-28,-94,121,32,72,235,-16,-111,-85
-37,104,142,-34,-90,123,29,59,221,-4,-96,-74
-13,91,104,-39,-58,97,20,45,205,-17,-107,-58
11,79,68,-45,-28,73,16,41,202,-45,-125,-67
8,40,32,-24,-12,36,6,-1,156,-77,-133,-102
-7,15,22,-4,-15,18,-7,-15,127,-82,-142,-110
-72,-28,44,50,-58,8,-13,-30,126,-116,-181,-141
-21,-45,-24,33,2,-34,-6,-43,120,-134,-206,-169
-8,-56,-48,32,21,-52,-1,-33,111,-129,-227,-163
-31,-65,-34,48,2,-49,5,-36,106,-130,-240,-165
-40,-68,-28,54,-6,-48,10,-25,105,-131,-229,-168
-45,-72,-28,59,-8,-50,31,-29,108,-135,-207,-148
-23,-63,-40,43,9,-51,43,-5,139,-143,-238,-172
-29,-55,-26,42,-2,-40,21,-16,102,-146,-268,-200
-13,-48,-36,31,12,-42,93,105,181,-89,-258,-218
79,-5,-84,-37,82,-44,60,239,432,244,46,-9
439,234,-204,-336,321,15,-200,-11,504,708,685,560
422,317,-106,-369,263,105,-243,-443,5,262,549,625
-37,32,69,2,-53,50,-198,-793,-669,-617,-229,88
-107,-96,11,102,-59,-42,-204,-634,-540,-603,-435,-191
-61,-63,-2,62,-29,-32,-80,-236,-123,-285,-291,-180
-60,-60,-1,60,-29,-30,-14,-90,11,-174,-232,-161
-65,-51,14,58,-39,-18,4,-21,96,-123,-214,-159
-70,-46,24,58,-47,-11,19,-19,110,-117,-217,-156
-20,-52,-32,36,6,-42,13,1,113,-98,-209,-153
-51,-54,-3,52,-24,-28,15,25,123,-95,-205,-150
-35,-32,3,33,-19,-14,9,16,131,-90,-200,-149
-25,-51,-26,38,1,-39,10,23,129,-87,-192,-144
-42,-69,-27,56,-7,-48,13,19,132,-84,-192,-141
-49,-53,-5,51,-22,-29,32,36,133,-79,-202,-138
-50,-45,5,48,-27,-20,14,44,133,-77,-202,-133
-44,-36,8,40,-25,-14,-14,41,166,-68,-190,-131
-5,-25,-20,16,8,-22,-7,36,166,-45,-165,-122
34,-20,-55,-7,45,-37,-14,36,163,-25,-115,-114
-6,7,13,0,-9,10,7,77,219,-3,-83,-90
24,39,14,-31,5,26,1,105,257,47,-71,-53
56,55,0,-55,28,27,-43,101,270,106,-18,0
82,97,15,-90,33,55,-51,110,309,161,41,44
118,127,9,-123,54,68,-50,123,341,198,82,73
126,174,48,-150,39,111,-48,117,336,212,105,111
134,197,63,-166,35,130,-62,106,324,198,93,110
92,174,83,-134,4,128,-44,101,313,170,70,103
80,153,73,-117,3,112,-30,83,265,127,21,73
64,109,45,-87,9,77,-44,57,220,71,-50,18
8,58,50,-33,-21,54,-15,38,193,20,-111,-34
-24,23,47,0,-36,35,2,35,172,-20,-146,-75
-36,0,36,17,-36,18,8,34,152,-53,-177,-108
-72,-20,52,46,-62,16,14,37,139,-68,-194,-130
-28,-19,9,24,-19,-5,7,33,117,-73,-198,-129
-50,-18,32,34,-41,7,10,38,123,-99,-208,-153
-58,3,61,27,-60,32,2,21,130,-105,-202,-159
-3,4,7,0,-5,5,10,4,104,-99,-211,-147
-92,-30,61,61,-76,16,50,43,144,-98,-226,-144
-58,-23,35,41,-46,6,41,23,126,-91,-224,-134
-34,-14,20,24,-27,3,16,9,93,-91,-226,-131
-35,-26,9,31,-22,-8,23,19,105,-97,-223,-135
-12,-43,-31,28,9,-36,17,8,96,-102,-227,-135
-69,-36,33,52,-50,-1,27,11,111,-97,-220,-135
-41,-28,13,34,-27,-8,39,3,107,-104,-222,-132
-20,-25,-4,23,-8,-14,41,6,115,-108,-243,-129
0,-12,-12,6,6,-11,39,-7,112,-102,-240,-132
-40,-17,23,29,-32,3,41,-3,119,-81,-214,-119
-29,35,64,-3,-47,49,39,18,140,-57,-203,-110
21,66,45,-44,-12,55,40,36,148,-39,-187,-95
-33,63,96,-15,-65,79,65,68,185,-26,-156,-85
-26,87,113,-31,-70,99,71,54,180,-23,-150,-73
-67,74,141,-4,-104,108,75,56,179,-7,-128,-46
-25,58,83,-17,-54,70,46,46,167,-57,-169,-98
6,34,28,-20,-11,31,-3,-1,124,-77,-211,-134
-30,18,49,6,-40,33,-6,-11,108,-57,-192,-123
-13,-16,-4,14,-4,-10,1,-26,91,-102,-206,-134
-46,-54,-9,50,-18,-31,7,-40,72,-107,-203,-137
-39,-62,-24,51,-7,-43,15,-30,67,-115,-231,-152
-47,-86,-40,67,-3,-63,8,-43,63,-142,-241,-165
-24,-81,-58,53,17,-69,25,-45,66,-135,-225,-169
-20,-75,-56,48,18,-65,38,-32,65,-133,-263,-173
-41,-75,-34,58,-3,-54,6,-26,61,-130,-271,-171
16,-63,-79,24,48,-71,29,-14,81,-139,-269,-180
-74,-75,-2,75,-35,-38,52,-13,70,-141,-276,-173
-88,-85,3,87,-45,-41,106,155,194,-55,-260,-181
183,29,-154,-106,169,-62,13,193,435,373,185,132
520,292,-227,-405,373,32,-242,-134,388,700,746,669
318,261,-57,-289,188,101,-250,-577,-264,-15,326,519
-166,-50,116,108,-141,33,-216,-812,-762,-725,-365,-18
-112,-126,-14,119,-49,-70,-185,-521,-449,-520,-406,-189
-92,-69,23,81,-58,-23,-70,-188,-117,-255,-288,-167
-89,-53,37,71,-63,-8,-15,-89,-8,-169,-248,-167
-24,-48,-24,36,0,-36,20,-42,47,-139,-225,-155
-63,-52,11,57,-37,-21,44,-24,73,-134,-216,-142
-35,-49,-14,42,-11,-31,68,17,114,-118,-222,-162
-63,-51,12,57,-37,-20,58,28,115,-120,-233,-166
-10,-48,-39,29,15,-43,39,19,116,-105,-228,-164
1,-43,-44,21,23,-43,28,6,98,-99,-231,-163
-14,-35,-21,25,4,-28,16,-11,113,-76,-229,-158
-20,-29,-9,25,-5,-19,20,10,118,-79,-230,-161
10,-22,-32,6,21,-27,-6,5,121,-98,-219,-151
54,-17,-71,-18,63,-44,-27,-16,140,-79,-194,-144
25,-8,-33,-8,30,-21,-25,16,145,-50,-169,-127
31,3,-27,-17,29,-12,-25,33,178,-10,-130,-91
29,16,-13,-22,20,2,-20,54,207,34,-90,-68
43,42,-1,-42,22,20,-20,83,247,68,-50,-44
80,76,-4,-78,42,36,-20,94,276,112,-5,-1
106,113,8,-110,49,60,-45,96,293,156,42,53
103,122,19,-113,42,70,-61,93,337,172,71,81
97,136,38,-117,29,87,-52,105,343,196,89,114
97,143,45,-121,26,94,-46,73,300,182,73,117
93,134,41,-113,26,87,-40,52,262,127,26,83
73,115,42,-94,15,79,-28,53,242,92,-14,60
17,78,61,-47,-22,69,-1,37,217,50,-60,13
-8,66,74,-30,-41,70,19,27,198,12,-116,-35
-16,38,54,-12,-35,46,28,21,185,-28,-155,-69
-57,-8,48,32,-53,20,26,6,153,-58,-169,-85
-81,-26,55,53,-68,15,19,-20,130,-92,-204,-118
-58,-20,38,38,-47,9,15,-18,126,-98,-220,-135
-54,-34,20,44,-37,-7,8,-10,121,-81,-212,-123
-85,-50,34,67,-59,-7,6,-8,118,-88,-217,-127
-84,-41,43,62,-63,1,12,2,112,-83,-213,-119
-63,-35,28,49,-45,-4,19,3,110,-85,-217,-121
-72,-36,36,54,-54,1,22,0,109,-97,-219,-134
-51,-34,17,42,-34,-8,28,-11,113,-102,-221,-129
-58,-31,27,44,-42,-1,40,-14,108,-99,-218,-111
-89,-31,58,60,-73,13,41,-21,96,-101,-224,-107
-79,-28,51,53,-65,11,45,-28,109,-113,-239,-119
-83,-50,34,66,-58,-8,43,-3,103,-113,-235,-115
-23,-19,4,21,-13,-8,32,6,107,-107,-228,-107
-27,8,35,9,-31,21,30,3,138,-103,-223,-101
-22,-15,7,18,-14,-4,16,-6,142,-98,-218,-95
-27,7,35,10,-31,21,37,8,150,-76,-203,-88
-41,46,87,-3,-64,66,68,41,176,-48,-181,-78
-5,82,86,-39,-46,84,57,48,185,-23,-177,-65
-52,75,127,-12,-90,101,55,40,170,-9,-183,-52
-27,71,98,-22,-63,84,42,43,155,-20,-176,-65
-40,42,82,-1,-62,61,7,20,140,-45,-184,-86
-22,8,30,7,-26,18,-3,-14,112,-62,-175,-76
20,32,12,-26,4,22,36,17,128,-68,-165,-68
-53,-22,31,37,-43,5,56,3,125,-100,-203,-111
-80,-76,4,78,-41,-36,27,-37,85,-126,-215,-146
-29,-73,-45,51,8,-59,37,-33,86,-129,-236,-150
-8,-76,-68,42,31,-72,51,-36,72,-131,-240,-149
-40,-74,-34,57,-2,-53,49,-29,72,-128,-244,-145
-35,-77,-42,56,4,-59,53,-59,57,-132,-266,-137
-21,-72,-51,47,15,-61,54,-43,60,-129,-256,-135
-65,-93,-28,80,-18,-60,56,-21,79,-130,-257,-125
-117,-116,1,117,-59,-57,71,26,101,-130,-278,-171
-56,-94,-38,75,-9,-66,124,219,295,46,-177,-143
289,107,-182,-198,235,-37,-65,135,501,562,401,344
504,330,-174,-417,338,78,-246,-254,266,601,715,724
144,148,3,-146,70,75,-186,-689,-490,-307,55,355
-143,-102,42,122,-92,-30,-226,-777,-736,-749,-464,-103
-113,-97,16,105,-64,-40,-146,-391,-315,-424,-386,-194
-57,-76,-19,67,-19,-47,-12,-137,-88,-216,-286,-152
-32,-77,-46,55,7,-61,10,-60,-15,-147,-254,-137
-69,-72,-3,71,-33,-37,36,-10,32,-119,-248,-152
-35,-68,-33,52,-1,-50,20,-1,44,-110,-241,-142
-16,-66,-51,41,18,-58,27,6,47,-106,-233,-129
-17,-59,-42,38,13,-50,20,6,51,-105,-231,-125
-32,-55,-22,44,-5,-38,19,12,58,-98,-228,-124
-39,-39,0,39,-19,-19,48,15,70,-97,-231,-121
12,-33,-44,11,28,-38,27,17,77,-85,-228,-119
-41,-75,-34,58,-3,-55,9,23,61,-80,-232,-140
-9,-67,-58,38,25,-62,5,16,52,-70,-219,-140
-24,-46,-22,35,-1,-34,11,27,84,-57,-191,-126
-38,-44,-6,41,-16,-25,27,62,123,-39,-178,-119
49,-24,-73,-12,61,-48,18,73,121,4,-150,-95
52,-10,-62,-21,57,-35,7,68,147,39,-108,-63
64,31,-33,-48,48,-1,-13,72,184,86,-62,-15
56,65,9,-61,24,37,-34,109,220,146,-34,23
119,96,-23,-107,71,37,-43,117,242,176,23,68
150,145,-5,-148,77,70,-42,102,241,201,74,127
104,133,29,-119,37,81,-33,96,238,193,51,137
97,129,32,-114,32,81,-29,85,222,178,32,133
108,145,36,-127,36,91,-23,78,181,153,-9,107
64,95,31,-80,17,63,-16,68,137,101,-68,51
9,61,52,-35,-22,57,-6,55,113,51,-111,19
8,33,26,-21,-10,29,1,24,82,10,-151,-24
-38,-15,23,26,-30,4,14,26,60,-24,-188,-54
-84,-36,48,60,-65,6,27,39,50,-44,-209,-69
-73,-35,39,54,-56,2,25,34,42,-58,-222,-111
-20,-34,-14,27,-2,-24,20,36,32,-82,-233,-122
-43,-37,6,40,-24,-15,19,31,24,-87,-229,-122
-76,-30,46,52,-61,8,13,30,19,-83,-227,-126
-57,-52,5,55,-31,-24,9,30,13,-87,-224,-117
-85,-75,10,79,-47,-32,16,23,11,-83,-225,-107
-79,-70,10,74,-44,-30,19,11,3,-87,-244,-102
-92,-67,26,80,-59,-21,35,4,3,-106,-254,-109
-91,-62,29,77,-60,-17,33,-4,-7,-111,-247,-102
-66,-57,9,62,-37,-24,29,-4,-5,-109,-256,-94
-73,-53,20,62,-46,-16,12,-28,-18,-111,-262,-79
-50,-49,2,49,-26,-23,22,-16,-7,-110,-249,-88
-72,-43,29,58,-50,-7,59,24,30,-109,-244,-106
-79,-41,38,60,-59,-1,38,-4,4,-94,-260,-98
-44,-16,27,30,-36,5,40,19,21,-71,-256,-91
-47,19,66,14,-56,42,39,41,55,-57,-221,-75
-25,42,68,-9,-47,55,54,62,76,-54,-192,-63
-13,78,91,-32,-52,84,75,75,98,-56,-179,-63
-44,83,127,-20,-86,105,56,32,76,-53,-173,-57
-25,65,90,-20,-57,77,46,27,57,-57,-176,-55
-4,45,49,-21,-27,47,8,2,41,-53,-174,-51
-29,-9,21,19,-25,6,-14,-30,0,-63,-173,-46
-59,-33,25,46,-42,-4,-2,-17,7,-89,-207,-77
-32,-36,-4,34,-14,-20,12,-18,8,-96,-227,-100
-28,-73,-45,51,9,-59,21,-42,-42,-123,-249,-115
-65,-90,-24,78,-20,-57,23,-41,-45,-138,-250,-111
-46,-93,-47,69,1,-69,35,-37,-46,-134,-243,-98
-46,-99,-53,73,3,-76,42,-31,-47,-134,-267,-134
-60,-102,-42,81,-9,-72,33,-38,-54,-131,-268,-140
-31,-107,-76,69,23,-91,24,-22,-45,-120,-255,-132
-29,-110,-81,70,26,-96,17,-32,-40,-122,-262,-132
-76,-107,-30,92,-23,-68,81,81,50,-92,-293,-157
63,-45,-107,-9,85,-76,72,233,290,212,-35,12
407,178,-230,-292,318,-26,-182,13,401,693,611,553
437,301,-136,-369,286,82,-279,-405,-44,360,593,714
63,45,-19,-54,41,13,-219,-793,-758,-559,-191,191
-111,-147,-35,129,-38,-91,-223,-691,-724,-661,-476,-145
-127,-112,15,120,-71,-49,-93,-276,-264,-312,-345,-126
-137,-103,35,120,-86,-34,11,-99,-80,-163,-281,-115
-38,-89,-51,64,7,-70,0,-32,-27,-112,-231,-99
-63,-84,-22,74,-20,-53,12,-21,-21,-114,-231,-99
-60,-86,-26,73,-16,-56,24,-13,-13,-94,-226,-103
-19,-84,-65,52,23,-74,18,-5,-10,-94,-224,-103
-37,-86,-49,62,6,-67,11,-3,-6,-88,-221,-107
-36,-84,-48,60,6,-65,3,7,2,-84,-219,-97
-34,-82,-48,58,8,-65,-5,8,-3,-81,-214,-99
-34,-70,-36,52,2,-53,-11,21,4,-71,-204,-86
-19,-66,-47,43,15,-57,-36,28,-9,-70,-197,-102
-9,-52,-44,31,18,-48,-51,11,-3,-57,-189,-103
-54,-57,-4,55,-25,-30,-49,39,33,-34,-178,-60
3,-50,-53,24,28,-51,-51,59,50,-13,-140,-62
35,-25,-61,-4,48,-43,-49,47,85,27,-100,-43
31,-25,-56,-3,44,-40,-51,90,116,79,-66,-5
89,4,-85,-46,87,-40,-48,99,129,128,-25,27
82,40,-42,-61,62,-1,-55,100,155,169,34,83
120,93,-26,-106,73,33,-57,114,178,211,95,137
158,123,-36,-140,97,43,-70,102,191,229,106,165
139,105,-33,-122,86,36,-96,92,187,210,92,158
104,105,2,-105,51,53,-81,78,153,195,73,144
58,85,27,-72,16,56,-73,67,108,150,35,116
6,44,39,-25,-17,41,-48,54,74,113,-11,76
-42,13,55,14,-48,34,-18,23,47,59,-82,27
-23,-10,14,16,-18,2,-26,11,19,0,-126,-8
-36,-37,-1,36,-18,-19,-23,9,15,5,-147,-23
-105,-57,47,81,-76,-5,-19,-12,18,-32,-157,-46
-58,-59,-2,58,-28,-30,-16,1,8,-65,-167,-63
5,-55,-59,25,33,-57,-10,17,-3,-58,-196,-80
-28,-52,-24,40,-2,-38,-12,4,-17,-61,-190,-80
-8,-47,-39,28,16,-43,-15,-1,-29,-59,-185,-74
-7,-45,-38,26,16,-41,-15,-7,-36,-60,-182,-74
-52,-52,0,52,-26,-26,-11,-10,-35,-60,-175,-69
-48,-60,-12,54,-18,-36,-9,-15,-34,-60,-173,-68
-56,-63,-8,60,-24,-35,-5,-20,-37,-60,-169,-61
-66,-64,3,65,-34,-30,-7,-23,-32,-72,-186,-53
-35,-57,-22,46,-7,-39,-26,-41,-58,-75,-188,-77
-86,-53,34,69,-60,-9,-23,-41,-66,-69,-177,-88
-76,-49,27,62,-52,-10,-15,-29,-47,-68,-175,-74
-23,-43,-19,33,-2,-31,-11,-25,-60,-62,-163,-64
-86,-42,45,64,-65,1,0,-14,-45,-60,-163,-52
-43,-10,33,26,-38,11,-1,0,-19,-44,-148,-39
-26,27,53,-1,-40,40,30,34,13,-21,-135,-14
-46,46,92,0,-69,68,40,40,33,-4,-119,4
-47,70,118,-12,-82,94,32,16,36,16,-82,-16
-36,96,132,-30,-84,114,36,28,36,21,-123,-34
-4,68,72,-32,-38,70,0,20,20,14,-121,-26
-56,-6,49,31,-52,21,-42,-26,-32,-42,-121,-26
-29,-33,-3,31,-13,-18,-38,-54,-70,-64,-158,-30
-48,-60,-12,54,-18,-36,-7,-42,-63,-59,-156,-51
-90,-93,-4,91,-43,-48,-29,-43,-109,-109,-205,-90
-54,-87,-33,71,-11,-59,-42,-59,-111,-111,-215,-91
-72,-93,-21,83,-25,-57,-29,-74,-109,-110,-210,-88
-44,-94,-50,69,3,-71,-30,-68,-109,-116,-212,-92
-34,-96,-62,66,14,-79,-16,-69,-97,-114,-206,-87
-75,-118,-44,97,-15,-81,-16,-75,-96,-114,-226,-92
-77,-126,-49,102,-13,-87,11,-44,-79,-107,-198,-59
-116,-128,-11,122,-52,-69,42,2,-79,-118,-248,-114
-36,-102,-67,69,16,-84,54,174,100,44,-180,-106
256,82,-174,-169,215,-46,-94,129,354,627,475,404
477,310,-167,-393,322,72,-286,-246,153,746,876,843
222,158,-64,-189,143,47,-238,-673,-615,-214,191,473
-171,-114,57,143,-114,-29,-204,-789,-925,-717,-425,-56
-113,-100,13,106,-63,-43,-176,-434,-526,-409,-364,-144
-102,-77,25,89,-63,-26,-65,-171,-259,-208,-239,-109
-140,-85,55,112,-97,-14,-26,-79,-150,-116,-193,-99
-61,-54,7,58,-34,-23,-10,-26,-103,-93,-194,-82
-83,-73,10,78,-46,-31,-1,-19,-95,-86,-198,-85
-86,-88,-2,87,-41,-45,13,-2,-84,-78,-198,-84
-79,-78,2,79,-40,-38,24,-4,-86,-76,-202,-86
-33,-71,-38,52,3,-54,11,-6,-74,-67,-195,-84
-47,-65,-18,56,-15,-41,2,-7,-73,-57,-190,-86
-27,-60,-33,44,3,-46,-12,12,-81,-40,-178,-81
-24,-54,-30,39,3,-42,-15,12,-80,-32,-173,-64
-61,-49,12,55,-36,-18,-40,12,-63,-27,-151,-52
14,-43,-57,15,36,-50,-64,33,-50,-23,-128,-43
-14,-40,-27,27,7,-33,-57,50,-37,9,-107,-31
-25,-28,-3,26,-11,-15,-64,65,-24,41,-78,-13
47,18,-28,-33,37,-5,-64,86,2,83,-32,34
56,19,-37,-37,46,-9,-66,96,39,140,33,81
43,37,-6,-39,24,15,-60,96,91,197,92,121
83,118,36,-101,23,77,-50,122,128,243,143,169
90,142,52,-116,19,97,-73,130,137,267,172,194
54,134,80,-95,-13,107,-75,104,137,266,184,219
57,129,72,-93,-8,100,-62,86,103,231,163,220
52,129,77,-91,-13,103,-52,74,67,189,130,194
23,94,71,-59,-25,83,-45,67,30,144,64,149
-23,36,59,-7,-41,47,-23,64,-8,110,-16,73
-62,24,86,19,-74,54,-17,59,-42,63,-59,28
-56,11,67,23,-62,39,-29,39,-80,13,-94,21
-11,-8,2,10,-6,-3,5,28,-78,-10,-98,12
-42,-29,14,36,-28,-8,30,47,-95,-44,-126,-25
-74,-47,27,60,-50,-10,29,48,-113,-57,-140,-47
-62,-51,11,56,-36,-20,27,40,-109,-51,-124,-40
-91,-48,42,69,-66,-3,23,39,-108,-51,-120,-37
-72,-45,27,59,-49,-9,21,31,-106,-45,-108,-35
-64,-42,22,53,-43,-10,18,30,-103,-47,-112,-26
-74,-40,34,56,-54,-3,15,22,-106,-38,-102,-32
-69,-41,27,55,-48,-7,15,21,-128,-50,-116,-59
-80,-51,29,65,-54,-11,14,14,-135,-77,-151,-62
-81,-73,8,77,-44,-32,27,11,-132,-72,-147,-55
-115,-76,39,95,-76,-18,43,27,-127,-66,-137,-40
-113,-75,38,93,-75,-19,38,27,-119,-58,-128,-27
-77,-72,5,75,-41,-33,40,16,-113,-50,-118,-25
-53,-36,18,44,-36,-9,32,19,-107,-40,-104,-15
-36,5,41,15,-39,22,41,43,-91,-17,-80,-1
-50,36,87,7,-69,61,66,75,-79,2,-50,36
-72,65,137,3,-105,101,72,89,-79,23,-22,56
-80,81,160,-1,-120,120,67,77,-85,39,1,52
-10,77,88,-33,-49,82,36,57,-82,24,3,43
-22,30,52,-4,-37,41,19,34,-94,2,-20,32
-44,-2,42,23,-43,20,-1,8,-143,-11,-40,24
-7,-14,-7,11,0,-10,-12,-7,-152,-38,-52,-5
-87,-62,25,74,-56,-18,5,2,-148,-62,-49,-22
-101,-88,13,95,-56,-37,12,19,-152,-67,-52,-38
-59,-94,-35,77,-11,-64,27,23,-157,-72,-66,-54
-69,-103,-34,86,-17,-68,26,15,-177,-78,-57,-56
-63,-114,-50,89,-6,-82,24,25,-164,-77,-63,-59
-39,-117,-79,79,20,-98,28,15,-168,-78,-85,-54
-38,-111,-73,75,18,-92,20,24,-149,-64,-74,-41
-79,-122,-43,101,-18,-83,39,15,-155,-69,-73,-39
-108,-122,-14,115,-47,-67,83,80,-121,-86,-136,-108
-24,-68,-44,46,10,-56,90,265,113,184,89,31
278,147,-131,-212,204,8,-87,113,310,806,807,592
397,322,-75,-359,236,123,-245,-298,-29,669,980,854
39,84,45,-62,-3,64,-233,-719,-833,-377,176,357
-166,-164,2,165,-83,-81,-217,-708,-941,-683,-318,-81
-70,-109,-39,89,-15,-74,-121,-291,-484,-332,-179,-86
-88,-70,18,79,-53,-26,3,-96,-291,-171,-74,-55
-124,-92,32,108,-78,-30,57,-6,-210,-92,-42,-46
-84,-94,-10,89,-37,-52,63,24,-187,-69,-17,-39
-48,-84,-35,66,-6,-59,58,26,-172,-57,-9,-38
-23,-67,-44,46,11,-56,62,35,-159,-55,3,-31
-58,-85,-26,72,-16,-55,59,30,-158,-51,24,-31
-60,-93,-33,77,-13,-63,60,45,-153,-48,52,-29
-44,-78,-34,62,-5,-56,52,23,-156,-51,55,-24
-74,-71,4,73,-39,-34,47,43,-156,-50,54,-27
-6,-60,-54,33,24,-57,41,72,-140,-44,57,-41
20,-55,-75,18,48,-64,36,74,-114,-11,51,-21
-2,-47,-45,25,22,-46,31,76,-98,13,63,-12
14,-41,-55,14,35,-48,26,79,-85,35,100,-25
7,-33,-39,13,24,-36,23,108,-67,87,161,32
13,-11,-24,-1,19,-17,17,128,-22,122,201,78
41,24,-18,-32,30,3,14,135,18,163,238,103
79,65,-14,-72,47,25,5,141,46,220,303,152
80,91,11,-85,34,51,0,137,62,255,359,192
114,132,18,-123,48,75,-18,145,72,284,396,232
92,154,62,-123,15,107,-26,140,94,286,408,244
28,133,105,-81,-39,119,-15,138,73,273,402,253
49,128,79,-89,-15,103,-8,115,-8,225,351,229
36,99,63,-67,-14,81,2,86,-54,149,281,160
4,46,42,-25,-19,44,4,76,-88,95,234,100
-47,27,74,10,-60,50,43,60,-117,54,222,85
-64,11,75,26,-69,43,64,47,-129,34,186,57
-64,-2,62,32,-63,30,52,32,-169,32,161,18
-65,-27,39,46,-52,6,79,51,-183,26,196,46
-56,-60,-4,58,-26,-32,83,63,-178,14,198,41
-47,-60,-13,53,-17,-36,71,51,-185,4,186,19
-55,-53,1,54,-28,-26,67,46,-184,-2,186,19
-119,-53,66,86,-92,6,58,36,-185,-10,172,7
-92,-47,45,69,-68,-1,52,30,-185,-15,175,3
-74,-44,30,59,-52,-6,44,22,-185,-23,204,-7
-64,-37,27,50,-45,-5,41,18,-186,-25,212,-12
-45,-29,16,37,-30,-6,47,16,-184,-32,215,-18
-63,-53,10,58,-36,-22,50,11,-190,-40,214,-27
-70,-63,7,66,-38,-28,63,9,-189,-22,225,-20
-105,-54,51,79,-77,-1,54,2,-187,-25,218,-34
-101,-53,48,77,-74,-2,73,35,-180,-2,239,12
-96,-35,61,65,-78,13,85,71,-178,38,307,43
-57,-2,55,30,-56,26,49,64,-165,24,304,12
-75,27,101,24,-88,64,78,59,-124,12,304,49
-91,57,147,17,-120,101,93,53,-133,10,305,57
-42,89,131,-24,-87,110,89,48,-149,38,305,46
-86,82,168,2,-128,125,77,39,-134,58,319,47
-76,36,112,20,-94,74,37,11,-145,35,308,35
-17,11,29,3,-23,20,17,-23,-201,5,300,35
-28,-19,9,24,-18,-5,20,-25,-219,-23,293,24
-99,-64,35,82,-67,-14,47,4,-192,-26,285,15
-83,-72,11,78,-47,-31,51,-1,-220,-48,280,-8
-74,-98,-24,87,-25,-61,49,-22,-226,-45,271,-22
-108,-108,-1,108,-53,-54,51,-34,-225,-37,267,-13
-51,-103,-52,77,1,-77,49,-39,-253,-82,259,-46
-71,-107,-35,89,-17,-71,51,-43,-253,-81,258,-50
-81,-104,-23,93,-28,-63,46,-30,-241,-70,256,-51
-52,-105,-53,79,1,-79,44,-27,-240,-62,245,-48
-113,-99,15,106,-64,-42,97,41,-200,-62,205,-65
-78,-91,-13,84,-32,-51,142,208,-18,101,304,-30
247,116,-131,-181,189,-7,-58,118,213,702,969,479
446,337,-108,-391,277,114,-264,-300,-54,721,1279,856
119,134,16,-127,51,75,-238,-748,-855,-273,551,445
-149,-131,18,140,-84,-56,-217,-761,-1043,-675,63,-11
-89,-121,-32,105,-28,-77,-132,-373,-620,-346,120,-86
-85,-85,0,85,-43,-42,4,-137,-386,-165,199,-62
-87,-81,7,84,-47,-37,43,-61,-289,-85,245,-43
-64,-76,-12,70,-25,-44,57,-27,-264,-59,259,-34
-52,-89,-37,71,-7,-62,67,-17,-253,-48,284,-35
-79,-82,-3,81,-37,-43,67,0,-245,-41,280,-35
-111,-74,37,92,-74,-18,58,10,-244,-39,270,-35
-50,-61,-11,55,-20,-36,55,27,-233,-27,268,-36
-72,-59,13,65,-42,-23,48,30,-231,-25,256,-34
-51,-48,3,49,-27,-22,41,34,-222,-11,258,-35
-28,-49,-21,39,-3,-35,34,40,-217,-8,268,-40
-89,-33,56,61,-73,12,27,43,-205,13,280,-30
-17,-1,16,9,-16,7,36,60,-200,44,310,-29
-19,-33,-14,26,-2,-23,38,70,-175,53,322,-9
-56,-38,18,47,-37,-10,30,79,-125,79,336,27
-3,5,7,-1,-5,6,25,104,-89,127,376,48
33,48,15,-41,9,31,21,118,-54,175,415,75
48,70,22,-60,13,46,1,124,-30,222,470,114
45,107,61,-76,-8,84,-2,142,-29,276,522,177
50,154,104,-102,-28,129,-1,146,-5,302,546,214
81,177,96,-129,-7,136,-27,131,20,300,542,207
89,166,76,-128,6,121,-31,118,5,291,532,207
24,142,119,-83,-48,130,-21,97,-32,250,497,196
-24,110,133,-43,-79,121,-16,79,-92,187,426,147
-13,73,86,-31,-50,80,9,67,-136,119,368,100
-7,50,57,-22,-32,53,47,52,-164,80,323,55
-42,1,43,21,-43,22,53,35,-195,69,294,18
-64,-22,41,43,-52,10,50,27,-209,62,295,8
-104,-39,65,72,-84,13,65,21,-228,57,295,-8
-94,-12,83,53,-88,35,57,14,-230,32,266,-21
-52,7,59,22,-55,33,50,7,-230,6,220,-34
-71,-25,46,48,-59,10,59,1,-230,4,224,-32
-59,-16,43,38,-51,13,51,0,-230,7,244,-24
-72,-17,55,44,-63,19,43,1,-229,2,236,-30
-104,-30,74,66,-89,22,39,14,-215,11,245,-30
-82,-46,36,64,-59,-5,28,17,-236,14,221,-30
-48,-9,39,28,-43,15,38,14,-248,6,198,-30
-98,-22,76,60,-87,27,57,15,-240,17,197,-29
-135,-48,87,92,-111,19,52,16,-240,23,165,-33
-67,-1,65,34,-66,32,71,30,-236,17,175,-35
-35,-20,15,27,-25,-2,93,21,-234,7,193,-25
-64,-7,57,35,-60,25,89,5,-237,17,186,-10
-76,1,77,37,-76,38,91,12,-227,24,184,3
-44,37,81,3,-63,59,89,41,-190,45,207,22
-61,99,160,-19,-111,129,91,73,-167,90,240,44
-58,101,159,-22,-108,129,83,49,-168,86,239,49
-37,119,156,-41,-97,137,68,34,-169,65,245,39
-51,72,123,-11,-87,97,55,18,-193,69,243,36
17,40,23,-28,-3,31,46,-18,-222,52,217,25
-25,34,59,-5,-42,47,39,-29,-234,27,195,24
-72,-18,54,44,-63,18,33,-37,-257,31,186,4
-57,-41,16,49,-36,-12,24,-34,-269,27,179,-31
-75,-63,12,69,-43,-26,16,-32,-261,-12,134,-34
-49,-75,-25,62,-12,-50,41,-40,-261,-39,122,-26
-84,-74,9,79,-46,-32,58,-27,-261,-29,136,-24
-68,-81,-13,75,-27,-47,48,-25,-283,-29,112,-19
-10,-51,-41,31,16,-46,45,-21,-277,-21,109,-13
-34,-72,-38,54,2,-55,41,-5,-257,-17,95,-39
-83,-87,-5,85,-39,-46,66,18,-239,-22,50,-66
-102,-54,49,78,-75,-2,158,190,-73,106,120,-30
181,90,-91,-135,136,0,-1,172,171,615,665,365
498,348,-150,-423,324,98,-241,-210,17,805,1108,822
208,220,12,-214,98,116,-212,-671,-735,-74,536,543
-136,-95,42,115,-89,-26,-234,-801,-1081,-649,-102,23
-105,-100,5,102,-55,-47,-162,-450,-689,-354,-80,-90
-108,-47,60,77,-84,7,-15,-165,-401,-130,45,-57
-58,-39,19,48,-38,-9,7,-67,-310,-50,85,-50
-11,-38,-27,25,8,-32,52,-34,-277,-26,103,-48
-32,-55,-23,44,-4,-39,39,-34,-271,-20,101,-45
-46,-48,-2,47,-21,-25,44,-21,-254,-4,107,-42
-118,-57,62,87,-90,2,73,-20,-239,0,128,-38
-103,-55,48,78,-75,-3,53,-6,-221,20,119,-34
-63,-44,19,54,-41,-12,43,1,-220,12,105,-31
-71,-37,34,54,-53,-1,33,15,-212,24,103,-27
-92,-30,63,61,-77,16,24,29,-208,41,94,-23
-37,-19,17,28,-27,-1,18,26,-202,37,93,-20
-36,-30,6,33,-21,-12,28,18,-187,70,116,-13
-78,-37,41,57,-59,2,27,20,-176,75,127,-12
-30,3,32,13,-31,17,18,51,-157,95,155,5
-5,27,33,-11,-19,30,17,77,-122,156,207,42
43,48,4,-46,19,26,4,75,-87,179,236,76
40,92,52,-66,-6,71,16,95,-55,250,304,136
90,143,54,-117,18,98,4,110,-24,302,348,166
121,164,43,-143,39,103,-31,98,-9,304,351,190
54,161,107,-108,-27,133,-27,93,-10,299,363,226
86,189,103,-138,-9,146,-20,94,-14,286,354,235
106,195,89,-151,8,142,-15,93,-41,273,325,218
61,146,85,-104,-12,115,-10,55,-84,201,255,155
4,101,97,-53,-47,99,-4,25,-110,154,199,114
-50,59,109,-4,-80,84,1,21,-133,122,154,69
-78,35,113,21,-96,74,8,14,-159,70,113,23
-57,25,82,16,-70,53,12,8,-186,40,96,0
-50,15,65,17,-58,40,20,-5,-183,31,85,-10
-53,9,62,21,-58,35,35,-24,-190,22,61,-21
-39,11,49,14,-44,30,31,-20,-209,18,50,-25
