I,II,III,aVR,aVL,aVF,V1,V2,V3,V4,V5,V6
71,-109,-179,19,125,-144,25,10,-99,24,-80,-165
27,-144,-171,59,99,-157,33,23,-90,25,-80,-163
-2,-160,-158,81,79,-159,54,62,-59,49,-79,-155
2,-142,-144,70,73,-142,101,102,-25,69,-81,-149
3,-102,-105,50,54,-103,132,108,-18,91,-84,-141
42,-41,-83,0,63,-62,65,71,-15,103,-95,-132
49,-8,-56,-20,52,-32,24,57,-30,99,-87,-148
10,27,18,-19,-4,22,31,72,-17,97,-51,-122
-2,53,55,-25,-29,53,23,78,2,95,-36,-96
-20,27,47,-4,-34,36,21,67,-17,93,-57,-106
-4,2,6,1,-5,4,12,65,-52,83,-87,-115
2,-8,-10,3,6,-9,6,41,-66,58,-91,-128
-8,-35,-27,22,10,-31,-2,2,-82,27,-89,-133
23,-54,-77,16,50,-65,-10,3,-108,12,-91,-138
42,-41,-83,0,63,-62,-13,-5,-108,-2,-88,-140
55,-43,-98,-6,77,-71,-9,-28,-119,-22,-95,-154
34,-67,-102,17,68,-84,-6,-39,-127,-26,-106,-164
-12,-92,-80,52,35,-86,-3,-36,-123,-21,-105,-155
-40,-122,-81,81,21,-101,2,-33,-128,-15,-105,-146
-27,-109,-82,68,28,-95,5,-26,-123,-23,-107,-134
7,-105,-112,49,60,-108,0,-31,-127,-39,-102,-155
-1,-142,-141,72,70,-141,-15,-82,-171,-74,-118,-173
-20,-155,-135,88,58,-145,0,-89,-188,-103,-128,-168
14,-179,-193,83,104,-186,5,-81,-178,-99,-136,-172
36,-154,-190,59,113,-171,42,-68,-178,-96,-95,-163
14,-105,-120,45,67,-112,82,-44,-173,-87,-59,-135
-1,-83,-81,42,40,-82,29,-86,-175,-79,-86,-117
26,8,-18,-17,22,-5,10,-93,-159,-71,-80,-110
39,41,3,-40,18,22,6,-82,-142,-58,-74,-103
-7,25,32,-9,-20,28,-14,-91,-142,-56,-70,-97
-10,29,39,-10,-25,34,-21,-70,-122,-52,-64,-97
-10,15,26,-3,-18,20,-38,-93,-130,-58,-58,-89
-6,3,9,1,-7,6,-19,-59,-104,-51,-56,-90
-2,-4,-2,3,0,-3,-28,-85,-116,-58,-45,-82
-22,-55,-33,38,6,-43,-7,-48,-88,-53,-49,-99
-11,-92,-81,52,35,-87,-18,-62,-93,-37,-34,-123
-3,-78,-75,41,36,-76,38,60,-36,-9,-48,-127
83,-54,-137,-14,111,-96,87,391,412,385,118,-64
222,298,76,-260,73,187,-120,291,1231,1613,1027,424
301,522,221,-412,39,371,-120,112,1556,2149,1515,769
122,164,42,-143,40,103,-240,-938,-286,190,448,352
-175,-113,62,144,-118,-25,-454,-1624,-1625,-1256,-505,-114
-197,-136,61,166,-128,-37,-313,-866,-915,-774,-436,-215
-104,-128,-24,116,-40,-76,-152,-420,-538,-487,-289,-202
-54,-178,-124,116,35,-151,1,-175,-341,-335,-235,-206
-7,-201,-194,105,94,-197,58,-102,-271,-287,-206,-205
-5,-170,-165,88,80,-167,73,-121,-305,-306,-213,-201
-35,-152,-116,94,41,-134,55,-79,-261,-257,-186,-173
-31,-109,-79,70,24,-94,-6,-110,-288,-296,-202,-171
-19,-71,-53,45,17,-62,-7,-78,-250,-281,-207,-177
-10,-30,-20,21,5,-25,-13,-70,-239,-274,-187,-151
-17,-16,1,16,-8,-8,-6,-31,-208,-258,-175,-160
-37,-18,18,27,-27,0,-4,3,-194,-250,-165,-161
-19,-53,-33,36,7,-43,-7,27,-154,-241,-155,-166
-16,-96,-80,56,32,-87,-18,53,-122,-225,-145,-158
-10,-61,-51,36,21,-56,3,133,-63,-166,-135,-122
-2,-33,-31,18,15,-32,39,229,32,-94,-104,-100
14,-22,-36,4,26,-29,44,315,107,-33,-77,-95
13,-8,-21,-2,17,-14,80,441,221,50,-58,-76
9,16,6,-13,1,11,133,564,348,148,-11,-46
44,76,32,-61,6,54,176,675,461,223,34,-36
51,86,35,-69,8,60,208,755,545,287,53,-27
64,81,17,-72,24,49,226,765,572,323,50,-63
42,82,40,-62,1,61,241,722,547,300,52,-44
5,22,17,-14,-6,19,226,632,466,241,31,-41
2,-63,-65,31,34,-64,210,500,350,167,-19,-111
6,-103,-109,49,58,-106,203,372,250,107,-47,-105
28,-90,-118,31,73,-103,195,264,154,33,-51,-96
3,-87,-90,42,47,-88,187,162,73,-20,-49,-89
19,-35,-54,8,37,-45,112,64,23,-49,-51,-79
44,16,-29,-30,36,-6,30,0,-30,-79,-48,-76
-8,-19,-11,14,2,-15,0,-22,-71,-90,-52,-69
-28,-31,-3,29,-12,-17,-19,-28,-74,-89,-35,-63
-33,-34,-1,33,-16,-17,-26,-31,-67,-94,-30,-64
1,-55,-55,27,29,-55,-26,-30,-66,-102,-58,-96
4,-71,-75,34,40,-73,-20,-14,-55,-82,-41,-88
-54,-90,-36,72,-9,-62,-13,1,-44,-74,-32,-72
-33,-109,-76,71,22,-93,-5,28,-31,-73,-37,-75
-20,-130,-111,75,46,-120,0,43,-20,-66,-33,-75
-34,-136,-102,86,34,-119,17,46,-7,-64,-37,-77
-25,-135,-110,80,43,-123,36,59,2,-59,-32,-71
-43,-153,-110,98,34,-132,41,58,9,-61,-47,-94
-45,-165,-120,105,38,-142,55,78,24,-59,-61,-118
-35,-166,-132,101,49,-149,60,84,23,-61,-59,-116
-37,-163,-126,100,45,-144,61,64,12,-59,-60,-121
-33,-164,-132,99,50,-147,64,56,-12,-71,-60,-123
-59,-209,-149,135,45,-179,66,45,-42,-106,-60,-126
-42,-232,-190,138,75,-211,58,37,-60,-117,-62,-120
6,-219,-226,107,116,-222,70,28,-76,-113,-76,-111
-15,-200,-185,108,85,-192,114,17,-77,-112,-61,-104
-29,-155,-126,93,49,-141,89,-4,-80,-108,-18,-97
-17,-102,-85,59,35,-93,37,-29,-95,-106,-15,-92
-30,-69,-39,50,4,-53,12,-43,-101,-102,-37,-88
-52,-58,-6,55,-23,-32,-2,-47,-100,-100,-40,-81
-67,-60,7,64,-37,-27,-9,-49,-101,-103,-41,-77
-40,-51,-11,45,-14,-31,-18,-52,-100,-110,-39,-77
-25,-65,-40,46,8,-52,-14,-54,-100,-115,-41,-84
-42,-111,-69,77,14,-90,-15,-59,-104,-114,-55,-84
-30,-120,-90,76,30,-105,-13,-60,-105,-115,-46,-74
-38,-121,-83,80,22,-102,-9,-59,-108,-115,-38,-69
-41,-127,-86,85,23,-107,-11,-66,-112,-114,-41,-54
-24,-146,-122,85,49,-133,-6,-63,-110,-119,-40,-77
-15,-151,-137,83,61,-144,-2,-69,-118,-119,-39,-103
-9,-144,-135,77,64,-139,4,-68,-119,-133,-48,-99
-12,-145,-133,78,61,-139,7,-73,-121,-147,-55,-99
-6,-136,-131,71,63,-133,12,-76,-121,-145,-72,-94
-38,-166,-129,102,46,-147,18,-76,-117,-143,-82,-97
-59,-192,-133,125,37,-162,28,-90,-143,-145,-79,-94
-37,-209,-172,123,68,-190,31,-57,-125,-134,-81,-113
-5,-205,-200,105,98,-202,27,-78,-136,-142,-72,-118
18,-187,-205,85,111,-195,88,-26,-102,-126,-68,-108
-11,-143,-132,77,61,-137,95,-56,-109,-107,-27,-77
18,-101,-118,42,69,-109,85,114,35,-31,-30,-86
75,-5,-80,-35,78,-42,37,395,591,520,274,56
217,484,267,-351,-25,375,-137,363,1562,1897,1259,597
275,669,393,-472,-59,531,-215,14,1496,1994,1469,775
-18,192,210,-87,-114,200,-333,-1165,-692,-298,212,292
-188,-57,131,122,-159,37,-390,-1430,-1520,-1268,-520,-102
-111,-25,86,68,-98,30,-278,-661,-704,-651,-325,-157
-79,-56,22,67,-50,-17,-153,-352,-476,-491,-241,-146
-57,-129,-72,93,8,-100,-43,-131,-309,-367,-207,-157
-47,-175,-129,111,41,-152,-26,-122,-298,-365,-196,-153
-28,-180,-152,104,62,-165,-13,-115,-288,-358,-201,-163
-19,-188,-169,104,75,-178,-1,-85,-265,-348,-190,-167
-38,-197,-159,117,61,-178,4,-90,-278,-362,-195,-164
-47,-203,-155,125,54,-179,14,-58,-258,-340,-185,-161
-49,-215,-166,132,58,-190,18,-64,-280,-359,-205,-158
-44,-221,-178,133,67,-199,26,-34,-257,-333,-218,-154
-55,-219,-164,138,54,-191,38,-16,-239,-324,-211,-157
-23,-225,-201,124,89,-213,54,24,-194,-314,-198,-161
-21,-248,-227,135,104,-237,63,74,-151,-285,-179,-158
-46,-233,-188,140,71,-210,119,165,-71,-230,-150,-152
-1,-158,-156,80,78,-157,170,264,25,-158,-112,-129
47,-45,-92,0,70,-69,138,355,140,-58,-67,-97
61,37,-24,-49,43,6,98,461,256,22,-28,-69
32,73,41,-53,-5,56,133,576,368,108,-7,-49
27,108,82,-68,-28,95,165,690,491,209,19,-37
42,104,62,-73,-10,83,176,748,553,269,49,-33
42,92,50,-67,-4,70,195,754,564,279,49,-47
35,80,45,-58,-5,62,182,698,528,243,35,-51
20,39,20,-30,-1,29,171,587,440,206,23,-64
19,2,-17,-10,18,-7,150,444,316,141,3,-93
15,-41,-56,13,36,-48,112,288,184,52,-14,-95
2,-87,-89,43,46,-88,82,167,84,-4,-23,-100
-10,-97,-87,54,39,-91,59,72,13,-55,-39,-98
1,-100,-101,50,51,-100,50,22,-39,-93,-48,-100
16,-117,-134,51,75,-125,40,-7,-74,-99,-43,-117
-3,-125,-122,64,60,-123,31,-53,-103,-129,-51,-114
-12,-159,-148,86,68,-153,36,-73,-125,-150,-54,-115
19,-186,-205,84,113,-196,34,-67,-121,-141,-44,-115
20,-184,-204,82,113,-194,36,-67,-118,-133,-43,-115
3,-202,-205,100,105,-203,34,-55,-119,-123,-33,-114
23,-206,-229,92,127,-218,44,-16,-84,-109,-31,-104
-6,-210,-203,108,99,-206,105,27,-39,-88,-44,-102
-22,-170,-148,96,64,-159,111,55,-15,-60,-24,-74
12,-93,-105,41,58,-99,62,54,-9,-43,-6,-48
8,-59,-67,26,38,-62,27,49,-7,-45,-14,-57
1,-48,-48,24,25,-48,8,47,-4,-45,-14,-56
-10,-57,-47,34,19,-52,10,42,-1,-48,-15,-54
-26,-60,-34,43,4,-47,7,40,0,-51,-19,-55
-15,-61,-46,38,15,-53,3,33,-7,-49,-20,-55
-1,-81,-80,41,40,-80,13,25,-18,-56,-21,-54
-19,-89,-70,54,26,-80,30,16,-30,-53,-24,-59
-16,-89,-74,53,29,-81,29,-2,-51,-61,-27,-70
-3,-105,-102,54,50,-103,21,-23,-73,-86,-30,-70
-3,-126,-123,65,60,-124,20,-37,-86,-93,-32,-70
10,-129,-140,60,75,-134,13,-57,-116,-102,-36,-70
-5,-137,-132,72,63,-134,10,-70,-126,-109,-39,-69
-11,-148,-137,80,64,-143,21,-73,-126,-115,-43,-71
-3,-136,-133,70,65,-134,31,-78,-137,-114,-45,-69
-1,-152,-152,77,76,-151,30,-86,-148,-119,-51,-71
18,-169,-187,76,102,-178,28,-111,-173,-146,-60,-80
-2,-173,-170,87,84,-171,37,-122,-175,-145,-55,-77
1,-208,-209,104,105,-208,28,-122,-169,-133,-47,-70
27,-186,-213,80,120,-200,58,-127,-167,-127,-41,-66
15,-144,-159,65,87,-152,86,-129,-162,-118,-35,-55
29,-97,-126,34,78,-111,32,-130,-160,-114,-32,-43
24,-49,-73,13,49,-61,-7,-124,-154,-108,-28,-38
-36,-63,-27,50,-5,-45,-13,-119,-148,-103,-25,-32
-35,-39,-4,37,-16,-21,-23,-114,-140,-97,-20,-29
8,-21,-29,7,19,-25,-30,-108,-135,-92,-22,-23
-3,-50,-47,27,22,-48,-25,-102,-125,-90,-26,-20
-14,-61,-47,37,17,-54,-20,-100,-136,-90,-25,-24
-4,-59,-55,32,25,-57,-17,-100,-152,-90,-25,-25
8,-68,-75,30,42,-71,-11,-100,-149,-90,-25,-28
16,-84,-100,34,58,-92,-8,-100,-150,-90,-25,-31
14,-89,-104,38,59,-96,-4,-101,-150,-85,-32,-32
26,-100,-126,37,76,-113,-5,-113,-150,-86,-36,-36
34,-106,-139,37,87,-123,-5,-116,-150,-83,-34,-38
24,-104,-128,40,77,-116,-5,-115,-150,-80,-36,-41
18,-117,-135,50,77,-126,-5,-115,-150,-79,-34,-45
16,-137,-153,61,85,-145,2,-115,-152,-82,-39,-44
26,-136,-162,55,94,-149,13,-114,-170,-98,-58,-56
20,-147,-167,63,94,-157,22,-100,-174,-99,-61,-55
-2,-185,-183,94,91,-184,29,-87,-167,-90,-59,-42
4,-175,-179,86,92,-177,59,-75,-163,-85,-56,-47
10,-135,-144,63,77,-139,83,-79,-156,-77,-55,-43
19,-94,-113,38,66,-103,42,-104,-152,-72,-51,-14
26,-41,-66,8,46,-53,-18,-109,-145,-65,-41,3
14,-18,-33,2,24,-25,-27,-102,-135,-55,-33,-1
6,-16,-22,6,14,-19,-24,-96,-125,-45,-24,1
1,-11,-12,5,7,-11,-25,-91,-119,-35,-19,-2
12,-13,-25,1,19,-19,-20,-88,-114,-30,-14,-5
13,-31,-44,9,29,-37,-20,-82,-110,-30,-10,-5
8,-46,-54,19,31,-49,-19,-78,-105,-27,-5,-5
24,-56,-80,16,52,-67,-14,-75,-101,-25,0,-1
24,-68,-92,22,59,-80,-9,-75,-103,-25,-4,0
12,-77,-89,33,51,-83,-4,-73,-108,-29,-12,0
8,-96,-104,44,57,-100,0,-69,-113,-31,-18,4
-4,-108,-105,57,51,-107,5,-70,-119,-30,-24,6
2,-103,-105,51,54,-104,2,-72,-118,-29,-31,3
27,-105,-132,40,80,-119,-4,-77,-115,-32,-33,-9
34,-129,-163,48,99,-146,-3,-72,-124,-42,-46,-25
22,-133,-155,56,89,-143,6,-71,-140,-37,-49,-26
9,-152,-161,71,85,-156,22,-64,-142,-27,-43,-17
12,-187,-199,88,106,-193,29,-63,-142,-20,-39,-11
8,-165,-173,79,90,-168,65,-60,-134,-12,-34,-3
31,-134,-164,52,98,-149,86,-50,-107,-5,-30,10
47,-74,-120,14,84,-97,42,-75,-113,-7,-25,35
26,-17,-43,-4,34,-30,1,-59,-97,-2,-22,49
24,-6,-30,-9,28,-18,-29,-77,-96,-8,-16,44
19,-4,-23,-7,21,-13,-28,-48,-70,16,-13,34
23,0,-23,-12,23,-11,-29,-71,-82,37,-8,32
22,8,-14,-15,18,-3,-12,-44,-63,48,-13,19
3,-17,-20,7,12,-18,-18,-43,-59,47,-6,29
2,-35,-36,17,20,-35,38,26,-13,62,-18,35
45,-46,-91,1,68,-68,77,385,410,412,132,76
215,290,75,-253,69,183,-106,244,1158,1530,954,526
358,620,262,-489,48,440,-179,73,1697,2345,1601,925
161,292,131,-227,15,211,-352,-835,59,638,710,610
-102,11,113,45,-108,62,-548,-1681,-1572,-1100,-369,145
-97,22,119,37,-108,70,-401,-933,-928,-700,-367,9
-54,-28,25,41,-39,-1,-188,-405,-480,-360,-235,0
-35,-117,-82,76,24,-99,-38,-197,-346,-274,-215,-23
7,-152,-159,73,83,-155,-10,-100,-261,-210,-185,-44
-1,-177,-177,89,88,-177,12,-117,-294,-234,-202,-53
12,-219,-232,104,122,-225,35,-60,-239,-193,-186,-46
13,-195,-208,92,110,-201,70,-64,-264,-212,-190,-41
-14,-179,-165,97,76,-172,108,-22,-219,-184,-184,-35
-6,-129,-123,68,59,-126,57,-41,-235,-191,-189,-30
4,-71,-75,34,40,-73,9,-38,-230,-177,-192,-31
-15,-53,-38,34,12,-45,-20,-46,-210,-173,-182,-27
-33,-14,19,23,-26,2,-15,0,-162,-142,-153,-18
-4,11,15,-4,-10,13,1,65,-100,-105,-127,-6
18,19,1,-18,8,9,3,96,-58,-83,-122,1
12,27,15,-20,-2,21,32,176,3,-17,-101,29
12,38,26,-25,-8,32,56,275,91,42,-68,52
28,52,24,-41,2,38,64,386,191,110,-33,46
58,90,32,-74,13,61,99,507,304,197,-7,67
57,113,56,-85,0,84,127,598,403,274,20,82
53,125,72,-89,-10,98,177,691,493,350,59,97
54,149,95,-102,-21,122,211,735,558,404,89,126
30,139,108,-85,-39,123,218,706,538,399,93,122
37,122,85,-79,-25,104,230,655,494,372,64,89
51,103,53,-77,-1,78,198,548,420,335,34,56
42,65,24,-54,9,44,161,417,314,270,13,35
25,3,-22,-14,23,-9,121,277,200,207,-2,28
23,-71,-94,24,59,-82,95,176,114,157,-16,21
43,-97,-140,27,92,-118,84,135,78,125,-27,16
23,-91,-113,34,68,-102,105,82,33,112,-22,22
35,-52,-87,9,61,-69,109,31,-2,100,-19,22
43,17,-26,-30,35,-5,38,-21,-21,97,-13,39
-8,40,48,-17,-28,44,-15,-58,-50,99,-6,52
-14,29,43,-8,-29,36,-35,-59,-46,101,-1,45
-6,25,31,-10,-19,28,-32,-36,-21,104,1,43
-5,15,20,-5,-13,17,-25,-19,-4,105,0,38
20,10,-11,-15,15,0,-24,-19,10,109,5,35
56,1,-55,-28,55,-26,-16,7,10,113,5,32
60,-16,-76,-22,69,-46,-15,38,34,127,5,27
34,-28,-62,-3,49,-45,-5,67,62,143,16,25
32,-37,-70,3,51,-53,5,80,59,145,13,20
13,-41,-54,14,34,-48,14,70,62,142,-2,17
27,-46,-73,10,50,-59,21,64,64,140,-15,13
43,-55,-99,6,71,-77,26,55,66,136,-29,10
6,-55,-61,25,34,-57,43,49,58,135,-30,10
29,-48,-77,10,53,-62,44,42,20,128,-32,7
23,-64,-87,20,56,-76,40,33,-9,110,-35,5
15,-92,-107,39,61,-99,36,10,-21,96,-36,5
26,-99,-125,37,76,-112,33,-18,-47,77,-42,-1
16,-131,-147,58,81,-139,28,-30,-66,60,-50,-18
25,-159,-184,67,104,-171,45,-43,-66,55,-43,-26
27,-112,-139,43,83,-126,76,-51,-64,46,-28,-9
47,-51,-98,3,73,-74,35,-71,-61,42,-16,17
58,15,-43,-36,50,-14,0,-88,-59,32,-6,36
28,48,20,-38,3,34,-5,-90,-55,33,-20,40
-8,35,43,-14,-25,39,-25,-95,-58,54,-25,39
-16,31,47,-8,-32,39,-39,-90,-66,56,-15,40
-17,24,41,-4,-29,32,-46,-90,-62,54,-12,40
-3,17,20,-7,-12,19,-43,-89,-60,51,-6,40
23,8,-15,-15,19,-4,-48,-91,-54,49,-2,36
36,-3,-39,-16,38,-21,-50,-88,-65,50,3,35
41,-16,-56,-12,49,-36,-50,-94,-90,43,8,34
23,-31,-54,4,39,-42,-46,-112,-93,41,9,36
36,-38,-74,1,55,-56,-35,-106,-93,38,4,34
62,-34,-96,-13,79,-65,-32,-116,-99,32,3,35
58,-36,-94,-11,77,-65,-19,-102,-89,33,-1,28
62,-36,-98,-13,80,-67,-20,-121,-103,23,-4,26
30,-59,-89,15,60,-74,-4,-110,-85,29,-4,24
28,-86,-114,29,71,-99,-8,-133,-113,18,-10,15
30,-92,-122,31,76,-107,9,-114,-102,23,-11,21
28,-135,-164,54,96,-149,7,-110,-96,19,-20,-1
57,-119,-176,31,117,-147,45,-48,-56,44,-17,5
106,-82,-188,-11,147,-135,150,324,324,330,92,23
286,272,-14,-279,150,128,-30,349,1129,1444,867,435
381,711,330,-546,25,520,-173,240,1812,2453,1683,972
204,482,278,-343,-37,380,-329,-757,210,820,909,746
-67,227,294,-80,-181,260,-569,-1794,-1609,-1073,-244,278
-124,264,388,-71,-256,326,-463,-1116,-1039,-746,-305,115
-30,183,213,-77,-121,198,-267,-480,-481,-343,-150,79
-18,54,72,-18,-45,63,-121,-254,-326,-231,-141,47
-6,-7,-1,7,-3,-4,-59,-132,-214,-143,-127,13
18,-27,-46,5,32,-36,-49,-136,-234,-165,-133,11
5,-70,-75,33,40,-72,-33,-70,-185,-128,-121,1
-27,-94,-67,61,20,-80,-35,-88,-212,-143,-123,-4
-7,-90,-83,49,38,-86,-21,-54,-182,-119,-119,-11
19,-85,-104,33,62,-94,-20,-46,-188,-123,-125,-14
18,-79,-98,31,58,-88,-6,-24,-172,-112,-137,-10
29,-72,-101,22,65,-86,2,-7,-149,-105,-133,-10
27,-73,-100,23,64,-87,13,22,-120,-97,-123,-11
26,-72,-98,23,62,-85,25,66,-87,-64,-112,-8
48,-67,-116,10,82,-91,37,115,-53,-39,-104,-13
64,-53,-117,-5,91,-85,66,225,33,18,-85,5
53,-55,-108,1,81,-81,99,354,146,103,-42,34
52,-20,-73,-16,63,-46,178,514,290,206,8,45
82,73,-9,-77,45,32,237,660,440,321,54,86
134,162,28,-148,52,95,229,739,559,419,96,115
117,236,118,-177,-1,177,224,827,667,504,130,129
77,247,171,-162,-47,209,219,855,701,534,131,131
90,244,153,-167,-32,198,212,822,688,531,121,117
62,213,151,-138,-45,182,190,753,647,508,118,113
49,158,109,-104,-31,133,150,577,502,416,93,97
58,121,63,-90,-3,92,105,398,359,322,62,79
41,85,44,-64,-2,64,59,256,240,246,47,67
27,58,30,-43,-2,44,28,130,125,170,33,58
14,13,-1,-14,8,6,7,31,46,123,20,59
24,-7,-31,-8,28,-19,0,-24,-9,96,7,62
29,-11,-39,-9,34,-25,-2,-61,-39,67,1,65
14,-18,-32,3,23,-25,-5,-95,-62,55,-4,67
25,-22,-47,-1,36,-34,-9,-96,-68,52,-10,71
30,-30,-60,0,45,-45,-10,-85,-60,48,0,66
29,-35,-64,3,47,-49,-7,-72,-57,46,8,55
45,-51,-97,3,71,-74,-3,-65,-51,38,3,42
40,-66,-106,13,73,-85,-8,-53,-44,46,1,35
43,-108,-151,33,97,-129,0,-33,-42,53,-3,35
30,-128,-158,49,94,-143,35,6,-9,74,-5,34
20,-95,-114,38,67,-104,88,41,27,101,1,37
37,-60,-97,12,67,-78,97,21,23,95,1,32
42,9,-33,-26,37,-12,31,-1,20,90,19,50
42,58,16,-50,13,36,5,-28,12,85,36,70
-1,52,52,-26,-27,52,9,-51,4,78,28,60
-8,60,69,-26,-39,64,-17,-54,-5,74,23,54
15,66,51,-40,-18,58,-38,-58,-13,67,18,46
-5,39,44,-17,-25,41,-41,-64,-23,63,12,38
-7,24,31,-9,-19,28,-40,-91,-53,57,10,37
-9,15,24,-3,-17,19,-40,-104,-63,51,22,44
-4,6,11,-1,-8,8,-42,-106,-58,47,26,46
-11,-16,-4,14,-4,-10,-55,-109,-73,40,18,45
-16,-49,-33,33,9,-41,-52,-125,-97,32,14,43
-10,-51,-40,31,15,-45,-46,-128,-109,26,8,39
-17,-50,-32,34,8,-41,-43,-123,-113,18,2,40
-1,-50,-49,26,24,-49,-36,-147,-120,11,2,36
-11,-57,-46,35,17,-51,-38,-157,-118,4,9,33
-8,-81,-74,45,33,-77,-46,-159,-125,-9,4,30
-9,-83,-74,46,33,-79,-42,-161,-136,-24,-6,26
-16,-99,-83,57,34,-90,-36,-159,-135,-27,-12,25
16,-132,-148,58,82,-140,-35,-161,-135,-20,-23,6
17,-112,-130,48,74,-121,12,-159,-135,-15,-19,7
15,-73,-87,29,51,-80,29,-160,-135,-9,10,44
35,-11,-46,-11,40,-28,-25,-168,-132,-4,30,60
33,59,25,-46,4,42,-66,-170,-119,1,35,60
-9,65,74,-28,-42,69,-82,-164,-107,7,35,60
-35,59,94,-12,-65,76,-77,-160,-100,10,35,60
-30,54,84,-12,-57,69,-74,-156,-97,15,35,60
-9,44,54,-18,-32,49,-71,-150,-93,20,34,61
7,36,30,-22,-12,33,-65,-142,-90,17,38,66
-8,21,29,-7,-18,24,-67,-133,-85,12,44,68
-13,9,23,2,-18,16,-70,-130,-87,10,41,79
-29,-19,10,24,-19,-4,-70,-130,-92,5,38,86
-26,-33,-8,30,-9,-20,-66,-128,-95,2,35,80
6,-26,-32,11,19,-29,-65,-125,-96,-2,32,78
10,-26,-36,9,23,-31,-65,-124,-95,-10,29,73
17,-19,-36,1,26,-27,-64,-135,-98,-16,29,70
1,-30,-32,15,17,-31,-65,-139,-99,-23,31,66
-3,-76,-73,40,36,-75,-63,-148,-106,-30,20,60
19,-102,-120,42,70,-111,-56,-153,-111,-38,34,55
3,-108,-111,53,57,-109,-44,-137,-109,-36,53,50
12,-107,-119,48,66,-113,-31,-133,-109,-29,49,42
19,-87,-106,35,63,-97,3,-114,-102,-24,50,42
13,-58,-72,23,43,-65,30,-114,-108,-18,50,48
18,-21,-38,2,28,-29,-2,-133,-98,-12,49,64
4,25,21,-14,-9,23,-59,-145,-103,-6,54,91
3,69,66,-36,-32,68,-83,-129,-96,-2,56,89
-9,88,97,-40,-53,92,-85,-135,-73,7,61,92
-5,80,85,-37,-45,82,-77,-127,-74,16,63,97
-10,61,71,-25,-41,65,-77,-119,-74,16,64,90
-14,47,61,-17,-38,54,-74,-134,-77,2,59,87
4,20,16,-13,-7,18,-65,-92,-50,7,50,65
10,27,16,-19,-3,21,-49,-98,-60,9,50,68
42,-2,-44,-19,42,-23,32,210,200,157,73,57
152,180,28,-166,62,103,-86,294,842,1014,669,367
334,595,261,-464,36,428,-202,186,1698,2278,1610,911
235,490,255,-362,-11,372,-277,-413,882,1442,1259,842
-67,151,218,-43,-143,185,-542,-1651,-1265,-781,9,371
-134,98,231,18,-183,164,-515,-1373,-1284,-1008,-349,101
-73,59,132,6,-103,95,-305,-576,-550,-475,-173,31
-36,-33,4,35,-20,-14,-152,-340,-407,-379,-143,15
-40,-100,-60,71,10,-80,-59,-157,-254,-262,-102,2
-39,-131,-91,85,27,-111,-40,-158,-288,-280,-106,-1
-5,-133,-128,69,62,-130,21,-85,-219,-237,-99,-14
16,-86,-101,35,59,-93,49,-81,-226,-248,-81,-8
2,-38,-39,18,21,-38,12,-91,-214,-239,-73,15
-30,-7,23,19,-27,8,-44,-107,-204,-234,-60,55
-11,30,42,-10,-27,36,-62,-95,-197,-230,-58,71
-38,52,90,-8,-65,71,-55,-37,-143,-173,-48,72
-49,57,106,-4,-78,81,-52,-16,-135,-152,-44,76
-18,54,71,-18,-45,62,-47,12,-96,-138,-36,71
-9,55,65,-23,-38,60,-43,55,-52,-123,-31,68
38,56,17,-47,10,36,-37,123,2,-86,-19,61
-14,52,66,-19,-41,59,-16,215,89,-24,14,93
-37,87,124,-25,-80,105,15,331,186,58,54,141
27,136,109,-82,-41,122,53,450,299,148,92,150
51,173,122,-112,-36,147,83,562,415,232,125,149
78,209,131,-144,-27,170,120,670,528,328,162,167
59,214,154,-137,-48,184,163,735,597,394,189,169
52,197,145,-125,-47,171,174,732,601,402,182,157
40,178,139,-109,-50,158,177,691,581,383,166,146
26,151,125,-89,-50,138,172,593,506,340,150,128
39,104,66,-72,-14,85,137,460,404,275,114,95
23,37,13,-30,5,25,112,318,281,187,89,63
4,-32,-36,14,20,-34,108,205,171,131,91,78
-25,-48,-24,37,0,-36,114,139,126,105,89,90
10,7,-3,-9,6,3,104,71,86,79,93,93
22,56,34,-39,-6,45,34,-14,40,54,102,111
-12,73,85,-31,-49,79,-31,-64,19,39,99,111
3,82,79,-43,-39,80,-58,-68,21,41,100,106
7,77,70,-42,-32,73,-70,-64,20,39,95,103
10,67,57,-39,-24,62,-80,-52,20,41,95,100
11,59,48,-35,-18,53,-96,-43,20,38,95,95
8,45,37,-27,-15,41,-85,-30,21,51,84,98
4,31,28,-18,-12,29,-68,-3,37,72,98,111
1,18,17,-10,-8,17,-56,15,52,71,105,107
-6,2,8,2,-7,5,-41,26,63,69,96,101
-4,-8,-4,6,0,-6,-30,41,67,70,93,96
-16,-33,-17,24,1,-24,-17,46,59,69,85,89
-45,-56,-10,51,-17,-33,-10,40,52,71,81,85
-28,-55,-27,42,0,-41,-7,36,45,68,82,79
-26,-56,-30,41,2,-43,-4,32,37,55,76,72
-28,-61,-33,45,3,-47,1,26,32,37,67,72
-13,-59,-46,36,17,-52,4,12,18,25,58,75
-14,-65,-50,40,18,-57,7,-2,-2,17,54,78
-12,-102,-90,57,39,-96,15,-14,-9,11,56,81
2,-101,-103,50,53,-102,40,-27,-16,3,54,84
7,-69,-76,32,42,-72,47,-35,-22,-5,58,86
5,-37,-42,16,23,-39,12,-57,-30,-9,80,88
8,43,36,-25,-14,39,-21,-81,-35,-4,105,110
-7,83,90,-38,-49,87,-42,-85,-30,1,109,121
-27,71,98,-22,-63,85,-38,-85,-30,4,100,115
-50,70,121,-10,-86,95,-37,-85,-22,11,94,111
-18,61,79,-22,-49,70,-62,-90,-33,3,88,107
-5,58,63,-27,-34,60,-66,-89,-44,-9,79,98
-34,49,83,-7,-59,65,-66,-96,-54,-21,91,90
-26,23,49,1,-38,36,-71,-111,-75,-28,102,123
-24,9,33,7,-29,21,-68,-109,-75,-27,99,138
-23,5,28,9,-26,16,-65,-110,-75,-24,101,129
-18,1,19,8,-18,10,-59,-109,-75,-25,99,126
-3,-5,-1,4,-1,-3,-59,-111,-76,-37,101,116
6,-6,-12,0,9,-8,-52,-110,-71,-41,99,109
-1,-23,-22,12,11,-23,-52,-120,-71,-39,94,101
-11,-44,-34,28,12,-39,-45,-120,-68,-34,88,94
2,-51,-52,25,27,-51,-37,-125,-85,-36,85,89
11,-49,-60,19,35,-54,-33,-123,-101,-46,80,91
12,-68,-80,28,47,-74,-20,-114,-88,-37,75,88
8,-94,-101,43,55,-98,-17,-131,-100,-37,81,93
13,-72,-85,29,49,-78,37,-103,-75,-20,89,86
40,-9,-49,-15,45,-29,21,-142,-100,-26,97,92
26,33,8,-29,9,20,-38,-90,-49,-6,114,117
18,73,55,-46,-19,64,-64,-135,-58,-9,135,123
-11,72,83,-30,-48,77,12,71,87,56,106,86
64,152,88,-109,-12,120,-3,430,700,682,449,249
277,583,306,-431,-15,444,-194,400,1649,2058,1447,790
300,681,381,-491,-41,531,-210,83,1560,2129,1652,958
43,249,206,-146,-82,227,-381,-1210,-655,-161,417,481
-160,60,220,49,-190,140,-500,-1558,-1506,-1170,-334,109
-114,99,213,7,-164,156,-346,-690,-644,-544,-160,72
-54,75,130,-11,-92,102,-208,-369,-414,-367,-78,85
-16,5,20,6,-18,12,-93,-158,-244,-243,-53,53
5,-25,-31,10,18,-28,-73,-135,-232,-241,-37,39
-43,-52,-10,48,-16,-31,-50,-109,-221,-245,-40,41
-50,-72,-22,61,-13,-47,-37,-79,-191,-232,-30,38
-28,-65,-37,47,5,-51,-31,-94,-207,-249,-33,36
-23,-94,-70,59,24,-82,-20,-62,-179,-231,-22,34
-33,-103,-70,68,19,-86,-19,-68,-196,-247,-33,38
-18,-119,-101,69,41,-109,1,-24,-172,-218,-33,43
-2,-133,-132,68,65,-132,9,-5,-153,-197,-27,40
-4,-93,-88,49,42,-90,61,46,-110,-168,-14,40
33,-34,-67,1,50,-50,88,99,-58,-130,14,41
24,45,21,-35,1,33,55,137,14,-80,56,89
-7,87,94,-41,-50,90,57,206,79,-14,75,138
14,121,107,-68,-46,113,62,324,195,71,82,131
21,195,174,-108,-77,184,65,483,354,181,139,156
24,225,202,-125,-89,213,72,613,490,297,192,187
42,240,198,-141,-79,219,89,717,601,381,222,189
68,260,192,-164,-62,226,140,820,704,468,259,191
69,256,187,-163,-59,221,157,844,740,500,267,183
60,219,159,-140,-49,189,155,806,692,462,249,188
63,174,112,-119,-25,143,156,698,624,426,235,164
59,143,84,-102,-13,113,134,533,483,337,199,120
44,105,61,-75,-9,83,97,369,334,247,158,112
16,64,48,-40,-16,56,45,213,209,158,141,105
-8,29,37,-11,-23,33,42,107,100,71,128,94
-15,17,31,-1,-23,24,33,43,45,40,118,92
-5,19,24,-8,-15,21,-7,0,-8,18,114,99
-13,-1,12,7,-13,6,-14,-48,-35,-1,108,105
5,-30,-34,13,20,-32,-19,-68,-52,-27,104,98
23,-73,-96,25,60,-85,-26,-65,-80,-34,95,87
25,-98,-123,37,75,-111,-2,-53,-59,-21,104,78
32,-76,-108,22,70,-92,44,-15,-38,-16,117,75
15,-41,-56,14,36,-49,39,-21,-25,-6,113,91
30,35,4,-33,13,19,-7,-37,-12,-2,129,118
15,67,52,-41,-19,60,-43,-35,-4,7,137,126
0,71,71,-35,-36,71,-51,-11,35,17,134,121
14,85,70,-50,-28,77,-43,26,52,30,133,118
6,68,61,-37,-28,64,-39,32,42,40,129,115
10,61,52,-36,-21,56,-33,43,39,36,131,110
3,47,44,-26,-21,46,-26,37,32,24,124,101
1,33,32,-17,-15,32,-28,22,27,16,111,92
-4,21,25,-9,-14,23,-30,17,20,4,100,84
2,9,7,-6,-3,8,-31,-23,-9,-4,94,80
-5,1,6,1,-5,4,-34,-40,-37,-17,91,80
-10,-8,3,9,-6,-2,-35,-37,-42,-39,88,80
19,-17,-36,-1,27,-26,-35,-65,-62,-39,83,79
12,-24,-36,6,25,-30,-35,-73,-66,-54,80,81
-8,-27,-19,18,6,-23,-35,-68,-67,-75,87,74
-10,-57,-47,34,19,-52,-32,-73,-81,-67,90,68
12,-68,-81,28,47,-74,-24,-91,-96,-79,84,61
15,-70,-85,28,50,-77,-17,-105,-121,-91,83,54
6,-103,-109,49,58,-106,-12,-105,-119,-90,77,50
13,-88,-101,38,57,-94,15,-110,-121,-89,74,43
-2,-57,-55,30,27,-55,41,-114,-126,-85,87,65
32,-5,-36,-13,34,-20,-11,-115,-124,-85,82,77
30,52,22,-41,4,37,-81,-125,-121,-83,93,81
-17,68,85,-26,-51,77,-84,-112,-92,-79,106,88
10,110,100,-60,-45,105,-86,-114,-90,-81,98,79
-2,91,93,-45,-47,91,-84,-106,-92,-80,94,72
-35,48,83,-7,-59,66,-85,-100,-85,-79,91,64
-41,52,93,-6,-67,72,-86,-105,-93,-82,84,57
-40,32,72,4,-56,52,-76,-82,-73,-71,93,65
-27,34,61,-4,-44,47,-82,-113,-101,-81,104,78
-15,15,30,0,-22,22,-62,-61,-66,-68,96,56
34,17,-17,-26,25,0,-78,-114,-91,-74,107,56
43,-5,-48,-18,45,-26,16,144,106,31,90,18
83,89,6,-86,39,47,-22,370,708,732,528,233
272,511,239,-392,16,375,-190,225,1522,2041,1517,811
273,498,226,-386,23,362,-162,-173,1145,1702,1411,828
-31,33,63,-1,-47,48,-327,-1331,-958,-555,98,261
-158,-93,65,125,-111,-14,-426,-1440,-1457,-1204,-446,-43
-102,-27,75,64,-88,24,-289,-674,-681,-640,-230,-27
-65,-84,-20,74,-22,-52,-147,-359,-465,-485,-142,-6
-22,-130,-108,76,43,-119,-20,-147,-264,-349,-104,-25
-27,-88,-61,57,17,-74,19,-141,-271,-334,-85,-5
-6,-40,-34,24,14,-37,10,-114,-237,-293,-53,27
2,0,-2,-1,2,-1,-49,-119,-226,-301,-41,31
-16,10,25,3,-21,18,-76,-125,-228,-299,-69,29
-32,33,66,-1,-49,49,-71,-102,-199,-291,-70,31
-33,50,83,-9,-58,66,-69,-94,-202,-295,-61,29
-32,26,58,3,-45,42,-62,-62,-172,-255,-53,31
-19,24,44,-3,-32,34,-60,-41,-160,-247,-46,35
8,28,20,-18,-7,24,-54,-1,-119,-231,-40,33
-10,36,46,-13,-28,41,-48,52,-73,-197,-28,47
-11,34,45,-12,-29,40,-37,126,-5,-138,-5,55
-8,36,44,-15,-26,40,-26,206,71,-82,20,50
6,52,46,-30,-20,49,-9,311,166,-19,30,42
32,78,46,-55,-7,62,36,441,290,75,73,70
45,137,92,-91,-24,114,85,578,437,202,135,114
52,167,115,-110,-32,141,116,686,553,291,161,105
46,157,112,-102,-33,134,150,748,617,344,186,93
47,143,96,-96,-24,119,167,736,633,358,180,83
39,118,80,-79,-21,99,171,681,588,326,156,67
28,82,54,-56,-14,68,177,588,504,276,138,49
36,34,-3,-35,19,15,173,444,379,194,98,38
35,11,-24,-23,30,-7,177,312,257,117,77,33
24,22,-1,-23,12,10,139,186,155,53,72,24
9,74,65,-42,-28,69,43,62,76,3,85,49
-1,114,115,-57,-58,114,-16,-41,16,-43,92,61
1,112,111,-57,-55,111,-40,-74,-22,-59,80,49
5,112,107,-59,-51,109,-68,-75,-41,-70,73,45
-2,94,96,-46,-49,94,-84,-88,-52,-84,62,37
-25,64,89,-20,-57,77,-81,-79,-50,-78,63,35
-28,45,73,-9,-51,59,-72,-74,-65,-77,66,35
-13,34,47,-11,-30,40,-64,-69,-65,-74,64,35
-5,23,28,-10,-16,25,-56,-63,-42,-75,65,35
2,12,10,-7,-4,11,-49,-54,-24,-69,65,35
0,7,6,-4,-3,6,-43,-40,-12,-64,64,34
1,-2,-3,0,2,-2,-37,-32,-3,-57,60,25
-8,-7,1,8,-4,-3,-32,-26,7,-58,57,16
-27,-14,13,20,-20,-1,-25,-21,4,-60,55,7
-22,-24,-3,23,-9,-13,-21,-18,-5,-61,51,-2
-18,-36,-18,27,0,-27,-14,-11,-10,-59,51,-11
-8,-50,-42,30,17,-46,-12,-13,-22,-63,42,-25
3,-58,-61,28,32,-60,0,-31,-46,-97,25,-36
-14,-98,-84,56,36,-91,-8,-46,-65,-110,25,-44
-26,-110,-84,69,29,-97,4,-55,-66,-102,25,-41
4,-54,-59,25,32,-56,50,-55,-64,-95,35,-29
24,5,-20,-14,22,-7,28,-61,-56,-114,50,-20
0,71,71,-36,-36,70,-17,-86,-58,-127,46,-14
-8,97,105,-45,-57,101,-52,-108,-80,-118,45,-15
-21,86,107,-33,-64,96,-70,-111,-88,-117,45,-27
-53,82,135,-15,-94,108,-73,-109,-87,-108,40,-31
-61,73,134,-7,-98,104,-79,-106,-93,-128,40,-29
-38,68,106,-15,-72,87,-74,-104,-110,-141,39,-31
-35,62,97,-13,-66,79,-75,-107,-118,-139,32,-29
-50,53,103,-1,-77,78,-75,-118,-114,-141,27,-31
-41,44,85,-2,-63,64,-75,-121,-117,-141,22,-34
-18,36,54,-9,-36,45,-75,-118,-129,-160,16,-36
6,28,21,-17,-8,24,-71,-137,-123,-158,11,-33
-7,21,28,-7,-18,24,-68,-154,-125,-167,10,-42
-23,11,34,6,-29,23,-64,-148,-142,-191,9,-56
-21,5,26,8,-24,15,-61,-152,-139,-189,4,-53
-25,-4,21,14,-23,8,-56,-146,-147,-191,-2,-64
-39,-21,18,30,-28,-1,-54,-147,-168,-195,-5,-70
-43,-34,9,38,-26,-12,-49,-144,-168,-195,-11,-63
-11,-65,-54,39,22,-60,-50,-142,-174,-191,-14,-60
-9,-71,-62,40,27,-67,-34,-141,-173,-185,-9,-54
0,-29,-29,15,15,-29,25,-125,-139,-170,9,-51
18,18,0,-18,9,9,12,-144,-144,-173,18,-52
13,59,46,-36,-17,52,-68,-132,-128,-167,20,-58
10,104,93,-57,-42,98,-101,-171,-148,-175,21,-51
-8,119,127,-56,-67,123,-86,-114,-100,-150,16,-60
-22,134,156,-56,-89,144,-105,-136,-95,-131,28,-49
-39,100,139,-31,-89,119,-38,69,49,-68,5,-61
49,166,117,-108,-34,141,-53,358,622,542,365,116
252,612,360,-433,-54,485,-207,233,1530,1884,1320,635
273,680,407,-477,-67,543,-221,-77,1434,1921,1482,778
23,226,203,-125,-90,214,-423,-1250,-741,-333,257,315
-134,70,204,32,-169,137,-544,-1527,-1529,-1288,-464,-63
-105,84,189,10,-147,136,-376,-693,-693,-673,-271,-100
-67,54,121,6,-94,87,-216,-394,-482,-527,-219,-112
-43,22,64,11,-54,43,-75,-163,-278,-401,-184,-142
-55,-25,29,40,-42,2,-66,-155,-304,-401,-164,-131
-64,-50,13,57,-38,-18,-55,-156,-309,-394,-176,-137
-40,-69,-29,54,-5,-48,-46,-140,-293,-374,-166,-134
5,-74,-79,35,42,-77,-52,-155,-317,-386,-188,-144
-15,-107,-92,61,39,-99,-25,-93,-260,-359,-174,-144
-27,-114,-87,71,30,-100,-26,-86,-269,-372,-173,-139
-12,-74,-62,43,25,-68,28,-51,-224,-347,-163,-119
-21,-41,-20,31,-1,-30,59,-30,-198,-331,-148,-87
11,33,21,-22,-5,27,-15,1,-162,-285,-130,-85
-40,50,90,-5,-66,70,-53,16,-144,-263,-122,-85
-50,85,135,-17,-93,110,-37,83,-72,-215,-113,-67
25,172,147,-98,-61,159,-14,200,36,-136,-82,-43
3,179,176,-91,-87,177,8,309,145,-55,-44,-32
-4,198,202,-97,-103,200,33,443,275,36,-7,-23
26,215,189,-121,-82,202,73,564,396,122,29,-12
25,231,205,-128,-90,218,103,685,519,232,64,-3
16,226,209,-121,-97,217,128,758,599,293,84,8
27,214,187,-121,-81,200,154,751,627,316,90,13
64,237,173,-151,-55,205,159,703,592,311,77,5
39,201,162,-120,-62,181,144,601,501,256,59,-12
6,145,139,-75,-67,142,121,443,376,168,45,-46
-11,108,119,-49,-66,113,87,277,229,83,28,-53
-31,77,108,-24,-70,92,45,149,115,20,7,-56
-19,40,59,-11,-39,50,11,44,24,-46,-28,-85
-31,14,45,8,-38,30,0,-35,-48,-83,-35,-85
-1,9,10,-4,-5,10,-20,-82,-96,-108,-45,-85
17,-32,-50,8,34,-41,-26,-85,-115,-116,-64,-85
-22,-48,-27,35,3,-37,16,-87,-111,-106,-55,-85
-29,-28,2,29,-15,-13,43,-89,-107,-102,-44,-84
-4,15,20,-6,-12,18,4,-96,-103,-93,-19,-59
3,92,89,-47,-44,90,-57,-129,-97,-88,-8,-48
6,112,106,-59,-50,109,-82,-115,-79,-81,-20,-49
-15,101,115,-43,-65,108,-95,-81,-53,-69,-32,-64
-56,97,153,-21,-105,125,-92,-55,-27,-58,-33,-71
-46,88,133,-22,-90,110,-76,-31,-1,-48,-25,-63
-38,83,121,-23,-80,102,-66,-21,10,-44,-21,-63
-27,76,104,-25,-66,90,-53,-10,10,-38,-14,-57
-23,69,92,-24,-58,80,-43,-5,9,-33,-16,-55
-36,62,98,-14,-67,80,-36,-6,10,-27,-13,-66
-34,56,90,-11,-62,72,-31,-4,8,-27,-22,-71
-35,50,84,-8,-60,67,-26,-18,-18,-51,-39,-70
-25,45,71,-10,-49,58,-19,-43,-40,-67,-41,-70
-22,41,63,-10,-43,52,-17,-58,-55,-74,-55,-70
-13,37,49,-13,-31,43,-29,-62,-59,-70,-62,-81
-3,29,32,-13,-18,30,-31,-60,-48,-55,-63,-91
-31,4,35,13,-33,19,-29,-92,-87,-93,-66,-89
-36,-19,17,27,-26,-1,-31,-127,-127,-129,-66,-94
-30,-35,-5,32,-12,-19,-28,-122,-132,-121,-76,-96
4,-61,-65,29,34,-63,-30,-129,-141,-115,-80,-92
24,-42,-66,9,45,-54,15,-117,-139,-107,-71,-84
-38,10,47,14,-43,28,14,-112,-134,-100,-58,-76
-39,57,95,-9,-68,76,-55,-146,-132,-94,-47,-70
0,109,109,-55,-55,109,-68,-147,-126,-90,-43,-65
-26,122,148,-49,-87,135,-77,-151,-126,-89,-37,-60
-26,144,169,-60,-98,156,-87,-148,-118,-85,-34,-57
0,151,151,-76,-75,150,-92,-153,-122,-83,-28,-50
-29,106,135,-39,-82,120,-94,-147,-117,-78,-25,-51
-42,89,130,-24,-86,109,-98,-152,-116,-83,-36,-49
-30,86,116,-28,-73,101,-100,-153,-115,-86,-51,-51
-35,69,103,-17,-69,86,-102,-152,-114,-87,-52,-50
-39,59,98,-11,-69,79,-109,-164,-132,-94,-55,-49
-39,42,81,-2,-60,62,-93,-140,-118,-91,-62,-65
-35,48,83,-7,-59,65,-88,-178,-142,-100,-53,-62
-30,32,62,-1,-46,47,-53,-123,-105,-80,-54,-70
-21,36,57,-8,-39,46,-70,-171,-143,-94,-29,-58
19,20,1,-20,8,10,23,103,59,5,-50,-105
103,106,3,-105,50,54,-18,325,672,704,352,94
255,527,272,-391,-8,399,-197,155,1481,1986,1320,661
240,503,263,-371,-12,383,-182,-205,1106,1652,1238,698
-29,84,112,-27,-71,98,-432,-1449,-1057,-597,-17,192
-142,18,160,62,-151,89,-491,-1573,-1566,-1243,-567,-96
-102,89,192,6,-147,140,-256,-691,-690,-615,-352,-105
-43,118,161,-37,-102,139,-178,-400,-470,-444,-242,-95
-26,96,123,-35,-75,109,-111,-218,-307,-318,-207,-106
-72,80,153,-4,-113,116,-101,-214,-304,-305,-198,-106
-52,79,131,-14,-92,105,-90,-156,-256,-285,-217,-120
-68,68,136,-1,-102,102,-83,-126,-237,-272,-212,-117
-81,67,148,7,-115,107,-79,-127,-247,-262,-206,-107
-45,55,100,-5,-73,77,-70,-102,-227,-249,-201,-101
-35,43,79,-4,-57,61,-71,-106,-242,-253,-199,-91
-34,37,71,-2,-53,54,-62,-70,-197,-237,-194,-88
-30,40,70,-5,-50,55,-61,-49,-178,-226,-191,-83
-24,42,66,-9,-45,54,-48,-4,-147,-196,-187,-82
-16,44,60,-14,-39,52,-36,39,-109,-173,-179,-77
-14,46,60,-16,-37,53,-18,108,-59,-128,-171,-76
-14,54,68,-20,-41,61,8,205,28,-72,-149,-73
-18,84,102,-33,-60,93,48,328,148,7,-111,-40
-38,98,136,-30,-88,117,86,465,282,102,-70,-30
-15,117,132,-51,-74,124,114,575,394,181,-35,-34
21,155,134,-88,-57,144,160,690,513,277,-9,-25
38,154,117,-96,-40,135,202,772,586,342,3,-22
71,157,85,-114,-8,121,254,767,598,353,12,-14
14,152,137,-83,-62,144,292,719,587,343,27,-11
-19,166,186,-74,-103,176,219,577,492,294,20,-15
-1,193,194,-96,-98,193,118,387,358,218,-6,-21
-28,179,207,-75,-118,193,71,240,220,137,-31,-26
-26,163,189,-69,-108,176,22,121,127,84,-47,-32
-28,132,160,-52,-95,146,-27,35,63,40,-52,-37
-41,88,129,-24,-86,108,-49,-32,-1,9,-64,-41
-62,52,114,5,-88,83,-59,-71,-39,2,-71,-45
-68,35,104,16,-86,69,-58,-76,-53,-5,-70,-45
-55,26,82,14,-69,54,-54,-74,-47,-16,-69,-45
-37,36,72,0,-55,54,-51,-74,-46,-14,-66,-45
-35,32,67,1,-51,49,-46,-89,-42,1,-64,-45
-57,-2,54,29,-55,26,-44,-86,-40,-6,-66,-43
-40,-13,26,26,-33,6,-35,-69,-37,-10,-70,-40
-20,-7,13,13,-16,3,-25,-57,-28,1,-70,-39
-15,-14,2,15,-8,-6,-14,-38,-17,7,-72,-49
-32,-43,-11,38,-10,-27,-7,-28,-6,18,-76,-63
-56,-57,-1,56,-27,-29,1,-17,7,32,-74,-58
-38,-57,-19,48,-9,-38,4,-8,13,36,-80,-64
-10,-82,-72,46,31,-77,14,3,2,34,-88,-83
3,-106,-109,52,56,-108,29,12,19,32,-81,-87
-7,-100,-93,54,43,-96,50,20,25,29,-74,-84
-20,-62,-42,41,11,-51,95,29,11,31,-68,-75
-12,19,31,-3,-22,25,55,-8,3,20,-61,-67
-29,55,83,-13,-56,69,-12,-58,-19,8,-60,-63
-46,54,100,-4,-74,77,-21,-75,-25,4,-60,-56
-52,70,122,-9,-87,95,-40,-74,-26,-1,-60,-51
-58,57,116,0,-87,86,-52,-79,-23,13,-59,-53
-52,53,105,-1,-78,79,-55,-93,-35,-1,-62,-56
-43,45,89,-1,-66,67,-55,-95,-60,-31,-65,-59
-23,34,58,-6,-41,46,-54,-96,-61,-29,-65,-61
-19,25,45,-3,-33,35,-55,-101,-66,-31,-65,-66
-43,-8,35,25,-39,13,-54,-99,-68,-29,-65,-63
-47,-21,25,34,-36,2,-50,-108,-72,-31,-65,-60
-43,-20,22,32,-33,1,-50,-128,-96,-52,-64,-57
-35,-19,16,27,-25,-1,-49,-131,-102,-56,-66,-55
-38,-23,14,30,-26,-4,-44,-130,-99,-54,-63,-51
-44,-40,3,42,-23,-18,-46,-135,-102,-56,-70,-49
-23,-66,-43,45,10,-55,-41,-134,-98,-53,-74,-62
-27,-88,-61,58,18,-74,-35,-139,-106,-59,-77,-66
-27,-75,-48,51,11,-61,-26,-143,-116,-57,-90,-64
-25,-103,-77,64,27,-90,-22,-132,-112,-50,-86,-65
-27,-111,-84,69,28,-97,9,-124,-107,-39,-81,-65
-10,-60,-49,35,20,-54,49,-126,-98,-34,-75,-65
-6,-21,-15,14,5,-18,2,-124,-87,-25,-50,-58
-8,33,40,-13,-24,36,-51,-128,-78,-8,-42,-47
-20,65,84,-23,-52,74,-60,-132,-67,-19,-59,-40
-48,59,107,-6,-78,83,-60,-112,-58,-4,-60,-40
-65,46,111,10,-89,79,-55,-102,-55,14,-55,-40
-82,28,109,27,-96,68,-54,-96,-52,7,-54,-40
-66,16,82,25,-74,49,-50,-89,-49,12,-49,-40
-39,5,43,17,-41,24,-49,-83,-46,8,-52,-41
-44,-8,36,25,-39,14,-44,-75,-45,12,-55,-44
-48,-17,30,32,-39,6,-40,-90,-50,24,-55,-47
-56,-32,24,44,-39,-4,-38,-97,-50,20,-55,-50
-59,-41,18,50,-39,-11,-33,-94,-51,15,-55,-53
-63,-52,11,57,-37,-21,-30,-96,-55,9,-55,-55
-44,-47,-3,45,-20,-25,-26,-95,-55,4,-59,-57
-44,-59,-15,51,-14,-37,-20,-95,-57,-2,-66,-61
-64,-95,-31,80,-16,-63,-15,-104,-65,-5,-71,-59
-38,-72,-34,56,-2,-53,-9,-109,-69,-4,-75,-61
-50,-94,-45,72,-2,-69,-3,-102,-66,-16,-80,-66
-44,-146,-102,96,29,-124,2,-98,-62,-14,-77,-58
-31,-139,-108,85,39,-123,23,-91,-59,-1,-70,-47
-33,-100,-67,67,17,-83,52,-95,-56,22,-65,-38
-12,-43,-31,28,10,-37,29,-103,-52,37,-60,-29
-36,-14,22,25,-29,4,-21,-97,-43,34,-54,-24
-42,21,63,10,-53,42,-41,-92,-32,35,-48,-19
-50,46,96,1,-73,71,-48,-87,-24,38,-44,-13
-68,37,105,15,-87,71,-48,-81,-17,51,-38,-7
-51,31,82,10,-67,56,-43,-77,-11,53,-32,-7
-36,21,56,7,-46,38,-40,-71,-4,47,-32,-11
-29,7,36,11,-32,21,-37,-70,3,43,-36,-16
-36,-8,29,22,-32,10,-32,-70,3,38,-38,-19
-35,-16,19,25,-27,2,-29,-65,-2,34,-41,-23
-42,-31,10,36,-26,-10,-26,-65,-5,29,-44,-30
-51,-49,2,50,-26,-24,-23,-64,-9,37,-46,-30
-50,-54,-4,52,-22,-29,-21,-60,-14,42,-45,-31
-37,-52,-14,45,-12,-33,-16,-60,-14,32,-45,-36
-20,-50,-30,35,5,-40,-16,-55,-22,25,-45,-34
-26,-71,-45,48,10,-57,-12,-54,-28,15,-47,-38
-46,-100,-54,73,4,-77,-6,-71,-42,6,-61,-56
-52,-114,-62,83,5,-87,1,-73,-53,12,-65,-64
7,-105,-112,49,59,-108,10,-52,-28,23,-57,-54
17,-100,-117,42,67,-109,34,-44,-16,33,-51,-47
-30,-85,-56,58,13,-70,69,-40,-13,41,-44,-39
-16,-45,-29,31,6,-37,39,-50,0,49,-37,-32
-27,1,28,13,-27,14,4,-68,-3,51,-33,-30
-19,44,63,-13,-41,53,-3,-48,16,62,-30,-26
-31,54,85,-11,-58,69,-25,-67,6,62,-27,-25
-80,43,123,18,-102,82,-23,-38,28,73,-22,-20
-56,31,88,12,-72,59,-39,-63,22,67,-20,-22
-43,23,66,10,-55,45,-22,-30,36,73,-44,-33
-32,7,39,12,-36,23,-27,-23,43,86,-42,-21
-67,-26,41,46,-54,8,11,45,65,76,-53,-57
-33,-26,6,29,-19,-10,64,388,465,393,77,-30
182,314,132,-248,24,223,-106,304,1247,1543,898,436
300,644,344,-472,-22,494,-178,163,1826,2418,1616,891
139,350,211,-245,-36,281,-371,-805,230,758,797,621
-142,76,218,33,-180,147,-612,-1727,-1473,-1032,-321,146
-163,100,264,31,-214,182,-430,-963,-856,-682,-363,-12
-71,35,106,18,-89,70,-190,-385,-380,-345,-227,-70
-108,-87,21,97,-64,-33,-44,-193,-269,-280,-242,-104
-81,-136,-55,109,-13,-95,17,-83,-165,-197,-213,-109
-46,-161,-115,104,35,-137,47,-96,-198,-220,-228,-131
-46,-179,-133,113,44,-156,70,-30,-144,-181,-228,-162
-28,-146,-118,87,45,-132,100,-58,-170,-210,-215,-142
-29,-101,-72,66,22,-87,104,-37,-119,-193,-188,-117
-49,-48,1,48,-24,-23,51,-44,-143,-204,-186,-116
-57,-31,25,44,-41,-3,44,-29,-136,-196,-204,-106
-84,-7,77,45,-81,35,29,19,-80,-159,-187,-102
-83,28,111,27,-97,70,30,45,-55,-129,-166,-98
-35,30,65,3,-50,48,31,81,-28,-106,-158,-92
-31,29,60,1,-45,44,28,131,11,-84,-148,-73
-29,32,61,-2,-45,47,46,211,81,-30,-133,-55
-32,26,58,3,-45,42,58,310,169,28,-101,-50
-20,45,66,-13,-43,55,83,403,257,84,-70,-43
-1,112,113,-56,-57,112,124,526,368,171,-39,-18
8,147,139,-77,-66,142,156,627,474,252,-7,6
27,172,145,-100,-60,159,194,713,552,321,31,14
19,191,172,-105,-77,181,223,766,616,371,58,26
8,174,166,-91,-79,170,224,753,622,369,48,32
40,162,122,-101,-41,142,217,711,588,357,43,2
41,126,85,-84,-23,106,216,618,532,316,15,-36
-11,68,78,-29,-45,73,197,485,423,243,-18,-42
-5,23,28,-9,-17,26,173,354,317,190,-39,-65
23,-28,-51,3,37,-39,170,259,250,148,-62,-101
6,-72,-78,34,42,-75,165,191,183,104,-63,-100
-15,-56,-41,35,14,-48,168,141,145,78,-57,-85
4,17,12,-11,-4,15,118,69,112,62,-53,-83
5,54,49,-30,-22,51,34,16,87,47,-48,-90
-19,47,67,-14,-43,56,1,21,92,45,-44,-88
-31,55,86,-13,-58,70,-12,20,94,45,-40,-84
-30,48,78,-10,-54,63,-17,19,98,45,-46,-86
-10,28,38,-9,-25,33,-24,24,100,45,-53,-84
11,18,7,-14,2,12,-19,43,111,46,-60,-100
11,7,-4,-9,7,1,-4,68,126,55,-60,-116
-7,-2,5,4,-6,1,18,103,148,73,-60,-114
-5,-17,-12,11,4,-14,26,127,166,78,-60,-115
-7,-39,-32,23,12,-35,27,129,159,68,-60,-115
-14,-51,-36,33,11,-43,51,138,152,62,-61,-115
-20,-58,-39,39,10,-48,68,139,145,54,-58,-116
-14,-58,-43,36,15,-51,71,132,139,48,-77,-132
-6,-51,-45,29,19,-48,68,126,133,38,-101,-146
-7,-46,-40,27,17,-43,81,119,132,20,-109,-145
-6,-39,-33,23,13,-35,92,104,111,6,-113,-145
-38,-68,-31,53,-4,-49,88,77,66,-13,-118,-143
-24,-120,-95,73,36,-107,92,49,51,-30,-120,-156
8,-132,-139,62,74,-135,86,38,49,-40,-112,-160
8,-92,-100,42,54,-96,110,38,41,-45,-104,-152
0,-52,-52,26,27,-52,98,21,37,-47,-95,-151
-12,-2,10,7,-12,4,47,-11,31,-51,-92,-145
-4,49,52,-23,-28,50,40,-33,27,-52,-96,-145
-25,47,71,-11,-48,59,31,-37,24,-57,-95,-144
-46,41,87,2,-67,64,21,-32,21,-49,-95,-139
-52,36,88,8,-70,61,3,-29,18,-49,-95,-141
-50,30,79,10,-65,54,-17,-26,15,-72,-95,-137
-29,25,53,2,-41,39,-14,-21,14,-77,-95,-135
-12,20,32,-5,-22,26,-11,-21,7,-74,-95,-134
-9,5,14,2,-11,9,-7,-30,0,-78,-96,-133
-34,-36,-2,35,-16,-18,-4,-40,-6,-74,-98,-129
-34,-57,-23,46,-5,-40,1,-48,-12,-76,-114,-131
-20,-59,-38,40,9,-48,8,-54,-19,-86,-117,-146
-27,-63,-36,45,5,-49,14,-58,-24,-84,-106,-139
-15,-71,-56,43,21,-63,20,-59,-40,-104,-126,-152
-18,-74,-56,46,19,-65,28,-56,-47,-119,-137,-169
-29,-78,-49,54,11,-63,32,-52,-36,-111,-134,-169
-9,-69,-60,40,26,-64,36,-66,-54,-125,-133,-175
-10,-109,-98,60,44,-103,33,-66,-68,-135,-129,-170
-29,-151,-121,90,47,-136,45,-75,-71,-137,-130,-162
-31,-111,-80,71,25,-96,93,-67,-42,-125,-126,-155
-38,-76,-39,57,0,-57,90,-80,-37,-127,-119,-152
-16,-30,-14,23,-1,-22,55,-73,-23,-118,-112,-154
19,24,4,-22,7,14,8,-67,-19,-115,-106,-158
-22,55,78,-17,-50,66,8,-63,-15,-112,-98,-150
-61,26,87,17,-74,56,19,-21,32,-76,-96,-161
-68,21,89,23,-79,55,11,-30,20,-57,-103,-147
-66,0,65,33,-66,32,95,324,321,115,-74,-151
77,188,111,-132,-17,150,-10,448,990,965,505,144
318,675,357,-497,-20,516,-115,350,1904,2328,1514,735
259,555,297,-407,-19,426,-226,-360,967,1439,1166,685
-73,137,210,-33,-142,173,-509,-1604,-1259,-906,-187,149
-173,65,238,54,-206,151,-458,-1231,-1163,-1053,-513,-121
-102,34,136,34,-119,84,-230,-472,-453,-528,-325,-157
-68,-29,39,48,-53,5,-63,-243,-329,-452,-319,-168
-57,-89,-32,74,-12,-60,21,-62,-164,-333,-296,-190
-69,-114,-44,92,-12,-79,22,-88,-197,-364,-310,-204
-60,-151,-91,106,15,-120,49,-27,-144,-325,-302,-228
-48,-161,-113,104,33,-137,54,-31,-165,-345,-306,-236
-56,-185,-130,121,37,-157,72,-8,-147,-349,-304,-234
-49,-213,-164,131,58,-188,86,5,-144,-348,-298,-235
-49,-208,-159,129,55,-183,120,18,-130,-341,-303,-236
-42,-177,-135,110,47,-156,144,57,-92,-307,-284,-211
-15,-91,-77,53,31,-84,94,58,-87,-280,-247,-173
-21,-45,-24,33,2,-34,76,80,-49,-256,-227,-163
-55,-21,35,38,-45,7,86,129,9,-216,-222,-154
-70,14,83,28,-77,48,85,226,105,-151,-199,-146
-47,51,98,-2,-73,74,92,341,208,-82,-162,-133
-49,51,100,-1,-75,75,95,451,307,-10,-133,-112
-39,61,100,-11,-69,80,144,587,429,83,-96,-97
-4,100,103,-48,-54,101,202,743,581,202,-46,-84
-10,95,105,-43,-58,100,211,850,699,293,-23,-84
-19,86,105,-34,-62,95,245,912,763,350,-6,-85
-16,78,94,-31,-55,85,268,907,765,370,7,-89
-8,68,77,-30,-43,72,273,844,716,343,-5,-89
-13,47,61,-17,-37,54,263,724,627,281,-29,-95
-46,0,45,23,-46,22,225,550,488,193,-62,-116
-50,-22,29,36,-39,4,198,383,337,94,-91,-123
-38,-44,-6,41,-16,-25,160,234,210,13,-121,-132
-20,-69,-50,45,15,-59,128,132,115,-48,-137,-136
-25,-92,-67,59,21,-80,104,65,48,-91,-131,-133
-57,-152,-95,104,19,-123,106,21,15,-116,-126,-140
-50,-189,-139,119,45,-164,101,9,9,-120,-123,-151
-46,-178,-133,112,44,-155,121,19,10,-122,-116,-149
-32,-130,-98,82,33,-114,152,23,22,-135,-117,-150
-22,-68,-46,45,13,-57,99,-19,19,-134,-121,-147
-34,-41,-7,38,-14,-24,42,-36,6,-136,-114,-127
-46,-41,5,44,-25,-18,28,-10,24,-129,-108,-119
-46,-34,12,40,-29,-11,33,15,53,-103,-100,-120
-46,-30,16,38,-31,-7,33,41,71,-84,-97,-120
-53,-28,24,40,-38,-2,41,65,93,-78,-99,-120
-62,-44,18,52,-40,-12,48,81,115,-81,-101,-120
-77,-91,-14,84,-31,-52,59,76,112,-84,-104,-120
-64,-107,-43,86,-10,-75,85,68,94,-88,-105,-128
-61,-104,-43,83,-9,-73,87,63,92,-91,-120,-146
-56,-106,-50,81,-2,-78,89,55,76,-94,-127,-150
-34,-105,-70,70,19,-87,93,44,54,-101,-123,-141
-27,-105,-78,66,26,-91,94,29,43,-123,-126,-140
-67,-121,-54,95,-6,-88,94,17,15,-132,-125,-133
-77,-150,-73,114,-2,-112,88,4,-4,-140,-125,-129
-68,-167,-99,117,16,-132,89,-7,-13,-162,-131,-140
-93,-169,-76,131,-8,-122,82,-22,-23,-156,-126,-143
-47,-178,-131,113,42,-154,83,-44,-49,-175,-146,-174
-46,-221,-175,134,65,-198,76,-52,-68,-191,-155,-169
-60,-210,-151,135,46,-180,99,-49,-49,-168,-127,-141
-41,-159,-119,100,39,-139,140,-50,-38,-161,-119,-143
-43,-130,-87,87,23,-109,105,-49,-34,-155,-111,-118
-30,-73,-43,52,7,-58,76,-51,-30,-150,-105,-108
-58,-47,11,52,-34,-18,65,-61,-30,-147,-104,-102
-91,-45,46,67,-68,0,48,-64,-29,-143,-99,-93
-83,-45,38,63,-60,-3,51,-54,-25,-140,-98,-96
-63,-45,18,53,-40,-13,44,-52,-25,-135,-95,-94
-61,-52,9,57,-35,-21,44,-45,-28,-137,-92,-95
-81,-103,-22,92,-29,-63,40,-38,-29,-140,-90,-96
-81,-114,-32,98,-24,-73,40,-45,-33,-140,-89,-91
-69,-119,-50,94,-9,-84,57,-32,-28,-139,-91,-91
-60,-118,-58,90,-1,-88,48,-51,-43,-142,-88,-88
-60,-118,-58,89,-1,-88,50,-29,-26,-137,-92,-92
-64,-142,-78,103,7,-109,38,-60,-40,-138,-95,-88
-46,-135,-89,91,21,-112,42,-19,-18,-133,-105,-90
-62,-156,-94,109,16,-125,32,-51,-39,-143,-90,-89
-70,-162,-92,116,11,-126,100,49,35,-107,-93,-105
-13,-148,-135,81,61,-141,164,432,512,309,92,-52
156,185,29,-170,64,106,-29,356,1301,1523,985,430
284,411,127,-347,78,269,-58,146,1614,2077,1464,755
45,21,-23,-33,34,-1,-114,-864,-173,157,406,341
-192,-187,4,189,-98,-91,-253,-1584,-1558,-1329,-541,-93
-156,-90,67,123,-111,-11,-164,-862,-854,-845,-447,-137
-119,-45,74,82,-96,14,-110,-402,-427,-516,-273,-98
-118,-75,43,96,-80,-16,-18,-178,-257,-393,-243,-116
-122,-108,14,115,-68,-47,30,-94,-179,-335,-227,-112
-108,-95,12,101,-60,-41,29,-95,-188,-337,-227,-108
-95,-102,-7,99,-44,-54,45,-33,-128,-289,-215,-107
-99,-111,-11,105,-44,-61,30,-44,-151,-302,-213,-101
-99,-141,-42,121,-29,-91,39,-10,-115,-281,-202,-101
-97,-159,-62,129,-17,-110,31,-17,-127,-294,-199,-92
-59,-149,-90,104,16,-119,45,11,-105,-282,-191,-89
-52,-153,-101,103,25,-127,58,27,-111,-286,-182,-79
-50,-136,-85,93,18,-110,63,36,-168,-283,-175,-75
-35,-113,-78,74,22,-95,88,79,-216,-242,-167,-72
