I,II,III,aVR,aVL,aVF,V1,V2,V3,V4,V5,V6
-241,352,592,-56,-417,472,-74,6,-16,-279,-332,-68
-213,337,550,-62,-382,444,-68,10,-16,-292,-340,-83
-167,313,480,-73,-324,397,-57,21,-37,-323,-370,-80
-171,289,460,-59,-316,374,-37,56,-47,-348,-373,-40
-217,251,468,-17,-343,359,-30,62,-41,-339,-337,-4
-269,174,443,47,-357,309,-15,63,-41,-369,-330,0
-208,215,423,-3,-316,319,33,69,-11,-311,-245,56
-182,166,349,8,-266,257,74,101,11,-330,-250,86
-227,37,265,95,-247,151,64,172,116,-284,-237,96
-122,143,265,-11,-194,204,-70,-55,-278,-186,-33,285
196,698,503,-447,-154,600,-547,-842,-1154,195,749,984
128,913,786,-521,-329,849,-774,-1306,-1618,106,1004,1249
-278,216,494,31,-386,354,-309,-793,-1269,-916,-137,415
-369,-53,316,211,-343,131,-3,-199,-560,-846,-539,94
-298,97,395,100,-347,245,9,32,-116,-352,-269,243
-264,112,376,76,-320,243,69,147,102,-355,-245,250
-250,152,401,49,-326,276,93,185,176,-242,-172,374
-196,66,262,65,-229,163,102,169,166,-243,-162,363
-182,47,228,67,-205,137,99,177,188,-219,-103,398
-178,42,219,68,-199,130,96,232,240,-208,-93,444
-120,-19,101,69,-111,41,88,235,245,-165,-48,458
-187,-65,122,125,-154,28,80,237,248,-100,12,500
-217,-77,140,147,-179,31,76,240,321,-69,72,556
-143,-85,58,114,-100,-14,44,221,368,-40,145,611
-73,-66,7,69,-40,-29,25,217,394,-10,196,657
-60,-50,10,55,-35,-20,-19,211,429,59,293,741
-48,-25,22,36,-34,-2,-63,194,404,50,313,750
-40,13,53,14,-47,33,-55,178,350,31,295,741
-141,-35,106,87,-123,36,-46,173,327,31,289,722
-110,-18,92,63,-100,37,-41,162,304,13,264,670
-125,-38,87,82,-106,25,-24,160,244,-24,234,640
-215,-114,102,164,-158,-6,5,160,188,-72,185,599
-231,-117,114,174,-172,-2,35,160,168,-67,165,596
-227,-118,109,172,-168,-4,54,161,153,-84,167,614
-233,-134,99,183,-165,-17,72,162,140,-76,182,613
-294,-151,142,222,-218,-5,93,199,132,-57,194,648
-226,-135,91,180,-158,-22,64,188,116,-91,164,655
-249,-125,125,187,-187,0,61,173,148,-68,194,664
-212,-78,134,145,-173,28,85,214,193,-55,241,706
-175,-48,127,111,-151,39,67,210,200,-38,267,739
-229,-32,197,130,-213,82,78,223,236,5,319,794
-161,25,185,68,-173,104,67,214,243,3,345,819
-212,-9,203,110,-208,97,22,148,187,9,367,812
-202,-49,153,125,-177,52,-10,101,147,9,384,809
-155,-70,85,112,-119,7,-59,54,133,-28,374,800
-180,-77,103,128,-141,13,-17,92,135,-27,379,798
-241,-95,146,167,-193,25,80,150,120,-47,348,770
-242,-190,52,215,-146,-68,96,146,123,-101,296,717
-206,-271,-65,239,-71,-167,97,157,106,-131,275,694
-212,-277,-65,245,-73,-171,112,174,106,-143,255,690
-194,-260,-66,227,-64,-163,116,162,97,-120,261,690
-218,-280,-62,250,-78,-171,113,173,76,-136,234,662
-248,-291,-43,270,-103,-166,112,179,90,-98,249,665
-297,-361,-64,329,-116,-212,105,150,43,-136,211,637
-245,-364,-118,305,-63,-241,140,253,181,-124,201,625
-132,-248,-115,190,-8,-181,69,101,-113,-39,341,759
173,231,58,-203,58,144,-417,-698,-1004,189,969,1334
278,604,326,-441,-24,465,-761,-1308,-1527,341,1415,1733
-204,28,231,88,-218,129,-371,-929,-1349,-358,487,1055
-402,-315,87,358,-245,-113,17,-263,-678,-640,-68,633
-289,-182,107,235,-197,-38,51,35,-167,-327,140,727
-234,-191,43,212,-138,-74,90,160,49,-294,147,676
-190,-163,26,176,-108,-68,93,177,125,-238,229,711
-154,-197,-43,176,-55,-119,85,172,116,-249,213,694
-142,-187,-45,164,-48,-116,88,188,146,-232,247,704
-167,-177,-11,172,-78,-94,80,196,170,-205,291,731
-154,-153,1,153,-77,-76,82,205,203,-168,319,765
-164,-169,-4,166,-80,-86,75,192,218,-132,350,794
-182,-222,-40,202,-70,-131,65,206,249,-114,369,818
-156,-199,-43,178,-56,-121,54,247,309,-45,447,895
-98,-201,-103,150,3,-152,40,247,351,13,515,968
-87,-190,-103,139,8,-146,27,230,393,80,601,1053
-67,-188,-121,128,27,-155,-3,220,396,95,644,1095
-102,-181,-79,142,-11,-130,3,210,378,116,652,1102
-136,-175,-39,155,-48,-107,25,200,358,113,644,1079
-15,-181,-166,99,76,-174,-3,194,296,69,620,1024
-33,-189,-156,111,62,-172,-1,196,235,49,582,985
-140,-274,-135,207,-2,-204,33,194,207,19,537,953
-121,-286,-165,204,22,-225,84,197,190,-8,519,934
-160,-261,-101,211,-29,-181,107,193,153,-36,513,927
-206,-297,-92,252,-57,-194,118,200,135,-47,510,918
-184,-291,-108,238,-38,-199,137,211,154,-39,515,914
-163,-257,-94,210,-34,-175,120,205,148,-35,514,910
-129,-198,-69,163,-30,-133,122,204,144,-28,510,907
-170,-176,-6,173,-82,-91,97,198,157,-2,534,903
-149,-184,-35,167,-57,-109,79,196,160,3,542,899
-111,-164,-53,137,-29,-108,88,184,188,3,533,904
-85,-101,-16,93,-34,-59,46,161,199,31,535,903
-41,-69,-28,55,-6,-49,11,125,162,28,528,907
-98,-81,17,90,-57,-32,-22,94,118,17,531,922
-112,-73,38,92,-75,-17,-47,94,101,3,537,926
-43,-62,-18,52,-12,-40,-30,83,82,-29,527,907
-83,-148,-65,115,-9,-106,30,96,41,-72,462,860
-155,-224,-70,190,-43,-147,72,121,55,-96,414,814
-138,-207,-69,173,-34,-138,97,130,41,-90,422,776
-188,-285,-98,237,-45,-191,88,127,29,-109,392,746
-237,-298,-61,267,-87,-179,75,117,30,-142,411,767
-185,-287,-101,236,-42,-194,130,133,15,-176,411,775
-111,-253,-142,182,16,-197,107,129,29,-153,392,761
-176,-293,-117,235,-30,-205,97,120,-8,-177,378,740
-154,-372,-218,263,32,-295,106,176,78,-174,362,715
27,-251,-278,113,153,-265,19,6,-199,-118,451,787
321,171,-150,-246,236,10,-401,-742,-1025,132,1056,1343
394,585,191,-489,101,388,-788,-1398,-1592,362,1592,1812
-100,64,164,18,-132,114,-445,-1092,-1461,-273,751,1162
-293,-352,-59,323,-117,-205,-41,-414,-788,-616,72,625
-239,-231,8,235,-123,-111,60,-27,-203,-255,280,693
-216,-267,-51,241,-82,-159,122,157,74,-158,316,653
-55,-175,-120,116,33,-148,128,188,146,-120,341,669
-59,-178,-119,119,30,-148,126,183,130,-88,331,665
-161,-219,-58,190,-51,-138,116,180,166,-71,354,673
-159,-201,-41,180,-59,-121,103,168,187,-60,396,680
-60,-186,-126,124,33,-156,78,188,189,-54,391,661
-94,-156,-62,125,-16,-108,84,206,212,-39,403,667
-107,-133,-26,120,-41,-79,67,207,240,-6,399,695
-49,-119,-70,85,11,-94,39,210,281,38,423,720
15,-42,-58,14,37,-50,-3,204,332,77,460,750
18,-9,-27,-4,23,-18,-49,191,375,147,518,829
7,-15,-22,4,15,-19,-52,181,373,155,546,853
114,57,-57,-86,85,0,-78,169,356,147,531,851
64,61,-3,-62,34,29,-74,165,337,150,528,859
39,32,-8,-36,23,12,-77,159,273,112,496,787
9,-37,-46,15,27,-41,-50,138,210,76,435,729
-117,-53,64,85,-91,6,12,136,168,63,431,739
-115,-66,49,90,-82,-8,14,149,126,49,416,727
-89,-70,19,79,-53,-26,31,145,109,42,370,724
-128,-70,59,99,-93,-6,39,127,103,35,357,708
-96,-109,-13,103,-41,-61,1,104,96,20,338,696
-57,-70,-12,63,-22,-41,12,110,99,25,351,698
-129,-84,45,106,-87,-19,57,139,85,55,359,729
-90,-29,61,59,-75,16,63,145,105,80,363,766
-50,47,96,1,-73,71,48,133,125,88,394,745
-108,48,156,30,-133,102,48,166,167,116,394,767
-29,148,178,-59,-104,163,53,190,208,134,415,827
2,152,150,-78,-74,151,27,132,154,118,417,825
-60,133,193,-37,-127,162,-35,84,108,104,406,814
2,159,156,-81,-77,157,-61,64,55,72,399,811
83,157,74,-120,4,115,-42,62,52,50,385,819
7,110,104,-59,-49,107,18,86,53,28,377,801
-99,-12,87,55,-93,38,62,123,34,5,349,740
-107,-81,26,94,-66,-27,47,118,28,-27,313,679
-148,-148,0,148,-74,-74,72,81,12,-73,262,618
-128,-98,31,113,-80,-33,82,103,20,-88,286,649
-98,-98,1,98,-49,-48,98,124,-12,-106,307,644
-76,-55,21,66,-49,-17,99,144,18,-65,298,648
-147,-87,59,117,-103,-14,65,108,-48,-104,243,639
-177,-207,-30,192,-74,-118,92,160,42,-115,232,613
-77,-161,-84,120,3,-122,39,107,-58,-98,241,612
162,87,-75,-125,119,6,-305,-545,-860,31,631,945
530,735,204,-633,163,469,-773,-1337,-1500,428,1390,1633
221,493,272,-357,-25,382,-612,-1286,-1540,7,876,1267
-258,-164,94,211,-176,-35,-116,-567,-972,-503,9,550
-169,-88,81,128,-125,-3,42,-92,-325,-226,117,542
-81,-73,8,77,-44,-33,134,126,11,-69,227,562
-140,-122,18,131,-79,-51,163,201,151,-17,268,578
-111,-74,37,93,-73,-19,141,178,153,31,285,558
-19,-20,-1,20,-9,-10,143,177,172,45,280,555
-86,-66,20,76,-53,-23,120,191,164,36,318,588
-124,-116,8,120,-66,-54,105,205,155,43,318,591
-9,-51,-41,30,17,-46,84,202,174,80,328,599
-44,-31,13,38,-28,-9,79,206,220,100,321,598
16,-3,-19,-6,17,-11,54,198,270,146,340,592
73,35,-37,-54,54,0,25,201,302,178,377,610
96,79,-17,-88,57,31,-14,199,328,192,426,667
111,115,4,-114,53,59,-33,200,339,205,460,670
81,132,52,-107,14,92,-46,196,347,243,467,680
165,150,-14,-157,89,67,-48,194,350,267,493,709
100,182,82,-141,9,131,0,195,308,242,455,687
118,213,95,-165,11,153,-6,177,251,205,406,653
34,153,119,-94,-43,136,25,171,208,196,379,628
-88,86,175,1,-132,130,39,105,124,137,301,573
-50,42,92,4,-71,66,1,76,88,81,287,521
-135,-23,113,79,-124,44,37,97,87,91,296,501
-64,-7,56,36,-60,24,46,70,77,83,291,491
-13,71,84,-29,-49,78,37,111,83,109,299,486
-97,81,178,8,-138,129,36,141,79,145,291,480
-50,103,153,-26,-102,127,30,125,82,145,297,485
-49,107,155,-30,-103,131,25,128,85,148,294,487
25,163,137,-94,-56,150,31,140,130,167,297,489
104,221,117,-163,-7,169,34,160,154,190,331,507
25,100,75,-63,-25,87,-19,120,112,189,338,518
34,116,82,-75,-24,98,-38,73,105,192,327,523
88,210,122,-149,-17,165,-31,48,98,187,346,522
64,204,140,-134,-38,171,-2,30,81,197,377,524
31,118,87,-75,-28,102,32,76,47,150,327,472
49,-17,-66,-15,58,-42,25,100,-5,41,215,373
-7,-82,-75,45,34,-78,35,92,-32,10,189,341
-55,-118,-63,86,4,-90,59,90,-62,-32,175,333
-92,-98,-6,95,-42,-52,98,91,-44,-41,184,331
-145,-80,66,112,-105,-7,122,109,-50,-38,193,328
-166,-111,55,138,-110,-28,108,112,-25,-45,184,322
-56,-80,-24,68,-15,-52,115,95,-53,-48,199,311
-1,-107,-107,54,53,-107,130,113,-51,-97,172,275
-90,-156,-66,124,-11,-111,128,151,9,-74,161,253
220,42,-178,-131,199,-68,-122,-315,-621,-26,351,455
550,581,31,-566,259,306,-702,-1264,-1469,295,1074,1115
280,592,312,-436,-16,451,-723,-1457,-1625,157,988,1081
-161,-30,130,95,-146,50,-204,-791,-1186,-487,-2,265
-246,-146,100,196,-173,-23,15,-244,-517,-364,-92,108
-142,-27,115,85,-128,43,88,43,-75,-97,82,194
-110,-57,53,83,-81,-2,127,144,73,-57,95,165
-177,-64,113,120,-144,24,126,154,116,-16,138,197
-198,-94,104,146,-151,5,105,166,117,-35,98,163
-205,-83,122,144,-163,19,94,164,129,-1,155,182
-192,-51,141,121,-166,45,122,198,183,33,198,219
-72,-27,45,49,-59,9,102,194,210,49,218,234
-130,-14,117,72,-124,51,85,177,189,18,213,233
-201,-16,185,108,-193,84,60,178,206,48,226,234
-62,14,76,24,-69,45,17,170,255,90,256,253
130,109,-20,-120,75,44,-16,173,287,126,328,312
122,132,10,-127,56,71,-45,155,307,167,394,340
45,105,60,-75,-8,82,-79,126,307,165,377,341
62,150,88,-106,-13,119,-88,125,284,159,385,329
8,111,103,-59,-48,107,-81,121,234,119,375,277
1,97,96,-49,-48,96,-62,112,198,113,335,252
21,119,98,-71,-39,109,-32,107,167,99,308,221
-21,68,89,-23,-55,78,0,98,129,67,264,185
-94,83,176,5,-135,129,39,91,105,72,251,175
-131,75,206,28,-169,140,48,88,86,59,243,167
-112,84,196,14,-154,140,71,118,78,52,235,172
-144,71,215,35,-179,143,62,118,67,42,227,168
-122,17,139,52,-131,78,25,92,53,33,222,128
-32,62,94,-15,-63,78,43,87,47,26,219,114
-50,84,134,-17,-92,109,42,86,79,35,221,147
-100,106,206,-3,-153,156,36,110,119,62,232,142
-112,130,242,-10,-177,186,57,137,137,72,219,122
-48,183,231,-67,-140,207,46,136,158,86,219,133
-32,195,227,-82,-130,211,19,76,111,74,158,101
-60,174,234,-57,-147,204,-36,-3,61,71,90,85
49,230,181,-140,-66,206,-90,-40,40,66,54,102
9,133,123,-71,-57,128,-61,-22,-2,25,-17,71
-67,33,100,16,-84,66,32,26,-19,-4,-79,36
-58,-20,38,39,-48,10,68,73,-8,-16,-132,16
-90,-97,-7,93,-41,-52,71,80,-6,-46,-176,-8
-124,-131,-7,127,-58,-69,87,71,-20,-61,-211,-33
-125,-156,-31,140,-47,-93,131,111,-34,-37,-274,-28
-104,-134,-30,119,-37,-82,151,123,-23,-46,-383,-6
-135,-130,5,133,-70,-62,139,121,-1,-20,-428,31
-79,-202,-123,141,22,-162,151,112,-38,-49,-499,-3
-79,-220,-141,150,31,-180,138,139,45,-52,-524,-67
-37,-153,-116,95,40,-134,85,-26,-256,-32,-442,10
324,290,-34,-307,179,127,-411,-908,-1173,162,96,546
399,636,237,-518,80,436,-811,-1609,-1700,280,463,911
-102,79,181,11,-142,130,-374,-1146,-1433,-321,-402,220
-274,-222,52,248,-162,-85,41,-418,-749,-501,-881,-269
-186,-104,82,145,-134,-10,95,-73,-222,-209,-677,-202
-276,-159,116,217,-196,-22,118,93,15,-166,-653,-219
-147,-43,103,95,-125,30,145,153,126,-71,-553,-159
-82,25,107,29,-94,65,150,158,120,-81,-566,-185
-191,-30,162,110,-176,66,137,152,116,-91,-568,-208
-183,-30,153,106,-168,61,140,163,155,-70,-552,-202
-128,21,149,53,-138,85,129,171,201,-71,-551,-209
-138,3,142,67,-140,72,117,169,223,-47,-537,-197
-150,-17,132,83,-141,57,97,170,218,-33,-535,-212
-78,20,97,29,-88,58,74,169,270,30,-473,-191
-60,5,66,27,-63,35,20,161,292,62,-456,-153
-29,46,74,-9,-52,60,-39,153,294,73,-435,-135
53,133,80,-93,-14,106,-30,145,337,106,-396,-134
50,131,80,-91,-15,105,-18,137,328,112,-398,-135
59,129,70,-94,-5,100,-29,132,312,109,-424,-159
68,129,61,-99,4,95,-23,129,280,92,-504,-225
-6,88,94,-41,-50,91,7,126,232,62,-569,-265
-45,95,139,-25,-92,116,61,124,191,53,-586,-265
-6,96,102,-45,-54,98,94,119,135,23,-622,-297
-115,-13,102,64,-108,44,87,114,87,-40,-681,-361
-97,-8,90,52,-93,41,91,109,89,-36,-695,-386
-52,54,106,-1,-79,79,108,106,108,-13,-681,-385
-153,11,164,71,-159,87,95,98,103,-17,-679,-389
-65,84,149,-10,-107,116,60,107,115,5,-668,-390
-93,66,158,13,-126,112,76,101,108,3,-658,-414
-58,93,152,-18,-105,122,111,118,131,38,-613,-386
74,226,152,-150,-39,188,89,171,190,96,-571,-345
-28,136,164,-55,-96,150,43,144,165,96,-567,-364
-93,132,225,-20,-159,178,17,91,134,93,-563,-351
-63,193,257,-65,-160,225,10,59,119,92,-557,-323
-34,205,240,-85,-137,222,-18,11,67,88,-568,-315
-2,222,224,-110,-113,223,-40,14,39,89,-564,-312
-64,102,166,-19,-115,133,-23,17,8,36,-583,-361
-123,9,133,57,-128,71,35,16,-19,-40,-644,-446
-82,22,103,30,-92,62,82,55,-26,-48,-651,-485
-147,-48,99,97,-123,25,87,83,-5,-48,-642,-480
-158,-45,113,102,-136,34,115,84,22,-35,-621,-475
-142,-70,72,105,-106,1,128,56,-45,-78,-657,-519
-117,-122,-5,119,-56,-63,102,76,-42,-111,-648,-542
-88,-94,-6,91,-40,-50,100,78,-52,-99,-622,-536
-155,-152,3,153,-78,-74,94,77,-3,-114,-654,-554
-101,-127,-26,114,-37,-76,111,119,12,-71,-623,-544
119,112,-7,-116,63,52,-81,-329,-633,53,-304,-218
478,638,160,-558,158,399,-649,-1277,-1457,355,408,405
223,508,284,-366,-31,396,-648,-1421,-1622,70,101,170
-281,-105,176,192,-228,36,-106,-700,-1092,-484,-786,-566
-254,-137,117,196,-185,-10,77,-195,-436,-288,-741,-631
-195,-107,87,151,-141,-10,109,56,-58,-64,-603,-581
-135,-125,10,130,-72,-57,118,150,89,-39,-590,-606
-25,-25,-1,25,-12,-13,105,165,114,-14,-530,-571
-77,-3,74,40,-75,35,131,191,149,23,-531,-584
-203,-71,131,136,-167,30,131,189,162,74,-498,-593
-91,2,93,44,-92,47,119,186,176,70,-454,-539
-45,11,55,17,-50,33,97,173,206,86,-443,-530
-130,-47,83,88,-107,18,72,169,211,85,-446,-560
-52,-22,31,37,-42,4,36,160,221,91,-396,-530
59,42,-17,-50,38,12,14,154,254,139,-349,-512
65,113,48,-90,9,80,-22,149,294,192,-308,-455
17,56,40,-37,-12,48,-71,135,286,203,-259,-417
95,123,28,-109,33,75,-76,122,277,214,-217,-426
127,177,51,-152,38,114,-72,110,269,213,-212,-410
13,110,97,-62,-42,103,-71,111,226,197,-248,-429
-24,88,113,-32,-69,100,-56,109,200,178,-277,-467
-3,105,108,-51,-56,106,-17,105,196,162,-284,-475
-75,38,112,18,-94,75,9,107,148,137,-317,-536
-27,78,105,-25,-66,91,34,101,105,106,-312,-550
5,127,122,-66,-59,124,80,130,120,129,-298,-541
-55,5,60,24,-57,32,64,120,99,112,-330,-601
-44,38,82,3,-63,60,53,101,88,104,-322,-607
-106,9,115,48,-110,62,74,129,118,139,-305,-600
-133,-74,59,103,-95,-7,66,124,120,143,-305,-596
-130,-8,122,69,-126,57,52,114,115,137,-275,-588
-22,144,165,-61,-94,154,69,148,152,179,-248,-598
66,197,131,-131,-33,163,87,194,201,219,-230,-595
-16,148,165,-66,-91,156,35,156,174,190,-220,-611
-25,177,202,-76,-114,189,-5,95,135,194,-243,-576
-44,151,194,-54,-119,172,-28,52,116,195,-224,-548
-8,144,152,-69,-80,148,-65,14,88,189,-219,-553
64,170,106,-118,-22,138,-35,45,79,182,-222,-517
3,89,85,-46,-41,87,23,49,39,125,-228,-578
-55,-20,35,37,-45,7,62,55,13,99,-285,-637
-98,-106,-9,102,-44,-57,100,92,1,82,-299,-671
-48,-93,-45,71,-1,-69,100,97,-2,70,-294,-726
-128,-104,23,116,-75,-40,107,103,12,70,-268,-712
-82,-105,-23,94,-29,-64,119,103,-5,46,-288,-706
19,-63,-82,22,51,-72,112,111,14,67,-306,-680
-121,-138,-17,129,-51,-77,118,89,-36,34,-324,-657
-59,-147,-88,103,15,-117,115,129,23,29,-345,-623
-48,-180,-132,115,43,-156,62,6,-220,5,-321,-550
261,229,-32,-245,147,98,-346,-780,-1062,220,222,6
477,719,242,-598,117,480,-772,-1543,-1629,465,759,555
-14,198,211,-92,-112,204,-457,-1242,-1491,-117,-20,-81
-267,-222,44,244,-155,-89,-1,-486,-832,-398,-615,-635
-223,-145,78,184,-150,-33,102,-60,-224,-93,-394,-535
-177,-153,24,165,-101,-64,135,124,47,0,-350,-556
-124,-96,28,110,-76,-34,142,180,139,69,-290,-536
-118,-67,51,92,-84,-8,151,204,168,82,-271,-539
-140,-48,92,94,-116,22,150,199,196,104,-269,-533
-149,-41,108,95,-128,33,148,189,199,106,-250,-530
-78,-31,47,54,-62,8,134,182,197,80,-257,-573
-91,-46,46,69,-68,0,117,185,214,94,-228,-568
-80,-23,57,51,-69,17,104,189,246,111,-201,-562
12,49,37,-31,-13,43,65,177,279,145,-160,-557
47,49,1,-48,23,25,22,167,310,175,-104,-529
42,70,28,-56,7,48,-19,160,325,197,-48,-499
37,110,73,-74,-18,91,-25,149,334,228,-31,-491
35,98,63,-67,-14,80,-43,123,327,204,-47,-494
6,53,47,-30,-21,50,-66,109,287,180,-62,-522
81,124,44,-103,18,84,-49,109,259,188,-77,-524
25,116,91,-71,-33,103,-17,121,247,159,-84,-521
-69,43,112,13,-91,77,34,110,208,146,-135,-582
-48,58,106,-5,-77,82,54,112,153,110,-187,-631
-62,39,102,11,-82,70,47,108,129,62,-175,-631
-25,38,63,-7,-44,50,65,97,105,27,-187,-637
-68,9,77,29,-73,43,70,109,82,18,-215,-670
-80,27,107,26,-94,67,72,110,115,46,-211,-661
-85,17,102,34,-94,59,95,135,154,63,-204,-645
-128,-18,110,72,-119,46,96,135,148,56,-198,-673
-93,65,157,14,-125,111,93,138,149,55,-190,-681
-95,112,208,-9,-152,160,107,176,203,92,-187,-672
-89,132,222,-22,-156,177,84,168,219,63,-188,-663
-35,123,157,-44,-96,140,49,127,187,49,-197,-664
-26,102,127,-38,-77,114,34,94,177,91,-179,-653
4,143,139,-74,-68,141,-19,39,133,42,-189,-669
21,132,111,-77,-45,121,-21,22,109,52,-162,-641
-31,73,104,-22,-68,89,61,81,106,27,-170,-652
-63,-6,57,34,-60,25,73,91,48,-84,-270,-768
-150,-73,77,111,-113,2,86,83,48,-81,-271,-770
-194,-118,76,156,-135,-21,105,82,42,-129,-317,-810
-178,-120,57,149,-117,-31,91,77,38,-146,-339,-815
-162,-138,24,150,-93,-57,111,75,15,-148,-334,-815
-104,-145,-41,125,-31,-93,99,73,13,-160,-361,-833
-107,-77,29,92,-68,-24,137,108,36,-123,-365,-787
-134,-180,-45,157,-44,-112,156,131,55,-170,-382,-834
-102,-217,-115,160,7,-166,134,161,80,-163,-358,-835
39,-68,-107,14,73,-87,-16,-196,-462,-99,-136,-613
355,482,128,-418,113,304,-558,-1108,-1343,219,625,91
197,527,330,-363,-67,428,-654,-1380,-1625,47,529,70
-283,-182,101,233,-192,-41,-130,-715,-1112,-589,-493,-784
-282,-217,65,249,-173,-76,107,-180,-432,-461,-582,-936
-166,-119,47,142,-106,-35,115,39,-65,-205,-392,-860
-215,-177,38,196,-126,-69,124,147,109,-159,-402,-828
-205,-121,83,163,-144,-19,130,173,167,-97,-361,-801
-68,-102,-34,85,-17,-67,113,147,182,-108,-358,-844
-126,-99,27,113,-76,-36,91,123,181,-96,-333,-811
-147,-129,17,138,-82,-56,88,154,176,-93,-342,-826
-120,-100,20,110,-70,-40,74,157,187,-71,-298,-789
-128,-83,45,105,-86,-19,63,148,184,-62,-274,-767
-41,-75,-33,58,-3,-54,41,143,224,-24,-237,-731
-30,-16,14,23,-22,-1,6,136,266,37,-187,-683
63,74,11,-69,26,42,-31,122,282,79,-133,-630
32,92,60,-62,-14,76,-65,105,298,89,-88,-579
49,97,48,-73,1,72,-88,93,299,73,-100,-593
129,161,32,-145,48,96,-52,97,309,105,-57,-565
31,157,126,-94,-48,141,-59,91,241,80,-82,-593
-21,67,88,-23,-54,77,-78,52,179,23,-163,-684
-20,77,97,-29,-59,87,-27,64,188,22,-157,-679
-36,115,151,-40,-94,133,12,94,153,11,-154,-682
-65,53,118,6,-91,85,35,94,120,-12,-201,-740
-70,-9,60,39,-65,25,32,97,114,-44,-242,-780
-82,-28,54,54,-67,13,24,93,117,-45,-247,-788
-66,27,93,19,-79,60,41,99,122,-16,-248,-779
-54,14,68,20,-61,41,53,109,113,-40,-236,-797
-83,-30,54,56,-68,12,51,111,111,-43,-220,-795
-44,43,86,0,-65,64,42,110,97,-13,-207,-763
-90,33,123,29,-107,78,29,104,105,6,-193,-754
-103,54,157,25,-130,105,46,138,155,69,-171,-753
-20,116,136,-49,-78,126,38,144,153,76,-150,-754
-62,100,162,-20,-112,131,3,88,130,44,-152,-740
-87,100,187,-6,-137,143,5,55,123,68,-156,-718
-64,91,155,-14,-109,123,-30,43,90,86,-154,-693
-27,88,115,-30,-71,101,-73,37,62,53,-155,-693
-98,-1,97,49,-97,48,-10,49,42,7,-170,-736
-146,-82,65,114,-105,-8,64,75,39,-16,-178,-760
-82,-106,-25,94,-28,-65,83,77,30,-62,-227,-806
-138,-159,-22,149,-58,-90,87,72,17,-97,-270,-849
-108,-136,-28,122,-40,-82,83,75,20,-84,-253,-834
-94,-146,-51,120,-21,-98,88,65,-8,-101,-274,-852
-217,-171,46,194,-131,-62,82,77,10,-89,-260,-853
-168,-169,-1,168,-83,-84,91,66,-45,-106,-275,-865
-138,-205,-67,172,-35,-136,119,105,24,-135,-276,-886
-131,-239,-108,185,-11,-174,95,70,-89,-153,-256,-882
244,128,-116,-186,180,6,-271,-594,-892,25,206,-434
353,567,214,-460,69,390,-716,-1369,-1523,298,802,130
-103,147,250,-22,-176,198,-487,-1187,-1469,-220,85,-443
-270,-207,63,239,-166,-72,-23,-493,-886,-562,-555,-1008
-215,-126,89,170,-152,-18,89,-76,-263,-225,-336,-897
-209,-158,51,184,-130,-53,79,80,-2,-123,-308,-913
-173,-112,61,142,-116,-25,103,136,106,-75,-256,-870
-144,-125,19,134,-81,-52,120,156,150,-62,-237,-879
-99,-155,-56,127,-21,-105,67,124,109,-63,-228,-881
-130,-126,4,128,-67,-60,66,136,124,-42,-209,-847
-156,-80,76,117,-116,-2,109,185,200,-12,-188,-848
-102,-69,33,85,-67,-18,68,148,204,28,-160,-827
-46,-68,-23,57,-11,-45,36,135,207,27,-156,-803
-53,-21,33,37,-43,6,30,153,238,56,-87,-744
-89,-21,68,54,-78,23,-16,131,264,94,-48,-715
16,31,15,-24,0,23,-65,107,276,131,-9,-665
107,103,-4,-105,55,49,-101,84,270,122,18,-643
61,77,16,-69,22,46,-113,63,264,115,32,-641
18,49,31,-34,-7,40,-115,43,248,111,23,-652
-29,53,82,-12,-56,67,-104,72,234,101,17,-687
22,94,72,-58,-25,83,-76,110,211,98,-9,-697
19,107,88,-64,-35,97,-29,112,180,81,-55,-724
-41,65,107,-12,-74,86,14,114,140,48,-65,-722
-93,-28,65,61,-79,18,-6,103,67,1,-103,-753
-131,-62,69,96,-99,3,3,95,69,-16,-93,-792
-41,24,65,8,-54,44,36,87,109,10,-74,-783
-85,7,91,39,-88,49,29,90,102,42,-88,-792
-127,-30,98,78,-112,34,22,92,106,58,-76,-785
-114,-21,93,67,-103,36,16,88,96,53,-76,-785
-99,12,111,44,-105,61,7,94,110,61,-48,-783
-16,68,84,-26,-50,76,0,99,135,80,-3,-778
-24,82,106,-29,-65,93,21,148,163,99,-15,-778
-32,100,131,-34,-82,115,36,155,201,128,-11,-737
-29,100,129,-36,-79,114,11,92,169,138,34,-703
-26,84,110,-29,-68,97,-47,42,118,122,28,-708
-13,84,96,-36,-55,90,-62,13,82,111,25,-700
16,69,52,-43,-18,60,-34,37,73,88,2,-720
-11,19,31,-4,-21,25,17,63,75,23,-36,-737
-139,-62,77,100,-107,7,92,95,70,-10,-36,-735
-89,-152,-63,121,-13,-107,73,84,28,-47,-94,-803
-60,-125,-66,92,3,-95,49,57,-1,-54,-112,-810
-138,-134,4,136,-70,-65,89,88,-9,-45,-106,-797
-164,-205,-41,184,-62,-122,72,106,10,-84,-117,-840
-179,-198,-19,188,-80,-108,64,106,-9,-82,-100,-836
-130,-207,-76,169,-27,-142,94,106,-6,-101,-122,-842
-76,-185,-109,131,17,-147,121,157,82,-81,-132,-855
76,-102,-178,13,127,-140,-32,-185,-454,-52,17,-693
398,390,-8,-394,203,191,-575,-1121,-1325,247,717,-30
329,567,237,-448,46,402,-730,-1503,-1613,203,777,82
-190,-83,107,136,-148,12,-251,-903,-1244,-428,-166,-731
-346,-260,86,302,-216,-86,37,-277,-559,-388,-331,-950
-196,-138,59,167,-127,-40,82,22,-108,-131,-160,-844
-122,-173,-51,148,-35,-112,93,138,74,-83,-154,-849
-131,-88,43,109,-87,-22,113,174,139,-18,-90,-809
-117,-117,0,117,-59,-58,110,191,140,-26,-93,-834
-71,-71,0,71,-35,-35,85,188,164,3,-57,-796
-92,46,138,23,-116,92,76,203,196,-37,-141,-849
-57,-7,50,32,-54,22,36,175,201,-37,-140,-854
-37,-15,22,26,-30,4,59,172,213,26,-66,-801
-20,28,49,-4,-35,38,48,186,237,61,-33,-786
0,32,32,-17,-16,32,3,170,259,82,18,-747
39,28,-11,-33,24,9,-39,164,305,118,57,-716
114,54,-60,-83,87,-3,-101,151,314,144,112,-668
126,124,-2,-125,64,61,-102,135,299,138,129,-642
153,121,-31,-137,92,45,-101,120,300,154,130,-649
89,102,13,-96,38,57,-88,135,281,148,128,-649
6,107,101,-57,-48,104,-71,139,240,116,91,-666
41,95,54,-68,-7,74,-51,129,229,108,86,-677
71,83,12,-77,29,47,-13,127,206,89,67,-675
10,61,52,-36,-21,56,-5,119,157,54,20,-700
-102,-6,96,54,-99,44,17,113,139,26,-2,-729
-48,15,63,16,-56,39,47,105,131,27,-17,-740
-24,44,69,-10,-47,56,52,101,120,40,-27,-736
-95,-43,53,69,-74,5,48,90,116,13,-40,-733
-68,-43,24,55,-46,-9,46,99,110,0,-48,-729
-51,-3,48,27,-50,22,45,114,104,14,-27,-726
-44,33,77,5,-60,54,44,125,143,48,-7,-718
-35,92,127,-29,-81,109,78,162,187,93,10,-699
-4,126,130,-61,-67,127,84,184,209,97,29,-700
32,142,110,-87,-40,126,38,134,188,93,34,-693
-1,119,120,-59,-61,119,-11,55,128,97,24,-676
39,127,87,-84,-24,107,-56,42,111,90,8,-679
71,109,39,-90,16,74,-46,56,91,52,2,-668
-21,1,22,10,-21,11,11,46,45,9,-49,-705
-45,-42,3,44,-23,-19,73,81,61,-5,-75,-741
-96,-148,-52,123,-22,-100,103,108,48,-55,-99,-769
-131,-213,-82,172,-24,-147,83,88,10,-91,-137,-812
-107,-168,-61,138,-23,-115,79,91,31,-89,-120,-796
-97,-197,-100,147,2,-149,93,73,5,-117,-162,-825
-107,-179,-72,143,-18,-125,106,85,33,-71,-117,-781
-124,-220,-96,172,-14,-158,137,98,7,-105,-145,-808
-66,-224,-159,145,47,-191,128,134,52,-129,-191,-860
-129,-248,-118,189,-5,-182,115,77,-92,-114,-137,-795
206,50,-156,-128,181,-53,-248,-658,-931,23,272,-384
608,676,68,-642,270,372,-749,-1515,-1591,298,895,230
70,247,178,-159,-54,213,-499,-1316,-1510,-183,267,-269
-317,-322,-6,319,-155,-164,-31,-554,-893,-562,-449,-944
-194,-156,38,175,-116,-59,99,-87,-246,-243,-246,-866
-158,-140,18,149,-88,-60,137,115,44,-121,-214,-844
-77,-136,-59,106,-8,-97,105,169,145,-103,-222,-834
-71,-124,-53,97,-9,-88,118,194,179,-85,-164,-817
-47,-94,-48,71,0,-71,135,204,187,-57,-126,-784
-48,-78,-29,63,-10,-53,113,182,191,-40,-118,-797
-77,-119,-42,99,-17,-81,112,201,209,-63,-137,-831
-77,-95,-18,86,-29,-56,102,198,231,-47,-118,-793
-88,-114,-26,101,-31,-70,83,175,255,-19,-79,-761
39,-16,-55,-11,47,-35,34,180,277,14,-52,-717
76,41,-35,-58,55,3,10,153,308,72,1,-696
86,9,-77,-47,81,-34,-24,124,319,102,50,-668
79,50,-28,-64,53,11,-68,134,315,104,70,-631
51,90,39,-70,5,64,-65,141,337,136,98,-625
96,126,30,-111,33,78,-56,150,332,139,79,-622
82,81,-1,-82,41,40,-53,143,286,102,64,-642
79,67,-12,-73,45,27,-30,129,256,86,43,-672
66,81,14,-74,26,47,-17,125,218,45,-11,-691
-10,-14,-4,12,-3,-9,1,120,164,-10,-78,-742
-107,-80,27,94,-67,-26,52,116,130,9,-98,-763
-68,-44,24,56,-46,-10,64,118,125,-13,-93,-755
-9,-23,-14,16,3,-19,57,121,127,-57,-113,-755
-78,-51,27,64,-53,-12,61,118,122,-43,-107,-752
-51,-27,24,39,-37,-2,60,123,132,-28,-81,-747
-44,-57,-13,51,-15,-35,57,118,110,-30,-93,-749
-94,-40,55,67,-75,8,56,138,135,-12,-79,-745
15,69,54,-42,-19,61,39,149,179,20,-50,-720
-3,62,65,-30,-34,63,64,179,204,53,-56,-706
-43,73,116,-15,-80,94,65,183,215,82,-31,-705
19,101,82,-60,-31,91,-10,101,170,77,-43,-700
9,105,96,-57,-44,100,-53,58,133,65,-81,-699
56,99,43,-78,6,71,-75,22,93,48,-67,-706
78,68,-10,-73,44,29,-16,52,84,11,-63,-704
-29,-38,-9,34,-10,-24,38,103,58,-51,-110,-730
-131,-159,-28,145,-51,-93,54,91,43,-80,-160,-772
-77,-163,-86,121,4,-124,93,96,43,-107,-185,-797
-23,-142,-119,83,48,-130,84,96,49,-115,-164,-791
-73,-158,-85,116,6,-121,95,92,39,-113,-172,-780
-42,-140,-98,91,28,-118,111,102,51,-106,-172,-758
-19,-153,-134,86,57,-143,106,99,35,-118,-184,-773
-43,-211,-168,127,62,-189,126,107,15,-156,-234,-807
-13,-187,-174,101,80,-180,145,179,102,-130,-224,-795
115,-103,-217,-6,166,-160,-17,-151,-403,-112,-64,-621
395,402,7,-398,193,204,-533,-1062,-1276,220,676,79
301,573,272,-437,14,422,-630,-1370,-1543,146,678,121
-160,-106,54,133,-107,-26,-139,-763,-1151,-518,-339,-724
-234,-298,-64,266,-85,-180,76,-228,-510,-463,-475,-893
-112,-114,-2,113,-55,-57,101,32,-71,-162,-274,-789
-65,-135,-71,100,3,-103,132,150,123,-103,-259,-806
-52,-149,-96,101,23,-122,137,162,170,-70,-217,-766
-135,-139,-4,137,-65,-71,136,161,169,-76,-223,-753
-39,-71,-32,55,-3,-52,117,184,223,-50,-138,-720
27,-84,-111,29,70,-98,114,165,226,-54,-103,-733
27,-53,-80,14,54,-66,107,153,216,-6,-46,-715
57,-35,-92,-11,75,-63,84,164,235,33,-25,-713
-61,-124,-63,92,1,-93,28,114,225,25,-20,-668
44,-32,-76,-6,60,-54,-7,101,254,62,47,-603
178,88,-90,-133,134,-1,-38,93,281,108,106,-562
88,50,-38,-69,63,6,-66,85,277,147,119,-513
180,76,-103,-128,141,-13,-88,80,262,160,99,-503
268,188,-80,-228,174,54,-91,73,253,157,59,-459
158,184,25,-171,66,104,-59,77,257,148,3,-466
137,127,-9,-132,73,59,-51,71,216,113,-48,-528
82,97,14,-89,34,55,-22,72,176,77,-101,-537
51,77,26,-65,13,51,9,68,145,37,-139,-560
43,54,12,-49,15,33,24,71,126,18,-184,-604
-35,-17,18,26,-26,0,22,58,116,3,-231,-630
27,27,0,-27,13,14,44,91,126,15,-204,-631
-16,42,58,-13,-37,50,84,127,140,12,-214,-627
-24,-67,-43,45,10,-54,43,92,113,-33,-292,-625
2,-65,-68,32,35,-66,49,84,103,-14,-309,-625
-24,32,56,-4,-40,44,71,105,128,26,-313,-601
50,100,50,-76,0,75,56,136,175,60,-316,-562
17,90,73,-54,-28,81,54,140,183,70,-314,-557
8,97,88,-53,-40,92,41,157,214,77,-315,-549
10,84,74,-48,-32,79,-2,116,203,94,-316,-547
24,123,99,-73,-38,111,-38,40,125,91,-316,-515
51,161,110,-106,-30,135,-57,12,115,82,-323,-480
28,98,70,-63,-21,83,-41,15,125,70,-321,-505
59,89,30,-74,14,60,47,83,98,30,-333,-541
33,25,-9,-29,21,8,66,95,62,-47,-376,-572
-41,-116,-75,79,17,-95,68,85,47,-90,-404,-595
-52,-127,-75,89,12,-101,88,95,28,-126,-437,-623
-58,-102,-45,80,-6,-73,103,107,50,-125,-426,-616
-47,-190,-143,119,48,-166,116,100,35,-137,-441,-623
31,-89,-120,29,76,-104,99,94,54,-122,-386,-575
-13,-74,-61,44,25,-68,123,76,16,-140,-392,-576
-58,-256,-199,157,71,-227,120,101,42,-173,-454,-634
38,-152,-190,57,115,-171,126,153,13,-119,-378,-560
260,220,-40,-240,150,90,-216,-464,-740,76,104,-101
411,693,282,-552,64,487,-668,-1274,-1438,362,730,458
89,333,244,-211,-78,289,-419,-1067,-1361,-145,34,-84
-198,-267,-70,232,-64,-168,-29,-454,-856,-619,-724,-749
-177,-176,1,177,-89,-87,83,-99,-294,-310,-510,-656
-123,-155,-32,139,-45,-94,102,90,-1,-158,-449,-632
-97,-128,-31,112,-33,-79,90,140,121,-104,-373,-592
-49,-79,-29,64,-10,-54,111,167,163,-78,-337,-562
51,-88,-139,19,95,-113,96,161,157,-72,-346,-557
-1,-89,-88,45,44,-88,65,156,164,-47,-325,-536
-6,-86,-79,46,37,-82,58,154,152,-54,-330,-538
-19,-81,-62,50,22,-72,56,146,175,-18,-279,-485
-35,-97,-62,66,14,-80,51,144,201,-17,-274,-466
69,2,-67,-35,67,-32,21,110,221,-7,-222,-435
136,73,-63,-104,99,4,-54,82,219,28,-163,-380
185,122,-63,-153,124,29,-72,68,249,102,-124,-334
173,146,-27,-159,100,59,-92,55,275,133,-81,-295
179,130,-49,-154,113,40,-107,49,217,92,-91,-306
141,134,-7,-137,74,63,-89,51,217,104,-115,-319
162,171,9,-166,76,90,-79,47,205,88,-116,-304
211,166,-45,-188,127,60,-42,45,163,47,-139,-324
116,95,-21,-105,69,36,-31,45,132,37,-175,-362
-27,4,32,11,-30,18,-19,46,94,12,-207,-404
-41,0,40,20,-41,20,22,80,96,7,-224,-419
44,40,-5,-42,24,18,36,89,97,-2,-219,-403
-24,-50,-26,37,1,-37,-2,80,100,-40,-242,-435
60,16,-44,-38,52,-14,-15,79,105,-35,-246,-446
22,3,-19,-12,20,-8,26,71,103,0,-214,-414
-98,-60,38,79,-68,-11,46,109,120,36,-208,-407
69,51,-18,-60,43,17,1,134,122,43,-213,-414
101,80,-21,-91,60,30,-9,130,130,54,-177,-382
56,135,79,-96,-12,107,16,138,149,72,-159,-363
22,127,105,-75,-41,116,-5,123,154,63,-151,-357
47,144,97,-96,-25,120,-6,88,163,112,-104,-308
114,199,84,-157,15,141,-65,25,116,125,-139,-350
102,167,65,-134,18,116,-103,-10,62,85,-148,-346
72,133,62,-103,5,97,-36,13,45,60,-120,-315
25,14,-11,-19,18,1,7,29,8,12,-187,-401
-34,-71,-37,53,2,-54,38,61,15,-5,-210,-430
-3,-102,-98,53,48,-100,51,45,-15,-40,-231,-467
19,-128,-146,55,82,-137,60,52,-25,-55,-245,-484
-46,-123,-77,85,16,-100,104,87,-8,-38,-227,-464
11,-112,-123,51,68,-117,106,56,-31,-53,-237,-472
36,-55,-91,9,64,-73,101,90,-3,-19,-215,-453
-23,-114,-91,69,34,-103,102,77,-47,-66,-251,-481
-30,-162,-132,96,51,-146,95,123,28,-77,-254,-494
114,-101,-216,-6,165,-158,-1,-36,-282,-53,-140,-367
479,376,-102,-427,290,137,-472,-916,-1146,246,533,280
426,652,226,-539,100,439,-707,-1440,-1543,329,775,538
-107,25,132,40,-119,78,-295,-950,-1277,-341,-186,-255
-192,-206,-14,199,-89,-109,31,-353,-669,-415,-481,-569
-51,-112,-61,82,6,-87,78,-42,-191,-142,-282,-462
-139,-175,-36,157,-51,-106,64,86,17,-87,-292,-495
-64,-105,-40,85,-12,-72,87,133,113,16,-199,-430
9,-53,-62,22,36,-58,105,152,132,2,-196,-407
-45,-49,-4,47,-20,-26,80,139,149,35,-165,-397
-19,-88,-69,54,25,-78,72,137,140,8,-182,-422
22,-32,-53,5,38,-42,64,129,169,28,-167,-399
-5,-32,-27,19,11,-29,57,125,200,93,-107,-341
7,-14,-21,3,14,-18,37,118,211,93,-92,-312
68,55,-13,-62,41,21,-1,114,248,127,-63,-299
140,50,-89,-95,114,-19,-62,105,241,146,-31,-259
230,124,-106,-177,167,9,-94,96,255,175,41,-189
167,130,-38,-148,102,46,-105,78,272,193,85,-166
140,96,-44,-118,91,26,-118,48,239,177,67,-176
183,143,-40,-163,112,51,-104,63,226,167,63,-181
115,134,19,-125,48,77,-89,62,198,149,26,-191
33,90,57,-62,-12,73,-63,58,163,134,7,-203
72,97,25,-85,23,60,-41,51,146,101,-23,-230
165,104,-61,-134,113,21,-21,32,98,45,-101,-287
139,102,-37,-120,87,33,17,74,82,56,-93,-269
43,86,43,-65,0,64,36,93,109,98,-97,-259
-20,21,41,-1,-30,31,38,71,93,75,-118,-292
-5,-8,-3,7,-1,-5,41,70,96,27,-99,-280
19,11,-8,-15,14,1,35,69,97,28,-103,-289
22,42,20,-32,0,31,35,78,92,57,-80,-269
59,110,51,-84,4,80,28,97,128,84,-55,-230
70,146,76,-109,-3,111,33,121,155,123,-36,-202
72,174,101,-123,-15,137,44,158,192,124,-16,-183
79,201,122,-140,-22,162,10,120,183,110,-27,-192
150,194,44,-172,52,119,-58,37,119,107,-37,-189
149,199,50,-175,50,124,-104,-4,100,85,-24,-178
116,198,82,-158,17,140,-64,32,91,108,8,-157
102,41,-61,-71,81,-10,-17,76,35,36,-64,-212
-77,-106,-29,92,-24,-68,14,67,28,-40,-124,-270
6,-32,-38,14,22,-35,73,80,51,-12,-124,-250
27,-79,-106,26,67,-92,99,76,22,-57,-169,-283
-62,-118,-56,90,-2,-87,96,80,27,-25,-155,-283
7,-112,-119,52,64,-115,124,110,19,-58,-176,-287
-35,-130,-95,83,31,-113,124,122,48,-64,-155,-267
-4,-128,-124,67,60,-126,127,97,-13,-59,-172,-272
-21,-147,-125,84,52,-136,143,143,61,-101,-205,-309
25,-157,-181,66,103,-168,90,134,4,-96,-184,-298
286,83,-203,-185,245,-60,-224,-478,-788,36,234,111
533,694,161,-613,185,427,-691,-1316,-1467,408,976,805
257,409,152,-333,52,280,-512,-1231,-1469,-26,394,358
-210,-211,-1,210,-105,-106,-13,-523,-926,-553,-443,-379
-121,-117,5,119,-63,-56,93,-120,-331,-297,-324,-340
-34,-103,-69,69,18,-86,112,76,-4,-152,-266,-305
-57,-121,-64,89,4,-92,137,168,142,-88,-201,-267
-1,-55,-53,28,26,-54,117,166,152,-63,-172,-250
-55,-78,-23,67,-15,-51,108,167,171,-75,-179,-249
55,-17,-72,-19,64,-45,108,163,183,-46,-141,-209
72,-13,-85,-29,78,-49,89,164,215,-48,-145,-199
-54,-105,-50,80,-2,-77,69,154,231,-33,-132,-185
23,-33,-56,5,39,-44,54,154,232,2,-124,-188
96,27,-69,-61,83,-21,29,146,257,38,-76,-149
177,70,-107,-123,142,-18,-18,127,294,72,-3,-78
184,121,-62,-152,123,29,-65,95,305,104,64,-24
194,150,-44,-172,119,53,-86,55,293,121,105,4
225,142,-83,-183,154,29,-108,42,279,110,97,5
176,95,-81,-135,128,7,-95,29,250,100,77,1
194,126,-68,-159,130,29,-65,51,235,89,60,-7
203,121,-82,-162,142,19,-41,64,193,59,28,-29
131,96,-35,-113,83,30,-21,58,153,29,-31,-77
23,69,46,-46,-12,57,-19,77,125,-6,-64,-116
-19,27,46,-4,-33,36,-6,84,112,-27,-64,-104
35,28,-8,-31,21,10,-9,69,81,-61,-105,-130
29,10,-20,-20,24,-5,9,58,60,-81,-104,-141
-56,-15,41,36,-49,13,57,91,96,-65,-78,-99
-5,29,33,-12,-19,30,45,96,101,-53,-105,-94
8,-5,-13,-1,10,-9,37,95,117,-58,-118,-111
-22,14,36,4,-29,25,39,99,138,-40,-80,-88
47,126,79,-87,-17,103,22,124,172,11,-43,-56
114,154,40,-134,37,97,12,148,210,4,-43,-70
83,160,77,-122,3,118,2,103,192,15,-36,-40
51,146,94,-99,-22,119,-45,38,148,32,-24,-16
81,166,84,-124,-2,124,-81,-5,93,2,-17,-24
46,150,104,-98,-29,127,-71,-1,72,8,-2,13
55,93,38,-74,8,66,-47,1,68,-23,-40,9
49,55,6,-52,21,30,19,33,56,-72,-93,-43
-37,-16,21,26,-29,3,74,86,54,-76,-102,-74
-25,-98,-73,62,24,-85,89,84,16,-128,-151,-106
-9,-109,-100,60,46,-104,82,80,33,-147,-159,-112
-59,-97,-38,78,-10,-67,101,95,33,-143,-150,-107
27,-93,-120,33,74,-106,105,81,32,-159,-158,-115
2,-102,-104,50,54,-103,104,66,22,-141,-140,-103
-27,-167,-140,97,56,-153,109,84,-5,-178,-184,-117
13,-184,-197,86,105,-190,114,173,111,-144,-180,-118
157,-19,-176,-69,167,-97,-46,-133,-365,-45,72,115
483,589,106,-536,188,347,-572,-1026,-1267,316,878,832
288,607,319,-448,-16,463,-657,-1304,-1541,205,827,852
-108,-107,0,108,-54,-53,-175,-699,-1118,-545,-282,-28
-187,-226,-39,207,-74,-132,69,-180,-474,-492,-414,-219
-58,-134,-76,97,9,-105,91,40,-81,-214,-223,-112
8,-135,-143,64,76,-139,103,139,91,-185,-241,-110
2,-89,-91,44,47,-90,116,174,149,-110,-173,-48
77,-43,-120,-17,99,-81,106,170,174,-110,-186,-61
36,-52,-88,8,62,-70,93,169,182,-66,-139,-31
-4,-106,-102,56,49,-104,81,172,197,-73,-133,-30
2,-52,-53,25,27,-52,77,168,223,-57,-117,-18
94,-42,-135,-26,114,-88,45,168,197,-58,-111,11
80,-32,-112,-23,96,-72,39,152,239,-49,-81,54
8,-24,-33,8,21,-29,59,152,283,38,-15,100
97,-3,-100,-46,98,-51,-18,128,310,105,63,160
225,108,-116,-166,170,-4,-86,79,329,129,109,197
214,141,-73,-177,143,34,-98,72,300,113,120,213
159,107,-52,-132,105,27,-93,72,283,107,117,214
278,138,-140,-207,209,-1,-81,68,255,103,73,178
222,149,-73,-185,147,38,-53,71,210,70,49,176
150,127,-23,-139,87,52,-16,70,172,37,14,154
139,96,-43,-117,91,26,3,70,151,16,-26,119
49,11,-38,-30,44,-13,16,71,108,-26,-47,62
10,-24,-35,7,23,-29,0,68,73,-80,-99,30
67,42,-25,-54,46,8,12,73,78,-78,-102,89
73,34,-39,-53,56,-2,38,68,71,-47,-73,102
-23,-27,-3,25,-10,-14,26,79,75,-49,-76,96
75,31,-45,-53,60,-7,21,74,65,-69,-75,92
79,68,-11,-73,45,28,14,65,81,-61,-73,114
-9,71,80,-31,-45,76,3,110,135,-27,-44,140
58,120,62,-89,-2,91,5,112,154,-4,-29,131
50,121,71,-86,-11,96,11,98,175,20,-13,171
55,149,94,-102,-20,121,-7,59,142,24,12,203
82,151,69,-117,7,109,-46,-1,82,-4,8,204
108,146,39,-127,34,92,-75,-27,40,-20,7,199
90,129,39,-110,25,84,-46,-7,45,-9,0,212
-17,-13,4,15,-10,-4,5,49,45,-45,-41,188
34,-63,-97,15,66,-80,27,48,16,-99,-112,139
16,-108,-124,46,71,-116,44,29,-12,-137,-128,106
-53,-149,-97,101,22,-123,69,68,5,-159,-121,124
33,-119,-152,43,93,-135,119,110,28,-149,-160,140
-15,-164,-149,90,67,-156,121,100,-9,-163,-176,93
-70,-168,-99,119,15,-133,100,87,-16,-143,-159,129
21,-178,-199,79,110,-188,96,76,-47,-174,-187,138
-25,-197,-172,111,74,-184,85,134,72,-150,-172,114
74,-108,-181,17,128,-144,19,-25,-212,-89,-31,232
458,366,-92,-412,274,137,-450,-818,-1059,203,644,832
416,664,248,-541,84,456,-732,-1348,-1476,339,972,1161
-20,99,119,-40,-70,109,-323,-935,-1280,-364,-11,413
-173,-262,-89,218,-42,-175,-21,-361,-711,-571,-459,-16
-106,-167,-62,137,-21,-114,67,-49,-194,-230,-211,109
-24,-128,-103,76,39,-115,113,81,18,-158,-214,97
40,-113,-154,37,97,-133,81,128,109,-81,-149,147
-1,-120,-119,61,59,-119,87,153,141,-65,-133,178
35,-68,-103,17,69,-85,73,134,137,-49,-128,175
7,-83,-90,38,48,-86,74,132,146,-30,-115,181
-9,-79,-70,44,31,-74,68,122,149,-41,-118,203
109,-21,-130,-44,120,-75,34,115,147,-28,-106,224
87,-16,-103,-36,96,-59,25,106,178,1,-73,228
94,-3,-97,-45,95,-50,9,93,213,59,-1,273
120,20,-100,-69,110,-40,-41,87,254,121,76,353
175,52,-123,-113,149,-35,-92,73,261,131,110,376
218,88,-130,-153,174,-20,-113,68,247,142,131,402
197,105,-91,-151,144,7,-114,46,219,154,142,416
213,89,-124,-151,168,-17,-111,34,195,141,133,390
175,71,-104,-123,139,-16,-99,45,196,131,113,396
173,74,-99,-123,136,-13,-54,44,158,102,69,365
126,57,-69,-91,98,-6,-19,49,122,66,31,325
61,21,-41,-41,51,-10,-13,42,71,37,-19,302
70,-41,-111,-15,91,-75,-2,38,34,23,-46,290
33,-37,-69,2,51,-53,1,25,36,5,-58,271
38,-13,-51,-12,45,-32,21,35,43,-6,-49,277
22,-20,-42,-1,33,-31,48,60,52,6,-14,292
38,26,-12,-32,25,7,49,62,60,45,-11,302
73,-20,-92,-26,82,-55,7,92,79,76,-28,331
26,2,-25,-14,25,-11,-8,87,82,65,-27,314
129,104,-25,-116,77,39,26,102,113,78,9,321
137,110,-27,-124,82,41,13,130,156,108,43,345
53,121,67,-87,-7,94,-18,89,137,101,46,355
99,155,56,-127,22,105,-52,3,84,91,38,372
138,164,26,-151,55,95,-88,-49,30,84,39,385
182,116,-66,-149,124,24,-75,-29,8,72,30,391
121,66,-54,-93,87,6,5,6,12,43,8,373
10,-34,-44,12,27,-38,64,49,14,10,-38,340
-23,-124,-101,74,39,-112,68,52,-22,10,-74,301
-21,-124,-103,73,41,-113,86,38,-27,-13,-71,276
32,-117,-150,42,91,-133,93,36,-31,-40,-80,278
59,-158,-217,50,138,-187,85,21,-63,-55,-99,268
41,-166,-207,63,124,-186,75,15,-40,-53,-93,266
-35,-168,-132,102,49,-150,104,15,-89,-79,-129,265
-8,-196,-188,102,91,-192,129,104,33,-51,-119,241
33,-206,-239,87,137,-222,96,98,-44,-13,-61,261
293,134,-158,-213,226,-12,-250,-571,-859,134,385,713
617,747,130,-682,243,438,-740,-1446,-1560,490,1114,1391
170,392,222,-281,-27,307,-543,-1333,-1565,32,523,955
-215,-210,5,213,-110,-102,-54,-618,-1002,-483,-333,218
-58,-148,-90,104,16,-119,79,-168,-366,-210,-217,211
-14,-146,-132,80,59,-139,105,51,-45,-75,-174,189
-66,-142,-76,104,5,-108,132,143,111,30,-98,271
-40,-148,-108,94,34,-128,117,155,139,66,-84,329
-23,-116,-93,70,35,-104,109,139,131,33,-94,305
-18,-94,-76,56,30,-84,137,165,172,85,-50,320
-1,-123,-122,62,61,-122,131,173,188,95,-61,317
23,-75,-98,27,61,-86,104,149,183,81,-19,352
94,-72,-165,-11,130,-118,83,147,187,70,-38,325
105,-51,-156,-27,131,-104,46,136,233,135,21,364
108,-42,-150,-33,129,-95,13,135,287,182,92,430
192,8,-184,-100,188,-88,-10,122,295,210,132,471
202,1,-201,-101,201,-100,-43,91,285,220,166,500
191,12,-179,-102,185,-83,-71,61,268,216,175,506
280,64,-216,-172,248,-76,-68,49,237,208,162,498
250,37,-213,-143,231,-88,-35,57,194,190,147,480
167,42,-125,-104,146,-41,-19,56,176,179,132,470
180,24,-156,-102,168,-66,-7,50,156,155,69,451
106,13,-93,-59,99,-40,27,48,110,125,36,437
104,11,-94,-57,99,-42,50,40,81,95,32,427
116,-19,-135,-48,125,-77,58,49,59,78,15,415
6,-70,-76,32,41,-73,52,57,50,81,13,415
68,-68,-136,1,102,-102,49,28,36,79,4,413
131,-37,-168,-47,150,-103,51,9,20,80,-9,407
118,1,-117,-59,117,-57,49,16,35,84,27,419
96,62,-34,-79,65,14,51,59,98,114,74,449
115,97,-18,-106,66,39,67,132,180,164,107,473
150,112,-37,-131,93,37,53,126,179,165,119,471
122,105,-17,-113,69,44,25,77,141,148,113,469
172,96,-76,-133,124,10,-20,18,108,123,120,459
186,90,-96,-138,141,-3,-83,-50,51,111,121,468
153,84,-69,-118,111,7,-66,-37,50,114,113,479
138,26,-112,-82,125,-43,-3,5,36,69,69,437
92,-69,-161,-11,127,-115,66,49,23,8,1,400
60,-132,-192,36,126,-162,102,64,14,14,9,390
70,-159,-230,44,150,-194,98,55,-26,10,-3,373
51,-138,-189,44,120,-163,100,75,2,-15,-17,367
16,-194,-210,89,114,-202,76,46,-45,-51,-39,368
0,-209,-209,105,105,-209,109,75,-9,-49,-53,387
9,-132,-141,62,75,-136,145,57,-26,-43,-37,403
43,-215,-259,86,151,-237,121,69,12,-72,-65,393
78,-221,-300,72,189,-260,137,138,43,-30,-32,384
290,45,-245,-167,268,-100,-131,-408,-681,90,320,703
611,617,6,-614,303,311,-688,-1353,-1492,449,1120,1421
373,513,140,-443,116,326,-644,-1464,-1640,130,806,1221
-128,-175,-47,152,-40,-111,-99,-721,-1107,-515,-224,385
-90,-214,-125,152,18,-169,85,-199,-420,-308,-227,297
31,-162,-192,66,112,-177,114,46,-36,-94,-100,350
23,-163,-186,70,105,-175,158,160,120,-51,-100,327
49,-131,-180,41,114,-155,138,144,144,-12,-44,387
32,-148,-180,58,107,-164,145,167,174,-13,-47,396
26,-121,-147,47,87,-133,131,157,179,22,-22,427
87,-115,-201,14,144,-158,131,150,198,24,-28,427
115,-87,-202,-14,159,-144,122,145,209,57,-25,451
47,-102,-149,27,98,-125,101,132,231,67,2,469
115,-102,-217,-7,167,-159,71,136,264,84,51,487
160,-67,-227,-46,194,-147,27,157,306,130,101,538
138,-30,-168,-53,153,-99,-2,146,339,165,162,586
225,3,-222,-114,223,-109,-56,127,319,166,197,616
289,72,-217,-180,253,-72,-76,122,338,185,219,655
278,97,-181,-188,229,-42,-60,108,333,183,192,644
224,53,-171,-138,197,-59,-42,101,282,171,177,610
211,34,-177,-122,194,-71,2,89,260,164,173,614
197,30,-167,-113,182,-68,20,81,210,114,140,569
124,-25,-150,-49,137,-87,46,73,144,73,108,530
87,-75,-162,-6,125,-119,67,67,124,43,63,525
90,-72,-163,-9,127,-118,60,63,117,18,54,519
99,-56,-155,-21,128,-106,55,53,109,5,56,515
40,-66,-106,13,73,-86,68,80,103,26,53,506
56,-86,-143,15,100,-114,83,104,102,45,57,508
121,-61,-182,-30,152,-122,79,98,91,34,48,501
85,16,-69,-50,77,-27,81,101,131,71,87,530
157,102,-55,-129,105,24,79,118,179,106,113,568
175,99,-76,-136,126,11,83,143,197,105,113,569
161,88,-73,-124,117,7,50,96,195,106,135,571
165,81,-84,-123,124,-2,-3,20,130,95,120,567
141,80,-61,-110,101,9,-38,0,98,82,144,613
190,93,-97,-141,143,-2,-50,-19,101,69,152,637
111,10,-101,-60,106,-45,5,-24,72,29,111,598
63,-68,-132,3,98,-100,76,40,53,-3,85,569
52,-97,-149,23,101,-123,111,93,43,-6,59,548
74,-137,-210,32,142,-173,110,85,21,-76,14,526
95,-192,-287,49,191,-239,101,87,33,-102,-16,518
23,-224,-248,101,136,-236,120,76,7,-90,-23,507
47,-191,-239,72,143,-215,142,82,26,-100,-11,494
64,-172,-236,54,150,-204,140,65,-7,-94,15,507
60,-211,-271,76,166,-241,134,80,24,-92,-17,493
42,-222,-264,90,154,-243,151,147,90,-28,7,496
205,-22,-227,-92,216,-124,-61,-275,-511,71,318,794
511,595,84,-553,213,339,-606,-1184,-1378,446,1141,1522
344,606,262,-475,41,433,-655,-1430,-1654,238,996,1445
-62,-117,-55,90,-4,-86,-122,-755,-1141,-515,-128,564
-112,-256,-144,184,17,-200,105,-194,-433,-416,-234,383
-28,-168,-141,98,57,-154,134,46,-31,-136,-61,489
13,-193,-205,90,109,-198,175,148,152,-84,-74,503
48,-172,-220,62,134,-195,154,151,174,-35,9,553
44,-174,-219,65,132,-196,162,158,182,-46,4,537
62,-151,-212,45,137,-181,150,142,184,-25,29,554
61,-151,-211,45,136,-181,152,140,203,-33,28,573
58,-143,-201,42,130,-172,136,133,225,1,49,579
64,-135,-199,35,132,-167,99,131,227,15,53,569
48,-128,-176,40,112,-151,105,168,303,75,115,640
131,-109,-240,-11,186,-174,85,176,367,128,157,701
215,-38,-253,-88,234,-145,26,139,374,131,194,708
182,9,-173,-95,177,-82,-1,122,367,185,279,772
183,14,-169,-99,176,-77,-11,110,348,191,285,797
203,26,-177,-114,189,-75,-27,87,337,164,263,780
187,21,-166,-104,176,-72,-21,66,292,144,234,765
212,38,-174,-125,192,-68,13,67,249,134,209,754
167,14,-153,-90,160,-69,38,72,212,103,181,744
106,-34,-140,-35,123,-87,51,71,160,53,158,734
86,-54,-140,-16,113,-97,85,77,130,45,126,723
31,-80,-111,24,72,-95,104,72,111,17,88,684
92,-67,-159,-12,126,-113,97,69,110,-3,99,674
123,-73,-196,-24,160,-134,102,67,111,-6,103,679
92,-112,-204,11,148,-158,98,60,108,-8,87,668
99,-91,-190,-4,145,-140,98,67,118,31,114,695
56,-48,-104,-4,80,-76,123,96,155,70,156,759
105,19,-86,-61,95,-33,114,103,197,102,178,771
145,61,-84,-103,115,-11,90,113,204,118,192,733
92,53,-39,-73,65,7,60,108,193,115,187,759
93,75,-18,-84,55,29,22,48,153,105,184,795
142,91,-51,-117,97,20,5,-10,100,82,183,778
164,75,-89,-119,126,-8,-15,-43,92,69,178,790
142,14,-127,-78,135,-56,-1,-18,92,47,165,805
106,-77,-184,-14,145,-130,49,15,49,-13,105,733
27,-123,-150,49,88,-136,92,39,35,-35,67,688
49,-126,-175,39,112,-150,92,30,3,-62,51,681
75,-145,-220,35,147,-182,102,41,13,-90,57,689
79,-109,-188,15,134,-148,149,70,21,-93,68,716
111,-121,-232,6,172,-176,134,49,13,-104,32,694
36,-188,-224,77,130,-206,122,32,-14,-88,33,678
56,-222,-278,83,167,-250,143,49,-24,-124,21,655
110,-226,-336,58,223,-281,150,122,100,-73,39,668
216,-93,-310,-61,263,-201,-16,-212,-394,-1,216,856
495,461,-34,-478,264,213,-522,-1074,-1236,394,1004,1578
388,676,288,-532,50,481,-682,-1463,-1562,410,1167,1773
-20,-13,7,16,-13,-3,-240,-933,-1266,-409,49,898
-27,-281,-253,155,113,-267,54,-328,-582,-458,-233,590
30,-195,-226,83,128,-210,127,-29,-110,-153,-8,705
44,-205,-249,81,147,-227,148,82,63,-109,-54,654
64,-157,-221,47,142,-188,150,99,117,-24,37,711
28,-147,-175,60,102,-161,163,158,175,-19,72,771
101,-107,-207,3,154,-157,126,122,175,5,76,740
77,-169,-245,46,161,-207,120,104,154,-22,51,713
55,-147,-202,46,129,-174,112,137,200,17,103,797
82,-111,-194,15,138,-152,113,143,221,49,133,815
124,-92,-216,-16,170,-153,90,147,247,76,139,824
144,-78,-222,-33,184,-150,51,143,286,111,179,853
199,-68,-267,-65,233,-167,8,147,329,142,223,890
297,9,-288,-153,292,-139,-28,143,340,201,292,957
