I,II,III,aVR,aVL,aVF,V1,V2,V3,V4,V5,V6
-151,21,172,65,-162,96,-38,58,-234,-295,-554,5
-102,61,163,20,-132,111,-41,75,-233,-294,-548,11
-165,-6,159,85,-162,76,-69,71,-224,-289,-536,19
-162,-33,129,98,-146,48,-70,59,-223,-287,-526,21
-74,61,135,6,-105,98,-56,61,-255,-281,-509,22
-177,-22,155,99,-166,66,-51,41,-264,-282,-502,1
-218,-63,155,140,-186,45,-50,23,-263,-295,-495,19
-190,-57,133,123,-161,38,-48,40,-241,-294,-449,54
-122,23,145,50,-133,84,-58,45,-235,-289,-450,52
-115,52,167,31,-141,109,-58,75,-246,-284,-439,87
-133,-9,125,71,-129,57,-45,61,-237,-278,-402,95
-138,10,149,64,-144,79,-34,38,-236,-275,-404,80
-229,-78,151,153,-189,36,-26,46,-228,-269,-397,84
-162,-29,133,95,-147,52,-18,44,-228,-266,-391,69
-77,20,96,28,-87,58,-8,50,-217,-260,-382,76
-129,-34,95,81,-112,31,-1,58,-216,-261,-374,113
-199,-72,128,135,-163,28,38,89,-199,-258,-359,130
-152,-94,58,123,-105,-18,43,80,-201,-256,-345,121
-131,-40,91,85,-111,25,26,68,-229,-254,-331,128
-196,-48,148,122,-172,50,22,62,-215,-254,-313,124
-164,-25,139,94,-151,57,16,51,-207,-247,-298,124
-170,-36,134,103,-152,49,10,53,-192,-236,-302,124
-180,-87,93,133,-137,3,2,30,-196,-238,-295,109
-159,-47,112,103,-136,32,47,84,-163,-211,-276,143
-137,4,141,67,-139,72,3,78,-157,-204,-290,124
-80,27,106,26,-93,66,-27,231,32,30,-151,177
73,244,171,-159,-49,207,-172,479,249,877,341,481
315,637,322,-476,-4,479,-800,410,84,2278,1291,1045
457,495,38,-476,209,266,-1381,40,-333,2360,1507,1113
367,-284,-651,-41,509,-467,-1236,-878,-1124,267,321,315
33,-603,-636,285,335,-619,-623,-1211,-1316,-945,-453,-140
-145,-282,-137,214,-4,-210,-162,-576,-684,-615,-411,-104
-109,-148,-39,129,-35,-93,23,-232,-343,-403,-366,-95
-123,-77,46,100,-84,-16,57,-83,-197,-274,-299,-72
-183,-21,162,102,-172,70,67,14,-105,-199,-247,-66
-202,-48,154,125,-178,53,71,46,-62,-169,-220,-58
-98,33,131,32,-115,82,45,88,-35,-153,-228,-48
-110,-9,101,59,-106,46,51,76,-36,-167,-251,-59
-157,-51,106,104,-131,27,57,81,-20,-157,-278,-91
-30,31,61,-1,-46,46,48,92,-9,-127,-260,-66
-108,43,151,32,-130,97,54,134,55,-90,-224,-48
-177,-13,164,95,-170,76,26,129,63,-95,-242,-77
-59,18,77,20,-68,47,25,165,84,-61,-224,-104
-62,127,189,-33,-126,158,65,239,154,-5,-207,-113
-49,102,152,-27,-101,127,75,274,201,46,-209,-107
-114,26,140,44,-127,82,62,283,222,57,-216,-114
-100,102,202,-1,-152,152,49,288,238,57,-199,-82
-36,155,191,-60,-114,173,82,339,298,107,-161,-60
2,211,210,-107,-104,210,96,340,320,115,-147,-71
28,173,145,-101,-59,159,70,294,281,98,-166,-86
-75,104,179,-15,-127,141,59,254,240,82,-209,-119
-26,173,198,-74,-112,185,68,242,231,60,-201,-111
6,182,176,-95,-85,179,75,247,238,60,-188,-100
-47,176,223,-65,-136,200,65,246,233,85,-181,-88
-104,144,248,-21,-176,196,69,263,237,122,-162,-71
-40,245,285,-102,-163,264,69,284,257,164,-147,-76
-35,246,280,-105,-158,262,41,264,238,190,-133,-73
-116,144,260,-14,-189,202,35,217,185,175,-162,-84
-39,181,220,-71,-129,200,40,183,157,145,-193,-74
-104,99,203,2,-154,151,16,164,140,110,-230,-92
-47,169,216,-61,-132,192,34,166,147,96,-247,-107
33,225,192,-130,-80,208,45,128,116,70,-254,-97
-95,73,169,11,-132,121,-2,79,47,-2,-336,-168
-40,75,115,-18,-78,95,3,81,39,-26,-372,-186
-10,119,129,-55,-70,124,24,79,34,-21,-360,-175
-86,102,188,-8,-138,145,15,64,18,-60,-388,-204
-79,97,176,-9,-128,136,9,53,5,-86,-388,-215
-64,117,182,-27,-123,149,1,30,-31,-84,-378,-215
-48,104,152,-29,-100,128,-5,-2,-62,-87,-412,-220
-28,81,109,-27,-69,95,-14,-29,-86,-116,-446,-239
-94,75,169,9,-131,122,-17,-44,-101,-134,-456,-242
-90,62,152,14,-121,107,-15,-48,-113,-146,-469,-256
-79,58,136,10,-107,97,-11,-65,-135,-161,-479,-242
-100,72,173,14,-137,123,-11,-78,-149,-160,-478,-236
25,121,96,-73,-36,108,-18,-76,-140,-164,-485,-276
-64,72,136,-4,-100,104,-32,-83,-145,-178,-503,-289
-212,-32,180,122,-196,74,-45,-89,-175,-200,-523,-293
-129,-5,123,67,-126,59,-38,-85,-173,-201,-523,-294
-56,59,114,-2,-85,86,-34,-77,-165,-194,-516,-284
-103,42,145,30,-124,93,-28,-72,-164,-195,-514,-285
-129,34,162,47,-146,98,-22,-63,-156,-189,-532,-275
-134,5,140,64,-137,72,-23,-62,-157,-192,-548,-276
-176,-43,133,109,-154,45,-30,-73,-168,-204,-541,-284
-112,19,130,46,-121,74,-44,-77,-172,-204,-538,-268
-108,29,136,39,-122,82,-47,-82,-177,-209,-550,-295
-84,31,115,26,-100,73,-37,-74,-176,-216,-561,-318
-72,36,108,18,-90,72,-27,-59,-173,-214,-559,-301
-112,-17,94,64,-103,38,-34,-60,-178,-216,-561,-303
-90,12,103,39,-97,57,-30,-66,-169,-213,-557,-296
-90,-23,68,56,-79,22,-44,-75,-189,-227,-573,-307
-68,-56,12,62,-40,-22,-65,-78,-175,-232,-588,-317
-47,13,60,17,-54,36,-53,-71,-149,-220,-572,-303
-45,30,75,7,-60,53,-39,-64,-164,-206,-563,-289
-75,32,107,21,-92,69,-29,-58,-155,-195,-557,-268
-81,17,97,31,-89,57,-18,-54,-169,-200,-552,-274
-111,-37,74,74,-92,19,-26,-56,-171,-206,-549,-275
-87,-5,82,46,-85,39,-45,-54,-164,-210,-542,-270
-86,14,99,36,-93,56,-36,-56,-166,-210,-540,-269
-85,33,118,26,-102,75,-26,-73,-157,-218,-552,-264
-73,58,131,7,-102,94,-21,-82,-165,-220,-556,-265
-88,28,116,29,-102,71,-12,-79,-159,-212,-546,-255
-25,-6,20,15,-23,7,-32,-80,-170,-241,-570,-268
-134,-28,106,81,-120,39,-52,-75,-188,-269,-584,-283
-113,1,113,56,-113,56,-49,-64,-184,-261,-564,-278
22,-9,-32,-7,27,-20,-46,-81,-186,-275,-575,-283
-48,-6,41,27,-44,18,-43,-87,-179,-266,-577,-257
-75,52,127,12,-102,89,-39,-65,-166,-237,-567,-233
-68,58,125,5,-97,91,-40,-63,-154,-256,-571,-228
-90,9,98,40,-94,53,-38,-52,-149,-262,-573,-217
-73,6,79,33,-76,42,-34,-46,-149,-256,-575,-210
-69,21,90,24,-80,55,-36,-78,-169,-269,-574,-205
-98,-27,71,63,-84,21,-31,-88,-176,-267,-568,-199
-99,-28,70,63,-84,21,-29,-83,-169,-264,-556,-194
-38,61,100,-12,-69,80,-31,-88,-170,-260,-553,-189
9,89,80,-49,-36,84,-29,-81,-160,-251,-555,-182
-49,54,102,-3,-76,78,-55,-94,-181,-275,-569,-191
-56,70,126,-8,-91,98,-71,-106,-194,-289,-576,-180
-15,75,90,-31,-53,82,-71,-103,-188,-287,-570,-165
-51,31,82,10,-67,57,-68,-100,-180,-277,-557,-170
-5,23,28,-9,-17,25,-70,-93,-177,-280,-555,-169
2,69,67,-36,-33,68,-59,-79,-163,-260,-558,-130
-22,56,78,-17,-50,66,-62,-61,-154,-256,-565,-117
-7,88,95,-41,-51,92,-41,48,-38,-153,-482,-59
27,210,183,-119,-78,196,-86,273,196,230,-261,95
269,494,225,-381,21,359,-610,371,223,1274,357,481
573,853,280,-713,147,566,-1390,486,202,2563,1309,1091
689,367,-321,-528,505,23,-1649,-68,-363,1560,966,830
449,-377,-826,-35,638,-602,-1141,-1161,-1251,-590,-275,29
127,-367,-493,120,310,-430,-489,-1066,-1072,-916,-671,-178
4,-193,-198,95,101,-195,-134,-478,-530,-607,-660,-175
-67,-71,-5,69,-31,-38,-5,-253,-309,-462,-617,-154
-34,-13,22,23,-28,4,-19,-90,-161,-341,-556,-131
-29,-45,-16,37,-6,-30,-15,-59,-127,-331,-524,-139
-50,19,70,15,-61,45,30,24,-53,-250,-484,-92
-26,24,50,1,-38,37,64,75,-23,-241,-486,-62
-46,13,59,16,-53,36,69,77,-26,-231,-478,-67
-22,16,39,3,-31,27,70,88,-4,-227,-476,-79
-22,-4,17,13,-19,6,70,111,22,-200,-473,-74
-17,62,79,-23,-48,70,71,155,59,-176,-467,-74
-42,4,45,19,-43,24,69,160,56,-190,-456,-86
-36,-6,30,21,-33,12,75,211,107,-138,-425,-61
63,156,93,-110,-15,124,120,311,208,-79,-377,-18
37,122,85,-79,-25,104,133,335,225,-64,-376,-40
-57,33,89,12,-74,61,128,360,255,-38,-366,-34
33,121,88,-78,-28,104,135,443,324,18,-324,16
132,184,52,-158,40,117,131,465,333,42,-305,36
36,155,119,-96,-42,137,125,454,326,38,-285,36
-41,121,161,-40,-101,141,117,448,319,42,-270,27
9,144,135,-77,-64,139,110,438,314,38,-268,66
74,211,138,-143,-32,174,101,438,305,48,-271,81
66,187,121,-127,-28,154,95,440,297,65,-240,69
98,210,112,-154,-8,161,93,461,330,97,-201,127
77,181,104,-130,-13,143,63,460,332,108,-203,139
56,135,79,-96,-12,107,54,444,317,120,-175,129
103,242,140,-173,-19,191,79,469,343,179,-142,177
87,213,126,-150,-20,169,71,425,303,157,-148,175
124,193,69,-159,28,131,32,347,237,100,-149,140
117,201,84,-159,16,143,26,306,201,70,-158,129
81,140,59,-111,10,99,65,256,149,36,-182,116
45,136,91,-91,-23,113,80,224,114,21,-230,106
51,140,89,-96,-19,114,78,218,111,7,-255,103
83,146,64,-115,9,105,77,207,100,-11,-245,88
-31,37,68,-3,-50,52,72,178,65,-48,-257,68
-58,-16,42,37,-50,12,72,151,38,-92,-276,57
2,61,59,-31,-29,60,65,134,34,-83,-256,52
81,78,-4,-79,42,37,69,113,4,-85,-252,48
91,45,-47,-68,69,-1,53,78,-40,-125,-272,37
14,-2,-16,-6,15,-9,64,80,-7,-103,-266,60
75,37,-38,-55,56,-1,88,90,5,-117,-254,76
-25,-24,1,24,-13,-11,61,70,-41,-158,-242,61
-43,-52,-10,48,-16,-31,80,65,-53,-147,-235,68
62,38,-24,-50,43,7,88,56,-56,-149,-230,73
-50,-27,23,38,-37,-2,67,48,-80,-166,-242,68
-16,-71,-55,44,20,-63,95,43,-98,-163,-236,60
9,-100,-109,46,59,-104,102,34,-94,-142,-208,53
-11,-57,-45,34,17,-51,87,31,-93,-157,-206,45
24,-19,-42,-2,33,-30,83,18,-90,-167,-199,39
-4,-99,-95,52,46,-97,78,-5,-90,-163,-194,35
32,-71,-103,19,68,-87,82,-13,-99,-177,-188,34
23,-64,-86,21,55,-75,78,-6,-99,-170,-162,62
9,-54,-62,23,36,-58,84,-6,-92,-158,-140,83
2,-62,-64,30,33,-62,106,2,-89,-142,-136,90
-51,-117,-65,84,7,-91,110,-9,-84,-135,-129,95
-23,-114,-91,68,34,-102,101,-32,-79,-167,-124,82
-5,-107,-102,56,49,-104,100,-26,-86,-159,-119,84
-2,-84,-82,43,40,-82,93,-19,-91,-137,-110,101
-36,-121,-85,79,25,-102,90,-13,-90,-154,-100,108
-26,-109,-83,68,29,-96,97,-5,-87,-140,-87,101
37,-64,-101,14,69,-82,100,-1,-86,-138,-75,116
1,-99,-100,49,51,-99,101,-11,-83,-138,-58,141
-5,-90,-86,48,41,-88,95,-38,-84,-139,-57,129
39,-64,-103,12,71,-83,119,-31,-75,-149,-32,146
43,-97,-140,27,92,-118,135,-46,-91,-158,-14,163
-29,-167,-138,98,54,-152,121,-68,-106,-166,-7,154
-37,-150,-114,94,39,-132,105,-33,-78,-129,35,153
37,-64,-101,14,69,-82,118,-7,-72,-122,68,148
-10,-97,-86,54,38,-91,139,-20,-77,-123,75,145
-30,-139,-109,85,40,-123,122,-48,-85,-113,63,151
91,-44,-135,-23,114,-89,143,-49,-87,-119,107,190
57,-77,-134,10,96,-106,147,-40,-75,-119,141,208
-32,-140,-108,86,39,-124,134,-35,-68,-121,134,199
-30,-127,-97,78,34,-112,146,-27,-62,-121,141,199
8,-93,-100,43,54,-96,149,-27,-49,-120,140,194
1,-87,-88,44,45,-87,165,-35,-56,-121,136,199
-1,-152,-152,77,76,-152,166,-44,-79,-123,148,200
74,-89,-163,8,119,-126,164,-39,-85,-130,181,199
6,-134,-140,64,73,-137,166,-31,-78,-124,188,206
62,-106,-167,22,115,-136,164,-33,-55,-98,181,203
8,-96,-104,44,57,-100,167,-34,-47,-84,215,211
-85,-215,-131,150,23,-173,165,-36,-52,-82,223,213
49,-105,-153,29,101,-129,163,-35,-52,-81,219,218
-7,-120,-113,63,53,-116,160,-35,-57,-89,239,206
-28,-191,-164,110,68,-177,156,-39,-53,-102,241,178
9,-136,-145,64,77,-140,156,-31,-42,-99,229,168
-2,-129,-126,66,62,-127,156,-42,-40,-94,218,169
133,-65,-198,-33,165,-131,166,-43,-23,-65,246,180
93,-45,-138,-24,116,-91,160,-47,-25,-41,254,153
-118,-196,-78,157,-20,-137,162,-28,-5,-31,242,147
-17,-163,-146,90,65,-155,146,-17,9,-16,244,143
70,-24,-94,-23,82,-59,136,131,192,200,379,211
147,79,-69,-112,108,5,-34,337,385,918,770,421
434,541,107,-488,163,323,-621,278,246,2290,1684,938
632,557,-75,-595,353,241,-1206,5,-83,2652,2084,1144
482,-338,-820,-72,651,-579,-1154,-896,-885,651,940,354
141,-715,-855,287,498,-785,-556,-1367,-1202,-764,104,-178
18,-469,-487,226,253,-478,-87,-788,-611,-495,99,-150
-24,-276,-252,150,114,-263,101,-406,-233,-265,108,-147
-40,-107,-67,74,13,-87,162,-205,-35,-92,222,-91
-1,-90,-89,46,44,-89,157,-105,64,-14,242,-90
25,-82,-107,29,67,-95,180,-95,96,8,264,-91
12,-96,-108,42,60,-102,175,-65,123,37,262,-92
-61,-127,-67,94,3,-97,158,-66,110,25,235,-100
-62,-107,-44,85,-9,-75,148,-55,116,31,229,-109
7,-108,-115,51,61,-111,156,-46,139,42,217,-110
39,-83,-122,22,81,-102,176,8,195,91,251,-102
45,-61,-106,8,76,-83,164,13,206,97,241,-107
51,-50,-101,0,76,-76,158,35,224,110,223,-103
79,-17,-96,-31,88,-56,159,80,246,127,214,-107
33,5,-28,-19,30,-12,173,150,315,187,249,-85
-5,0,6,3,-6,3,187,215,378,232,284,-63
63,6,-56,-34,60,-25,184,228,386,233,279,-66
68,42,-26,-55,47,8,186,256,402,246,286,-65
87,148,61,-118,13,104,195,278,427,260,302,-65
53,125,72,-89,-9,98,212,263,441,278,322,-66
-18,47,65,-15,-42,56,196,243,399,243,292,-70
43,111,68,-77,-13,89,177,246,367,217,257,-80
110,147,38,-129,36,92,171,245,361,220,286,-76
98,146,48,-122,25,97,127,245,344,212,290,-68
41,106,65,-74,-12,85,117,246,349,241,286,-60
103,141,38,-122,33,89,136,242,361,268,310,-60
149,182,33,-166,57,107,120,237,342,261,307,-60
31,110,79,-71,-24,95,114,215,315,253,302,-59
56,132,76,-94,-10,104,116,185,286,243,298,-62
118,170,52,-144,32,111,112,162,254,223,266,-54
46,101,56,-74,-5,78,110,137,233,197,232,-93
33,114,82,-73,-25,97,109,112,220,168,208,-116
1,79,78,-41,-39,79,107,98,190,133,172,-104
-37,9,47,14,-42,28,93,84,147,109,149,-137
27,83,57,-55,-15,70,91,66,141,94,133,-148
31,52,21,-42,5,36,106,48,130,65,102,-149
-31,10,40,10,-36,25,105,-3,68,36,73,-186
-31,-36,-5,33,-12,-21,105,10,62,29,75,-202
36,-58,-94,11,65,-75,101,35,74,11,67,-189
117,42,-75,-79,96,-16,84,-10,32,-24,23,-201
134,33,-101,-83,117,-34,70,-15,26,-56,24,-219
97,28,-70,-62,83,-21,62,-33,19,-63,6,-220
40,36,-4,-38,22,16,77,-55,10,-57,-27,-232
-47,-57,-10,52,-18,-33,85,-67,-28,-100,-50,-245
-7,-62,-54,35,24,-58,76,-68,-42,-110,-63,-230
54,19,-35,-37,44,-8,73,-34,-5,-76,-15,-200
-20,25,44,-3,-32,34,66,-36,-17,-79,-18,-197
3,-5,-8,1,6,-7,61,-57,-39,-100,-72,-223
36,4,-32,-20,34,-14,56,-51,-35,-99,-71,-216
-6,-31,-26,19,10,-28,44,-61,-49,-113,-80,-219
-65,-110,-45,88,-10,-77,38,-93,-77,-152,-107,-248
-58,-56,3,57,-30,-26,26,-88,-75,-150,-105,-240
79,9,-70,-44,75,-31,24,-84,-73,-153,-103,-239
38,-20,-58,-9,48,-38,31,-84,-70,-156,-110,-234
-10,-56,-46,33,18,-51,26,-79,-70,-152,-118,-232
-19,-79,-60,49,21,-69,24,-81,-67,-142,-121,-222
42,12,-30,-27,36,-8,18,-79,-59,-135,-119,-206
69,-27,-96,-20,83,-61,18,-80,-69,-145,-86,-203
-95,-99,-4,97,-45,-52,8,-80,-66,-139,-92,-192
-8,24,33,-8,-21,29,8,-79,-59,-121,-124,-198
39,3,-35,-21,37,-16,33,-81,-56,-121,-119,-202
-6,-57,-51,32,23,-54,27,-79,-47,-150,-118,-195
28,-19,-46,-4,37,-32,10,-81,-47,-164,-115,-195
27,4,-22,-16,25,-9,1,-78,-59,-161,-114,-186
-20,-55,-35,37,8,-45,-28,-85,-83,-167,-124,-186
-16,-75,-59,45,22,-67,-48,-101,-94,-176,-147,-189
61,0,-62,-30,61,-31,-7,-64,-56,-142,-144,-152
70,21,-49,-45,59,-14,1,-57,-53,-139,-127,-145
65,6,-59,-35,62,-26,-25,-81,-73,-167,-120,-158
14,-34,-48,10,31,-41,-23,-77,-74,-164,-116,-146
57,21,-36,-39,46,-7,-21,-68,-69,-161,-109,-146
75,45,-30,-59,52,7,-7,-62,-65,-161,-118,-140
-49,-55,-5,52,-22,-30,-21,-83,-87,-182,-148,-135
11,-41,-53,15,32,-47,-34,-87,-92,-187,-151,-132
52,19,-33,-35,42,-7,-27,-81,-87,-179,-149,-129
28,-3,-31,-12,30,-17,-32,-81,-86,-180,-152,-132
129,46,-82,-87,105,-18,-26,-80,-84,-172,-148,-128
21,18,-3,-19,11,8,-8,-85,-82,-173,-146,-125
-12,-49,-37,31,13,-43,-3,-87,-76,-167,-135,-125
118,44,-75,-81,96,-15,-30,-90,-71,-176,-138,-120
34,18,-16,-26,25,1,-53,-94,-75,-206,-161,-122
17,-3,-20,-7,19,-12,-55,-94,-85,-211,-166,-106
19,62,43,-41,-12,52,-57,-97,-86,-210,-165,-82
10,74,64,-42,-27,69,-48,-97,-77,-208,-164,-73
39,26,-13,-32,26,6,-65,-103,-88,-214,-166,-78
19,30,11,-25,4,20,-63,-97,-99,-204,-157,-70
83,91,7,-87,38,49,-51,-94,-105,-209,-161,-55
37,68,31,-53,3,49,-49,-87,-94,-189,-150,-37
65,54,-11,-59,38,21,-65,-81,-89,-211,-171,-44
106,70,-36,-88,71,17,-76,-80,-89,-219,-181,-49
13,27,13,-20,0,20,-47,-65,-59,-188,-149,3
84,9,-75,-46,79,-33,-46,-41,-34,-193,-137,22
111,188,77,-149,17,132,-33,206,195,123,63,158
238,410,171,-324,33,290,-396,354,323,955,532,462
574,787,213,-681,180,500,-1188,424,278,2371,1471,1046
799,644,-155,-722,477,244,-1660,158,-87,2163,1615,1116
639,-208,-847,-215,743,-527,-1321,-939,-1014,-76,397,315
256,-453,-709,99,483,-581,-624,-1223,-1150,-933,-266,-43
82,-237,-320,78,201,-278,-213,-621,-583,-615,-296,-53
-26,-133,-107,80,41,-119,-57,-338,-315,-475,-290,-80
-31,-42,-11,37,-10,-26,-20,-124,-116,-286,-182,-1
47,75,29,-61,9,51,30,-4,-8,-221,-145,40
61,108,47,-85,7,77,58,19,16,-206,-131,67
81,45,-35,-63,58,5,43,35,30,-203,-136,31
83,39,-45,-61,64,-3,35,30,27,-198,-137,19
143,93,-50,-118,96,21,21,57,51,-185,-139,18
99,50,-49,-74,74,0,-1,78,54,-194,-134,1
34,-11,-45,-11,39,-28,21,130,101,-163,-109,35
104,130,25,-117,39,77,84,198,173,-115,-76,98
145,164,19,-155,63,92,80,229,199,-74,-62,97
113,87,-27,-100,70,30,103,264,244,-42,-68,81
102,84,-18,-93,60,33,119,289,265,-34,-68,86
61,88,27,-74,17,57,116,329,300,5,-51,86
59,149,90,-105,-16,120,123,393,364,56,4,105
130,212,82,-171,24,146,108,426,394,77,40,118
107,189,82,-148,13,135,145,455,416,94,53,138
109,168,59,-139,25,113,158,456,415,104,80,164
133,211,78,-172,27,144,131,426,392,95,76,175
167,248,81,-208,43,164,109,402,370,96,70,183
167,219,53,-193,57,136,91,399,364,89,61,178
118,194,76,-156,20,135,83,406,366,96,81,182
102,218,116,-160,-7,166,69,413,373,151,133,211
143,239,95,-191,23,167,60,412,370,188,156,236
179,254,75,-217,52,165,53,405,361,201,170,242
149,250,101,-200,24,176,45,376,336,192,181,231
158,249,91,-204,33,170,40,329,295,173,180,228
125,226,101,-176,12,163,28,291,255,137,144,216
74,177,103,-126,-15,140,27,249,216,82,113,199
70,159,89,-114,-10,124,11,199,169,50,90,164
82,156,73,-119,4,114,26,177,143,33,60,147
79,137,58,-108,10,97,69,159,137,6,62,176
47,116,69,-81,-12,92,39,119,92,-23,40,142
44,98,55,-71,-6,76,19,100,69,-19,25,128
101,94,-7,-97,54,43,32,89,70,-19,45,150
97,77,-19,-87,58,29,47,75,53,-41,38,141
56,85,29,-71,13,57,51,72,58,-25,53,148
84,78,-6,-80,45,36,37,57,39,-48,56,152
54,-11,-65,-21,60,-38,14,11,-8,-100,11,146
96,50,-46,-73,71,2,21,4,-25,-93,21,136
144,105,-39,-124,91,33,53,22,-15,-82,62,128
30,-1,-31,-14,30,-16,15,-14,-25,-98,71,117
15,22,7,-19,3,15,-5,-44,-58,-129,64,119
115,72,-42,-93,78,15,39,-38,-59,-127,62,131
78,4,-74,-41,76,-35,33,-40,-50,-117,58,124
61,25,-36,-43,49,-5,26,-40,-52,-117,66,121
109,50,-59,-79,84,-5,61,-13,-21,-84,85,116
83,5,-78,-44,81,-37,35,-36,-39,-101,84,111
11,-40,-51,15,31,-45,7,-78,-85,-144,86,114
-20,-83,-63,52,22,-73,31,-71,-72,-130,83,118
72,-42,-114,-15,93,-78,44,-75,-69,-119,100,149
79,-23,-103,-28,91,-63,49,-76,-70,-111,99,174
47,-61,-108,8,77,-84,44,-71,-73,-98,92,175
94,3,-92,-48,93,-44,44,-69,-72,-100,124,176
132,17,-115,-75,123,-49,56,-63,-47,-99,141,192
61,-82,-143,11,102,-112,67,-62,-46,-101,145,206
18,-16,-33,-1,26,-24,62,-55,-59,-99,146,205
17,-29,-45,6,31,-37,60,-56,-60,-100,151,200
-11,-95,-85,53,37,-90,57,-64,-60,-99,161,202
95,27,-68,-61,82,-20,54,-56,-59,-75,193,229
52,-56,-108,2,80,-82,60,-69,-65,-88,203,229
-16,-97,-81,57,33,-89,67,-88,-76,-108,200,224
65,-6,-72,-29,68,-39,73,-83,-73,-97,207,223
63,-93,-156,16,110,-124,63,-87,-67,-93,205,218
41,-101,-142,31,91,-121,69,-82,-63,-87,218,239
57,-72,-129,8,93,-100,76,-88,-58,-84,235,229
78,-86,-165,5,121,-125,82,-79,-53,-85,248,247
-6,-135,-129,70,62,-132,101,-78,-51,-85,235,251
-3,-105,-103,54,50,-104,91,-83,-64,-90,256,252
124,14,-110,-69,117,-48,100,-37,-58,-81,304,309
63,-64,-128,0,96,-95,112,-52,-49,-69,304,316
-11,-133,-122,72,56,-127,97,-68,-46,-63,293,313
28,-101,-129,37,79,-115,119,-39,-9,-20,300,317
10,-118,-128,54,69,-122,137,-76,-22,-28,317,308
22,-125,-147,52,85,-136,124,-101,-58,-68,318,304
40,-118,-158,39,99,-137,110,-93,-52,-61,307,292
18,-117,-135,50,77,-126,111,-89,-47,-57,308,264
54,-89,-143,18,99,-116,109,-82,-28,-53,294,255
62,-79,-141,8,102,-110,110,-78,-28,-48,303,262
108,-31,-139,-38,123,-85,115,-69,-25,-41,339,260
78,-40,-118,-19,98,-79,110,-97,-7,-34,332,236
-20,-138,-118,79,50,-128,103,-111,5,-16,313,207
18,-61,-79,22,48,-70,75,-110,8,-5,296,211
75,-43,-117,-16,96,-80,93,-150,1,11,299,210
65,-125,-190,30,128,-157,125,-152,30,57,325,180
-7,-112,-105,60,49,-108,103,-146,31,48,302,141
23,-35,-57,6,40,-46,96,-156,17,44,292,146
57,-58,-115,1,86,-86,106,-147,29,49,282,162
36,-103,-139,34,87,-121,98,-131,63,63,293,138
80,42,-38,-61,59,2,44,94,317,421,487,210
247,276,29,-262,109,152,-285,226,398,1404,1055,551
587,694,107,-640,239,400,-992,133,200,2680,1954,1085
700,387,-313,-543,506,37,-1404,-319,-269,2121,1770,930
386,-503,-889,58,638,-696,-1016,-1249,-1058,-43,534,131
100,-567,-667,234,384,-617,-415,-1312,-1018,-707,22,-174
35,-304,-339,135,187,-321,-86,-725,-457,-374,30,-136
-8,-168,-159,88,76,-163,72,-432,-168,-188,111,-116
-7,-85,-78,46,36,-81,118,-238,22,-7,206,-85
26,-57,-83,16,55,-70,111,-198,45,-12,184,-83
13,-35,-48,11,31,-41,110,-162,83,28,215,-67
4,-81,-85,38,45,-82,105,-138,97,34,212,-72
1,-71,-72,35,37,-71,101,-135,91,37,196,-96
-7,-64,-58,36,26,-61,101,-94,123,44,181,-100
31,-56,-87,13,59,-72,106,-95,114,27,164,-102
24,-49,-74,13,49,-62,105,-72,137,57,162,-125
6,-32,-38,13,23,-35,109,11,204,108,184,-83
159,69,-90,-114,124,-10,129,50,255,163,208,-70
98,36,-61,-67,80,-13,129,76,279,182,202,-99
-71,-16,56,43,-64,20,126,139,314,210,207,-78
18,31,13,-24,2,22,122,157,328,222,204,-78
42,52,10,-47,16,31,119,190,356,224,205,-80
109,185,76,-148,16,130,149,257,414,274,257,-45
157,211,54,-184,52,132,135,274,399,288,279,-35
42,125,83,-84,-20,104,96,223,361,237,238,-57
64,150,86,-107,-11,118,94,208,354,224,237,-53
96,176,80,-136,8,128,76,216,341,228,245,-43
98,192,94,-145,2,143,78,210,348,233,254,-37
91,182,91,-137,0,136,101,234,362,269,294,-28
85,205,121,-145,-19,163,93,237,355,282,301,-5
148,268,120,-208,14,194,78,225,343,302,310,20
107,234,128,-171,-11,181,67,207,318,302,314,20
28,146,117,-87,-45,131,50,173,285,282,295,15
27,170,143,-99,-58,156,42,136,249,257,277,10
109,169,60,-139,24,114,38,117,224,205,234,-4
85,142,58,-114,13,100,37,104,198,192,214,-14
-1,140,141,-70,-72,140,33,71,161,169,184,-37
56,77,21,-66,17,49,30,47,147,135,149,-72
65,117,52,-92,6,85,28,32,128,125,139,-67
20,117,97,-69,-39,107,5,16,93,86,102,-94
-16,45,61,-15,-39,53,-8,5,69,69,85,-135
8,80,72,-44,-32,76,-3,-6,59,63,84,-127
59,101,42,-81,8,71,11,-18,50,52,75,-133
60,97,37,-79,12,67,17,-36,35,34,59,-126
24,50,26,-37,-1,38,-24,-80,9,-26,13,-141
54,47,-7,-51,30,20,-14,-87,-1,-13,4,-145
100,119,18,-110,41,68,19,-72,6,-4,9,-125
35,23,-12,-28,23,5,-34,-123,-50,-74,-53,-178
26,12,-15,-19,21,-1,-54,-144,-90,-101,-94,-193
-8,67,75,-29,-42,71,-12,-127,-89,-93,-82,-169
-30,11,41,9,-36,26,-24,-131,-91,-91,-82,-167
17,-8,-25,-5,21,-16,-53,-142,-88,-111,-105,-159
-29,12,41,8,-35,27,-25,-144,-74,-116,-111,-152
5,67,62,-36,-28,64,-2,-140,-50,-115,-109,-154
27,32,6,-30,11,19,8,-136,-60,-115,-110,-161
-46,-9,37,27,-41,13,-2,-133,-83,-115,-110,-165
-9,46,56,-19,-33,51,-8,-129,-79,-115,-111,-168
60,127,67,-94,-4,97,-12,-130,-78,-103,-116,-168
13,1,-12,-7,13,-6,-63,-167,-110,-141,-170,-193
43,-26,-69,-8,56,-47,-51,-156,-102,-141,-193,-175
105,64,-41,-84,73,11,-30,-134,-79,-118,-173,-139
-19,-50,-31,35,6,-41,-33,-144,-85,-123,-166,-146
2,49,47,-26,-23,48,-31,-137,-77,-114,-166,-139
48,84,37,-66,5,60,-50,-143,-77,-114,-181,-133
2,30,28,-17,-13,29,-45,-134,-72,-107,-179,-126
-19,64,83,-23,-51,73,-37,-140,-75,-106,-185,-119
10,48,38,-29,-14,43,-31,-161,-87,-110,-196,-114
44,52,8,-48,18,30,-24,-153,-84,-114,-195,-109
4,28,24,-16,-10,26,-16,-148,-84,-121,-193,-111
61,78,17,-70,21,47,-36,-144,-79,-120,-191,-107
56,82,26,-70,15,54,-58,-135,-80,-119,-188,-105
54,45,-9,-50,32,18,-56,-140,-92,-122,-195,-105
65,54,-11,-60,38,21,-61,-147,-103,-141,-214,-101
36,33,-4,-34,20,14,-60,-142,-115,-150,-214,-88
29,20,-9,-25,19,5,-60,-135,-111,-149,-208,-86
-20,-6,14,13,-17,4,-60,-132,-107,-151,-207,-82
19,17,-2,-18,10,7,-59,-124,-112,-149,-200,-68
108,111,3,-109,52,56,-60,-122,-109,-151,-202,-61
24,65,41,-45,-8,52,-58,-144,-111,-149,-218,-53
27,84,57,-56,-15,70,-55,-153,-107,-143,-222,-58
72,71,-1,-71,36,35,-49,-145,-103,-129,-217,-60
-22,-15,7,19,-15,-4,-52,-149,-103,-145,-221,-54
74,72,-2,-73,38,35,-62,-150,-107,-167,-229,-44
40,48,8,-44,16,28,-57,-143,-99,-159,-223,-21
37,71,34,-54,1,52,-54,-131,-91,-155,-214,8
60,76,15,-68,22,46,-73,-150,-117,-152,-242,-3
32,80,47,-56,-8,63,-82,-169,-104,-145,-259,-20
194,138,-56,-166,124,41,-78,-147,-92,-152,-249,8
74,84,10,-79,32,47,-82,-147,-112,-169,-253,19
5,113,107,-59,-51,110,-78,-143,-99,-160,-243,26
30,102,72,-67,-21,87,-82,-147,-110,-173,-248,26
43,92,48,-68,-3,70,-72,-145,-102,-165,-238,33
107,64,-43,-86,75,11,-63,-144,-106,-175,-241,27
-12,47,59,-17,-36,52,-53,-144,-89,-157,-236,46
61,124,62,-93,-1,93,-44,-105,-45,-129,-227,73
135,132,-3,-133,69,64,-46,-41,-3,-84,-196,87
88,206,118,-147,-15,162,-104,194,225,288,21,240
318,485,167,-402,75,326,-570,327,296,1331,638,631
691,861,169,-776,261,515,-1347,389,222,2609,1572,1221
763,417,-346,-590,554,36,-1646,-154,-346,1665,1273,983
484,-364,-848,-60,666,-606,-1164,-1242,-1227,-497,25,179
268,-274,-542,3,405,-408,-502,-1134,-1026,-832,-374,5
51,-121,-173,35,112,-147,-165,-548,-493,-530,-380,-28
-56,-86,-29,71,-13,-58,-61,-331,-281,-382,-353,-23
36,42,6,-39,15,23,-14,-104,-71,-204,-267,49
81,112,31,-97,25,72,20,-66,-34,-186,-242,52
38,127,88,-83,-25,108,9,-37,-5,-156,-214,74
13,72,59,-42,-23,65,-8,-4,8,-160,-229,52
109,104,-5,-106,57,49,11,27,33,-139,-219,79
45,96,51,-71,-3,73,35,68,78,-135,-218,98
-13,67,79,-27,-46,73,23,73,81,-120,-207,81
38,52,13,-45,12,32,14,74,76,-118,-210,45
139,96,-43,-117,91,26,46,134,133,-71,-188,74
166,134,-32,-150,99,51,68,201,193,-11,-138,126
93,146,53,-120,19,100,76,232,224,-10,-131,116
95,184,88,-140,3,136,75,278,273,23,-132,123
32,104,72,-68,-20,88,73,312,306,54,-110,117
88,136,48,-112,20,92,104,368,363,100,-71,128
148,208,60,-178,44,133,118,398,379,113,-55,146
106,186,80,-146,13,133,112,408,386,115,-43,169
57,181,123,-119,-33,152,108,407,394,125,-31,204
100,175,75,-138,12,124,107,388,368,121,-17,196
205,227,22,-216,91,124,91,380,360,114,-4,198
85,239,154,-162,-35,196,49,371,351,112,11,216
29,187,158,-108,-64,172,47,369,349,153,37,231
107,209,101,-158,3,155,53,363,343,199,62,242
155,264,109,-209,23,186,40,360,339,231,95,261
200,256,57,-228,71,156,37,354,334,229,106,270
132,248,116,-190,7,182,26,345,325,235,123,274
107,235,127,-172,-10,181,22,312,294,216,113,268
109,201,92,-155,8,146,11,239,219,155,60,211
43,137,94,-90,-26,116,-10,196,167,108,31,182
42,127,84,-85,-21,105,13,169,149,76,-3,188
32,121,89,-76,-29,105,42,146,143,65,-23,184
85,96,10,-91,37,53,47,134,134,47,-17,200
108,150,43,-129,32,96,37,120,109,47,-16,188
-1,95,97,-47,-49,96,24,94,70,35,-22,149
-27,16,42,5,-35,29,0,54,35,-21,-56,130
36,43,7,-39,14,25,-13,42,25,-64,-59,133
79,64,-15,-71,46,25,25,33,20,-66,-24,142
55,57,2,-56,26,29,36,19,11,-64,-34,137
109,102,-7,-105,58,47,23,3,-3,-65,-52,134
127,112,-16,-119,71,47,19,1,-7,-58,-54,130
30,4,-26,-17,28,-11,7,-11,-24,-68,-48,130
-5,-36,-32,21,14,-34,11,-39,-52,-77,-45,131
77,53,-23,-65,50,15,40,-31,-55,-69,-40,126
81,4,-77,-43,79,-36,56,-29,-54,-66,-35,139
5,-49,-54,22,30,-51,54,-24,-60,-57,-54,139
73,34,-39,-53,56,-2,58,-19,-59,-57,-55,126
-2,-62,-60,32,29,-60,61,-52,-63,-80,-44,117
-25,-70,-45,48,10,-57,59,-62,-68,-90,-37,124
75,-10,-86,-33,81,-48,62,-60,-67,-100,-19,134
45,-63,-108,9,77,-85,56,-58,-55,-92,3,133
18,-85,-103,34,61,-94,67,-56,-54,-87,21,150
2,-82,-84,40,44,-83,87,-54,-41,-79,35,161
34,-50,-83,8,59,-66,85,-58,-44,-72,36,168
39,-73,-112,17,76,-92,84,-84,-79,-98,35,173
-21,-91,-70,56,24,-80,86,-63,-53,-69,68,164
-40,-106,-66,73,13,-85,80,-53,-47,-72,83,156
43,-86,-129,21,86,-107,78,-62,-58,-90,74,152
40,-90,-131,26,86,-110,71,-61,-52,-79,55,136
-25,-115,-90,71,33,-102,75,-81,-72,-97,63,170
-21,-91,-70,56,25,-80,107,-79,-69,-89,112,215
52,-87,-139,18,96,-113,85,-80,-70,-85,98,168
96,-58,-154,-18,125,-106,98,-75,-66,-78,121,187
25,-106,-132,41,79,-119,143,-75,-65,-71,184,255
7,-148,-155,70,82,-151,121,-74,-64,-65,185,240
30,-88,-118,29,75,-103,116,-57,-51,-55,184,232
37,-88,-124,26,81,-106,112,-55,-49,-67,180,237
32,-96,-128,32,80,-111,108,-53,-50,-46,180,237
-29,-134,-105,82,39,-119,100,-72,-62,-68,180,255
-21,-172,-151,97,65,-161,107,-66,-78,-72,190,265
103,-91,-194,-5,148,-142,134,-41,-72,-41,214,270
54,-145,-199,46,127,-172,130,-56,-70,-62,225,269
23,-174,-198,75,111,-186,117,-56,-69,-58,225,264
100,-103,-204,2,152,-153,124,-43,-42,-46,238,264
0,-149,-148,75,74,-148,134,-69,-60,-68,261,258
-37,-148,-111,93,37,-129,135,-56,-52,-51,266,265
21,-103,-124,41,73,-113,158,-24,-15,-21,298,282
17,-118,-136,51,77,-127,162,-51,-23,-32,307,276
39,-140,-179,51,110,-159,157,-49,-17,-25,294,261
0,-134,-133,67,67,-133,157,-62,-38,-35,296,251
-27,-159,-132,93,52,-145,153,-80,-51,-45,287,238
19,-164,-183,73,101,-173,158,-70,-26,-28,286,229
0,-139,-139,70,70,-138,152,-80,-26,-27,292,216
9,-149,-158,70,84,-153,159,-69,-9,-11,297,217
16,-168,-184,76,100,-176,144,-85,-17,-15,292,209
-7,-174,-167,91,81,-170,135,-90,6,5,309,211
79,-97,-176,9,128,-136,162,-101,40,42,330,222
89,-82,-170,-4,130,-126,148,-110,4,17,315,162
-12,-145,-133,78,61,-139,114,-102,-6,0,291,115
9,-47,-56,19,33,-51,136,64,203,231,424,220
171,89,-82,-130,126,4,-3,314,435,953,823,463
438,451,12,-444,213,231,-626,248,271,2267,1662,957
635,558,-78,-597,356,240,-1217,-2,-42,2682,2091,1200
524,-226,-750,-148,637,-488,-1127,-844,-774,782,1060,522
184,-705,-889,261,537,-797,-574,-1405,-1184,-712,128,-65
-5,-495,-490,250,243,-493,-95,-868,-631,-492,68,-76
13,-292,-305,140,159,-298,107,-476,-246,-255,96,-54
-14,-189,-174,102,80,-181,165,-272,-45,-84,196,12
-40,-158,-118,99,40,-138,191,-138,74,12,225,40
30,-112,-142,41,86,-127,187,-129,97,25,227,48
-21,-125,-104,73,42,-114,179,-95,127,56,234,14
-57,-151,-94,104,19,-122,169,-109,113,47,215,-25
3,-136,-139,67,72,-137,162,-89,149,62,219,-23
-26,-134,-107,80,41,-120,165,-94,142,51,202,-47
-14,-118,-104,66,46,-111,170,-54,177,93,201,-23
-2,-126,-125,64,61,-125,189,-25,226,121,183,-34
44,-85,-129,21,87,-107,169,-18,224,113,161,-67
101,-13,-114,-44,108,-63,205,91,304,187,208,-53
38,-32,-70,-3,54,-51,221,138,360,223,253,-45
-25,-54,-29,40,3,-42,174,125,340,195,249,-39
63,20,-43,-42,53,-11,208,196,406,256,250,-41
95,31,-64,-63,79,-16,219,211,429,283,250,-40
28,20,-9,-24,18,6,202,199,417,260,248,-40
105,91,-14,-98,59,39,198,218,435,262,250,-41
62,55,-7,-58,34,24,184,179,400,247,242,-39
68,46,-22,-57,44,12,184,165,383,253,240,-26
150,97,-53,-123,102,21,178,177,386,272,235,2
43,82,39,-63,2,60,143,173,384,284,230,-18
76,109,33,-93,21,71,140,182,385,301,233,-19
146,94,-53,-120,99,20,148,179,385,295,220,-2
90,107,17,-99,36,62,135,166,382,332,246,27
77,132,54,-105,11,93,128,156,368,330,241,54
59,71,12,-65,23,41,117,138,337,282,199,12
54,55,1,-55,26,28,130,107,294,290,189,-1
62,48,-14,-55,38,17,130,83,257,258,168,-9
42,40,-3,-41,22,18,117,63,218,217,146,-31
39,25,-14,-32,26,6,111,48,196,190,124,-46
6,-4,-10,-1,8,-7,100,34,191,173,98,-53
35,-18,-53,-9,45,-35,100,-7,165,153,65,-74
63,-24,-87,-19,75,-55,100,-23,134,123,54,-109
9,-71,-80,31,44,-75,100,-29,119,106,43,-95
-34,-83,-49,59,7,-66,99,-55,108,95,34,-105
-17,-68,-51,43,17,-60,106,-78,87,84,25,-135
41,-65,-106,12,74,-85,107,-86,68,51,7,-136
25,-53,-78,14,52,-66,98,-84,44,22,-11,-132
34,-51,-85,9,60,-68,88,-103,22,2,-52,-150
15,-40,-55,13,35,-47,73,-98,10,-11,-53,-145
-45,-103,-57,75,6,-80,59,-110,-2,-35,-66,-149
-36,-105,-70,71,17,-87,54,-134,-20,-56,-94,-175
17,-68,-84,26,51,-76,66,-117,-33,-48,-85,-162
20,-86,-106,33,63,-96,85,-112,-26,-45,-63,-157
-59,-93,-33,76,-13,-63,98,-116,-20,-58,-63,-161
-74,-128,-54,101,-9,-91,91,-118,-11,-43,-80,-162
-24,-122,-97,73,37,-109,79,-121,-24,-53,-87,-166
-31,-118,-87,75,28,-102,74,-148,-68,-99,-131,-190
-36,-127,-90,82,27,-109,68,-159,-78,-93,-138,-200
26,-57,-83,15,55,-70,65,-125,-42,-79,-114,-161
23,-26,-49,1,36,-37,60,-104,-25,-65,-113,-146
-2,-83,-81,42,39,-81,55,-120,-40,-83,-122,-161
-30,-91,-61,60,16,-76,55,-120,-39,-92,-127,-153
31,-50,-81,10,56,-65,55,-125,-58,-94,-138,-166
69,-52,-120,-8,95,-86,55,-126,-60,-116,-153,-170
-60,-87,-27,74,-17,-57,57,-106,-38,-81,-149,-142
-82,-149,-66,116,-8,-107,52,-119,-48,-77,-151,-141
-42,-133,-91,88,25,-112,51,-116,-44,-98,-149,-140
2,-61,-63,30,33,-62,46,-110,-42,-101,-151,-139
1,-34,-34,17,18,-34,46,-105,-38,-99,-145,-141
-76,-102,-27,89,-24,-64,41,-100,-48,-104,-156,-139
-62,-164,-102,113,20,-133,34,-92,-57,-120,-182,-138
-17,-107,-90,62,37,-98,56,-93,-53,-119,-179,-134
-1,-94,-93,48,46,-93,56,-115,-52,-124,-181,-132
12,-101,-114,45,64,-108,35,-106,-46,-124,-178,-129
-5,-92,-87,49,41,-89,27,-129,-81,-132,-186,-126
26,-79,-105,27,66,-92,6,-132,-87,-131,-184,-125
23,-63,-86,20,55,-74,10,-107,-67,-120,-169,-120
32,16,-16,-24,24,0,50,-102,-64,-110,-169,-116
30,-18,-47,-6,38,-32,46,-89,-52,-102,-168,-111
-81,-125,-44,103,-18,-84,11,-122,-83,-134,-203,-107
-1,-56,-55,28,27,-55,12,-134,-95,-150,-225,-103
9,-70,-78,31,44,-74,9,-119,-81,-142,-218,-95
-76,-116,-40,96,-18,-78,12,-115,-80,-147,-219,-91
-12,-84,-72,48,30,-77,32,-101,-64,-144,-214,-81
18,-43,-62,13,40,-52,29,-122,-82,-145,-215,-82
49,-32,-81,-8,65,-57,17,-135,-100,-149,-218,-81
7,-44,-51,19,29,-47,-3,-121,-89,-149,-225,-70
-66,-21,45,43,-55,12,-25,-121,-94,-153,-233,-70
1,17,15,-9,-7,16,-24,-115,-82,-151,-227,-65
31,4,-27,-17,28,-11,-25,-126,-89,-159,-233,-65
-49,-57,-8,53,-20,-33,-34,-121,-79,-150,-236,-58
-17,-71,-55,44,19,-63,-35,-103,-67,-141,-239,-60
14,-40,-54,13,34,-47,1,-87,-60,-118,-209,-24
45,19,-26,-32,36,-3,-2,-76,-54,-116,-205,-3
57,6,-51,-31,54,-22,-50,-110,-91,-150,-235,-33
-24,-81,-56,53,16,-68,-56,-98,-72,-129,-219,-24
21,-48,-68,14,45,-58,-54,-61,-50,-113,-202,-6
74,136,63,-105,5,99,-13,160,168,141,-25,132
172,271,99,-222,36,185,-328,326,304,879,379,396
494,667,173,-581,160,420,-1100,431,276,2313,1311,980
767,649,-119,-708,443,265,-1595,274,24,2391,1637,1172
586,-275,-862,-155,724,-568,-1369,-850,-953,156,461,369
211,-526,-738,158,475,-632,-695,-1299,-1224,-919,-304,-83
14,-296,-310,141,163,-303,-235,-698,-643,-624,-345,-97
-33,-230,-197,132,82,-213,-26,-355,-332,-450,-344,-115
3,-75,-78,36,41,-76,79,-123,-90,-222,-233,13
8,-13,-21,3,15,-17,35,-44,-32,-201,-199,11
-51,-28,24,39,-37,-2,49,-1,-2,-170,-144,14
-69,-63,6,66,-37,-28,91,57,58,-148,-134,34
-16,-20,-4,18,-5,-12,88,56,44,-159,-151,17
-21,-41,-20,31,0,-30,92,92,63,-141,-139,12
2,-38,-40,18,22,-39,94,95,49,-152,-152,1
-5,-44,-39,24,17,-41,96,109,69,-124,-146,-4
-45,-56,-11,51,-17,-34,94,168,129,-85,-115,12
81,86,4,-84,38,45,101,241,191,-52,-99,54
19,40,21,-29,-1,30,107,265,214,-33,-94,62
-34,-9,25,21,-29,8,103,296,240,-3,-89,58
53,74,21,-64,16,47,120,360,308,43,-69,61
-24,30,55,-3,-40,42,147,425,364,85,-46,70
29,53,24,-41,2,39,146,453,389,98,-47,77
14,55,41,-35,-14,48,137,448,396,98,-39,65
10,75,65,-42,-28,69,131,452,393,99,-26,80
59,144,85,-102,-13,114,122,449,389,113,-16,122
-9,98,107,-44,-59,102,117,451,381,108,-1,132
51,123,72,-87,-10,97,114,449,374,110,22,128
104,174,69,-139,17,121,123,452,367,150,61,139
71,158,87,-115,-8,122,122,454,360,193,86,164
29,112,83,-71,-27,97,108,445,352,217,76,159
45,112,67,-79,-11,89,92,435,348,215,94,152
41,111,70,-76,-15,90,77,400,340,227,124,182
40,83,43,-62,-2,63,74,369,308,204,108,176
38,103,65,-70,-14,84,75,327,256,140,71,143
72,81,9,-77,31,45,74,277,213,96,34,119
93,70,-23,-82,58,23,76,247,182,81,22,114
-54,23,77,15,-65,50,89,220,149,81,14,115
-22,-22,1,22,-11,-10,85,211,136,56,-22,100
1,26,25,-14,-12,26,64,184,126,23,-43,75
-94,-46,48,70,-71,1,86,155,109,13,-39,79
-67,-85,-18,76,-24,-51,97,144,76,4,-40,96
-92,-51,40,71,-66,-5,57,131,39,-5,-44,66
-61,-56,5,59,-33,-25,60,123,26,-14,-43,63
0,-48,-48,24,24,-48,102,108,19,-24,-35,88
-38,-27,11,33,-25,-8,99,95,5,-30,-22,83
-38,-45,-7,41,-15,-26,97,79,-4,-39,-40,80
-97,-156,-60,127,-18,-108,105,49,-10,-66,-63,78
-131,-138,-6,135,-62,-72,79,30,-27,-83,-59,73
-39,-83,-43,61,2,-63,83,42,-43,-77,-60,74
-76,-150,-74,113,-1,-112,95,25,-65,-91,-65,60
-46,-123,-77,85,16,-99,96,15,-68,-111,-61,56
59,-48,-107,-5,83,-78,112,54,-61,-110,-50,88
-69,-125,-57,97,-6,-91,99,55,-76,-110,-40,92
-154,-164,-10,160,-72,-87,103,39,-79,-110,-34,79
-84,-127,-43,106,-20,-84,114,31,-74,-111,-37,76
-81,-137,-56,110,-13,-96,108,25,-69,-106,-32,73
-83,-90,-7,87,-38,-48,100,18,-65,-95,-24,70
-35,-92,-58,64,12,-75,94,15,-61,-82,-9,68
-28,-100,-72,64,22,-85,88,7,-53,-74,16,63
-56,-72,-16,64,-20,-44,75,-13,-68,-60,20,65
-100,-140,-40,120,-30,-90,93,-11,-82,-67,6,72
-54,-124,-70,89,8,-97,114,-3,-80,-102,8,74
-21,-87,-66,54,23,-76,132,10,-78,-94,56,102
-41,-114,-73,78,17,-93,136,-6,-83,-94,59,92
-8,-76,-68,43,30,-72,120,2,-71,-96,57,97
-59,-118,-58,89,0,-88,133,-5,-76,-102,59,105
-56,-166,-110,111,28,-138,126,-60,-111,-123,6,43
-39,-122,-83,81,22,-102,143,-35,-92,-90,60,97
-103,-128,-25,116,-39,-76,185,-10,-81,-81,129,143
-110,-167,-57,139,-26,-111,176,-26,-89,-105,118,79
-126,-187,-61,156,-32,-124,167,-10,-60,-89,112,101
-23,-90,-67,56,23,-78,160,16,-41,-71,107,130
6,-70,-76,32,42,-73,150,0,-50,-78,96,112
-105,-176,-71,141,-17,-123,144,-30,-64,-102,101,112
-94,-124,-30,109,-32,-77,134,-47,-77,-108,130,105
-63,-122,-59,93,-1,-90,134,-64,-74,-98,139,106
-76,-149,-73,112,-1,-110,125,-65,-56,-88,139,98
-86,-111,-26,99,-30,-68,130,-66,-39,-69,146,102
-8,-106,-98,57,45,-102,150,-64,-22,-53,164,112
-4,-79,-75,42,36,-77,134,-67,-28,-56,146,87
-22,-78,-56,50,18,-67,118,-97,-54,-74,124,84
-63,-131,-68,98,3,-99,113,-106,-49,-67,154,82
-99,-155,-55,127,-22,-105,101,-112,-43,-59,152,70
-39,-110,-72,75,17,-91,94,-114,-41,-50,145,65
-132,-130,2,131,-67,-64,84,-122,-37,-40,144,29
-76,-108,-33,92,-21,-70,91,-133,-36,-31,135,15
-37,-104,-66,71,15,-85,86,-125,-29,-18,137,6
-116,-118,-1,117,-57,-59,80,-159,-35,-29,120,-26
11,-15,-26,2,19,-21,109,-142,-17,-1,142,-8
-35,-91,-55,64,10,-73,90,-146,-16,23,153,-11
-104,-155,-50,130,-27,-102,83,-197,-33,-10,114,-69
-42,-90,-48,66,3,-69,75,-211,-44,-32,106,-97
-13,-42,-29,28,8,-35,87,-191,-10,19,123,-69
-55,-64,-9,59,-23,-36,105,-193,-13,5,95,-83
-128,-112,16,120,-71,-48,93,-60,135,156,186,-32
61,58,-2,-60,32,28,-51,209,390,795,534,183
379,496,117,-438,131,307,-668,224,302,2057,1328,656
582,691,109,-636,236,400,-1318,96,94,2732,1909,1022
509,-55,-564,-227,537,-309,-1319,-724,-665,984,1012,407
181,-646,-827,233,504,-737,-743,-1459,-1242,-681,-12,-247
-58,-446,-388,253,165,-417,-207,-984,-746,-546,-114,-274
-107,-257,-150,182,22,-203,7,-549,-339,-318,-105,-282
-77,-125,-48,101,-14,-87,97,-341,-142,-158,-29,-225
-18,-3,14,10,-16,5,125,-183,-6,-42,31,-182
-11,22,32,-5,-22,27,116,-186,16,-36,50,-186
-73,-73,0,73,-36,-36,100,-131,49,-33,62,-194
-84,-116,-32,100,-26,-74,98,-121,17,-32,40,-212
-116,-81,35,98,-75,-23,104,-82,62,-6,45,-212
-123,-68,56,95,-89,-5,98,-58,87,-2,26,-202
-57,-30,28,43,-42,-1,86,-32,82,23,31,-189
-45,31,76,7,-61,53,116,20,133,49,64,-187
-47,19,66,14,-57,42,144,45,162,74,76,-178
-87,-3,84,44,-85,40,122,60,169,68,59,-174
-75,32,107,21,-91,69,131,121,228,117,72,-169
-49,32,81,8,-65,56,175,188,293,166,118,-172
-111,23,133,43,-122,78,182,215,311,171,126,-158
-91,48,138,21,-115,93,175,259,339,197,126,-130
1,131,131,-66,-65,131,176,276,347,189,133,-133
31,192,160,-112,-65,176,170,273,350,194,136,-131
18,188,170,-103,-76,179,170,277,362,213,156,-120
50,192,142,-121,-46,167,161,261,334,200,156,-113
39,183,145,-111,-53,164,148,252,312,197,154,-104
-24,123,147,-50,-86,135,138,238,310,189,157,-92
-35,124,159,-44,-98,141,133,226,311,188,151,-82
-3,174,177,-86,-90,175,137,268,326,249,170,-62
29,191,162,-110,-67,176,112,270,317,267,179,-40
31,196,165,-113,-67,180,84,227,276,246,163,-39
5,175,169,-90,-82,172,72,196,239,228,143,-44
-17,135,151,-59,-84,143,71,167,214,193,122,-56
-44,88,132,-22,-89,110,84,136,180,174,104,-71
-88,62,151,13,-120,106,62,90,140,131,66,-98
-59,71,129,-6,-94,100,57,83,128,117,46,-107
-37,84,121,-24,-80,103,75,73,106,101,38,-108
-67,54,121,6,-94,87,71,52,84,74,23,-125
-52,69,121,-9,-86,95,68,45,80,69,15,-128
-50,96,146,-23,-99,121,63,13,47,36,-12,-134
-82,11,92,35,-87,51,60,-25,14,-5,-52,-158
-110,-27,83,68,-96,28,60,-49,1,-35,-81,-185
-97,45,141,25,-119,93,58,-48,-7,-32,-87,-191
-79,37,116,21,-98,76,54,-53,-24,-50,-99,-189
-53,13,66,20,-59,39,55,-46,-34,-72,-85,-186
-48,41,89,3,-69,65,51,-52,-40,-84,-95,-183
-72,18,90,27,-82,54,44,-75,-78,-101,-126,-196
-71,14,85,28,-78,49,41,-70,-88,-100,-115,-204
-142,-2,140,72,-141,69,33,-101,-77,-130,-149,-199
-188,-40,148,114,-167,53,30,-105,-96,-129,-153,-188
-168,-40,129,104,-148,44,24,-98,-99,-121,-141,-188
-87,38,125,24,-107,81,43,-81,-91,-112,-132,-168
-95,12,107,41,-101,59,55,-73,-102,-111,-126,-171
-210,-114,95,162,-152,-10,15,-116,-126,-159,-172,-210
-176,-73,103,124,-139,15,1,-104,-130,-169,-176,-203
-155,-42,113,98,-134,36,25,-97,-115,-159,-169,-193
-146,-46,100,96,-123,27,24,-122,-129,-168,-168,-187
-98,-7,91,52,-94,42,11,-131,-127,-183,-161,-180
-82,9,91,36,-87,50,37,-124,-108,-176,-161,-187
-81,-18,63,49,-71,22,48,-111,-122,-165,-155,-180
-162,-43,118,102,-140,37,37,-110,-125,-164,-155,-176
-113,-30,82,71,-97,26,35,-104,-118,-156,-150,-169
-36,-27,9,31,-22,-9,24,-102,-118,-155,-149,-165
-114,9,123,52,-119,66,20,-97,-111,-148,-158,-158
-79,46,125,16,-103,85,11,-94,-110,-144,-156,-156
-116,-13,103,64,-109,45,0,-107,-126,-158,-152,-177
-186,-89,97,137,-141,4,-10,-110,-139,-152,-141,-187
-162,-86,75,124,-118,-5,-26,-105,-139,-165,-155,-184
-174,-74,100,124,-137,13,-30,-103,-128,-188,-186,-169
-146,-40,105,93,-125,32,-16,-100,-112,-184,-185,-149
-95,23,118,35,-106,70,16,-104,-101,-186,-185,-139
-33,-7,27,20,-30,10,11,-109,-118,-184,-185,-157
-82,-70,12,76,-46,-29,-27,-107,-136,-193,-189,-177
-90,27,117,31,-104,72,-32,-98,-127,-200,-191,-173
-81,43,123,19,-102,83,-24,-87,-121,-189,-172,-169
-163,-45,119,104,-141,37,-27,-79,-115,-188,-172,-169
-59,62,121,-2,-90,91,-22,-67,-110,-184,-169,-156
-77,15,91,31,-84,53,-29,-83,-119,-188,-173,-150
-176,-80,96,127,-136,8,-46,-115,-142,-219,-200,-176
-91,16,107,37,-99,61,-42,-113,-144,-217,-187,-161
-157,-50,108,103,-132,28,-29,-108,-136,-200,-176,-141
-135,-40,96,87,-116,28,-20,-106,-137,-207,-183,-141
-99,9,109,45,-104,59,-35,-101,-131,-209,-178,-131
-120,-34,86,77,-102,26,-48,-99,-130,-211,-182,-130
-59,22,81,18,-70,51,-38,-93,-133,-204,-173,-118
-180,-33,147,106,-163,57,-37,-87,-135,-201,-169,-131
-192,-68,125,130,-158,28,-31,-83,-117,-196,-163,-122
-98,-21,77,59,-87,27,-26,-75,-112,-197,-158,-115
-52,-3,49,27,-50,23,-43,-71,-144,-220,-192,-162
-132,-6,126,69,-129,60,-45,-71,-140,-191,-182,-159
-201,-62,139,132,-170,38,-39,-68,-131,-202,-168,-146
-121,-44,77,82,-98,17,-38,-74,-129,-201,-160,-138
-43,-21,21,32,-32,0,-29,-63,-114,-187,-143,-131
27,63,36,-46,-5,50,13,24,-36,-114,-85,-75
-63,126,189,-31,-126,157,-21,242,180,188,91,41
56,253,197,-155,-71,225,-447,356,246,1020,556,310
444,733,289,-589,77,511,-1185,461,220,2438,1516,919
628,469,-159,-548,393,155,-1610,77,-231,1981,1522,881
448,-392,-840,-28,644,-616,-1256,-1061,-1179,-259,290,56
26,-542,-567,258,297,-554,-594,-1231,-1214,-956,-298,-285
-134,-303,-169,219,18,-236,-182,-569,-595,-596,-272,-253
-93,-139,-46,116,-24,-92,3,-269,-309,-409,-225,-228
-122,-88,34,105,-78,-27,37,-70,-134,-258,-152,-175
-107,-8,99,57,-103,45,46,0,-68,-221,-130,-171
-138,-2,136,70,-137,67,44,20,-57,-189,-109,-159
-168,-62,105,115,-136,21,39,65,-27,-180,-111,-155
-143,-44,99,93,-121,27,39,68,-14,-165,-106,-148
-111,-50,61,80,-86,5,32,111,22,-138,-102,-139
-149,-32,117,90,-133,43,41,136,40,-120,-84,-145
-181,-38,143,109,-162,52,67,175,74,-102,-63,-142
-73,2,76,35,-74,39,81,219,120,-75,-56,-140
-104,1,105,51,-104,53,71,244,146,-48,-44,-133
-169,-56,113,112,-141,28,96,306,199,-42,-35,-131
-144,-45,98,94,-121,26,108,325,217,-33,-30,-149
-168,-30,139,99,-153,54,103,360,255,28,-4,-115
-86,66,152,10,-119,109,126,446,340,86,41,-84
-39,110,149,-35,-95,129,150,474,369,102,74,-83
-82,91,173,-4,-128,132,150,469,367,108,84,-70
-67,89,156,-12,-111,122,135,436,336,102,86,-67
-89,67,156,10,-123,112,123,415,311,97,89,-52
-89,105,194,-8,-142,149,108,429,324,89,90,-57
-33,131,164,-50,-99,148,95,430,323,105,101,-42
-17,119,135,-51,-76,127,89,430,320,118,115,-16
-49,118,167,-35,-108,142,84,441,315,151,158,-6
-53,140,194,-44,-124,167,81,440,312,204,197,28
-48,125,173,-38,-111,149,75,424,306,209,207,43
-44,96,140,-27,-92,118,65,394,278,198,215,28
-69,99,169,-15,-119,134,41,341,232,152,182,3
-92,91,183,1,-138,137,33,312,182,110,157,-26
-62,84,146,-11,-104,114,71,300,169,92,156,-44
-70,34,105,18,-88,69,63,241,145,51,117,-49
-127,-16,111,71,-119,48,55,193,102,29,98,-62
-132,21,153,55,-143,87,68,177,75,4,101,-76
-65,-18,47,41,-56,15,54,165,41,-13,86,-75
-124,-60,64,91,-93,2,56,163,39,4,78,-63
-200,-40,160,120,-180,59,47,151,42,-2,89,-68
-189,-78,112,133,-150,17,48,134,13,-41,86,-94
-83,-25,58,54,-70,16,69,105,-9,-52,72,-94
-93,-40,53,66,-73,7,68,67,-51,-75,63,-101
-228,-111,117,169,-173,3,64,56,-78,-109,52,-115
-188,-75,113,132,-150,19,61,34,-77,-103,42,-108
-198,-99,99,149,-148,-1,56,0,-84,-113,36,-103
-208,-163,45,186,-127,-59,55,1,-85,-123,47,-99
-158,-141,17,149,-87,-61,70,2,-84,-113,58,-91
-124,-76,47,100,-85,-14,85,-10,-87,-113,65,-90
-111,-74,37,92,-74,-18,70,-12,-82,-99,68,-81
-198,-135,63,166,-130,-36,58,-24,-90,-99,77,-84
-241,-178,62,210,-151,-58,55,-46,-115,-122,95,-124
-214,-174,40,194,-126,-67,62,-48,-114,-112,95,-126
-224,-167,56,195,-140,-55,71,-37,-99,-103,95,-110
-173,-117,56,144,-114,-30,58,-39,-101,-106,93,-84
-97,-118,-21,108,-38,-69,84,-43,-114,-101,127,-36
-159,-155,4,157,-81,-75,109,-24,-117,-100,152,-42
-229,-173,56,201,-143,-58,75,-37,-120,-100,113,-83
-213,-204,8,208,-110,-97,64,-72,-118,-100,96,-99
-207,-185,22,196,-114,-81,69,-69,-110,-100,110,-96
-205,-189,16,197,-110,-86,63,-70,-107,-100,110,-91
-163,-133,31,148,-97,-51,58,-69,-99,-82,110,-87
-149,-81,68,115,-108,-6,80,-46,-97,-79,146,-82
-174,-129,45,151,-110,-42,103,-64,-93,-79,169,-72
-216,-184,32,200,-124,-76,89,-103,-99,-83,157,-71
-115,-105,10,110,-62,-47,91,-70,-100,-85,154,-54
-77,-79,-2,77,-37,-40,93,-98,-107,-84,127,-104
-205,-229,-24,217,-90,-126,91,-150,-103,-85,104,-167
-197,-166,31,181,-114,-67,79,-111,-64,-45,122,-124
-182,-96,86,138,-134,-5,88,-89,-50,-24,148,-99
-166,-111,55,138,-110,-28,105,-66,-34,-6,144,-86
-228,-172,56,200,-142,-58,73,-106,-62,-32,108,-126
-232,-195,37,213,-134,-79,61,-151,-94,-61,104,-171
-147,-109,38,127,-92,-35,51,-131,-69,-42,107,-160
-114,-50,64,82,-89,7,72,-142,-73,-15,111,-157
-125,-58,67,91,-96,4,117,-139,-66,15,113,-145
-237,-187,49,212,-143,-69,111,-144,-56,-26,76,-183
-183,-167,15,175,-99,-76,105,-147,-49,-16,75,-212
-177,-128,49,153,-113,-39,98,-144,-49,10,81,-198
-165,-135,31,150,-98,-52,91,-139,-55,8,60,-188
-132,-150,-19,141,-56,-85,95,-145,-66,-1,34,-205
-167,-137,29,152,-98,-54,96,-160,-76,-26,24,-228
-154,-78,76,116,-114,-1,112,-144,-59,3,47,-214
-241,-189,52,215,-146,-68,117,-149,-80,-22,28,-225
-173,-131,42,152,-107,-45,105,-130,-64,-16,12,-237
-135,-64,71,99,-102,4,95,-111,-29,18,21,-234
-216,-167,49,192,-133,-59,96,-122,-59,-13,-12,-236
-161,-118,43,139,-102,-37,94,-132,-76,-22,-37,-234
-155,-95,60,125,-107,-18,91,-120,-64,-10,-31,-237
-200,-154,46,177,-123,-54,89,-102,-55,-8,-26,-225
-215,-148,66,181,-140,-41,89,-119,-52,0,-22,-216
-209,-143,66,175,-137,-38,85,-83,-56,-12,-43,-235
-165,-112,52,138,-108,-30,79,-45,-7,21,-20,-208
-116,27,143,44,-129,85,45,184,232,338,144,-100
102,264,161,-183,-30,212,-326,375,348,1232,653,208
441,693,252,-568,94,472,-1079,364,271,2556,1558,788
484,400,-84,-442,284,158,-1514,4,-182,2116,1492,725
282,-507,-789,113,536,-648,-1144,-1008,-1056,-27,327,-38
32,-567,-599,268,316,-583,-481,-1183,-1105,-741,-225,-352
-176,-348,-172,262,-2,-260,-76,-566,-529,-416,-232,-355
-154,-237,-83,196,-35,-159,79,-303,-262,-273,-214,-353
-117,-100,17,109,-67,-41,108,-93,-107,-117,-135,-295
-175,-104,71,139,-123,-16,117,-14,-3,-79,-126,-291
-197,-98,99,147,-148,1,114,38,-35,-34,-124,-289
-230,-137,94,183,-162,-21,115,37,32,-42,-126,-290
-169,-77,91,123,-130,7,114,58,-1,-86,-131,-291
-129,-48,81,88,-105,16,144,110,91,-40,-127,-288
-212,-146,66,179,-139,-40,222,46,-10,8,-140,-294
