I,II,III,aVR,aVL,aVF,V1,V2,V3,V4,V5,V6
17,20,3,-19,7,11,150,45,24,-110,195,175
9,16,7,-13,1,11,150,45,20,-110,195,175
-26,9,35,8,-31,22,150,45,20,-107,195,175
-28,3,30,13,-29,16,150,45,20,-104,199,172
-23,-4,18,13,-20,7,150,45,20,-101,200,169
-1,-10,-9,6,4,-9,149,45,20,-99,200,170
-2,8,10,-3,-7,9,160,63,22,-95,200,185
-22,30,53,-4,-37,41,167,72,27,-87,200,192
-20,29,49,-5,-34,39,164,68,29,-81,200,189
-20,31,51,-6,-35,41,166,75,26,-74,200,187
-17,29,47,-6,-32,38,164,74,25,-68,200,183
-14,30,44,-9,-29,37,167,77,25,-62,197,187
-16,30,46,-7,-31,37,179,84,25,-60,194,195
-15,23,39,-4,-27,31,175,78,25,-60,195,194
10,44,34,-28,-12,39,167,71,23,-60,195,191
21,50,29,-36,-4,39,161,63,18,-60,195,188
18,41,23,-30,-2,32,153,55,15,-60,194,185
22,40,18,-31,2,29,150,49,12,-71,191,183
21,33,12,-28,4,22,150,44,7,-76,188,179
25,30,4,-28,10,17,150,46,4,-78,185,173
28,25,-3,-26,15,11,150,42,0,-81,182,170
35,25,-10,-30,22,7,150,40,0,-79,180,164
41,24,-18,-32,29,3,150,40,0,-80,177,160
44,20,-25,-32,34,-2,154,36,0,-80,175,168
33,20,-13,-27,23,4,155,35,0,-80,175,171
15,18,3,-17,6,10,155,34,-3,-80,175,170
2,14,12,-8,-6,13,161,31,-9,-78,174,166
-1,16,17,-8,-10,16,159,29,-16,-71,176,165
-16,14,30,1,-24,21,162,32,-3,-66,173,163
-6,24,29,-9,-18,26,166,39,9,-60,182,170
31,59,28,-45,1,43,205,71,28,-55,199,189
14,74,60,-44,-23,67,259,114,62,-50,200,193
11,65,54,-38,-22,60,266,125,61,-45,200,193
24,59,35,-42,-6,47,265,124,51,-42,200,190
19,51,32,-35,-6,41,218,97,47,-35,199,187
28,44,16,-36,6,30,151,53,33,-43,200,185
49,37,-12,-43,30,13,121,33,20,-58,195,180
79,28,-51,-53,64,-11,114,28,6,-65,186,180
85,23,-62,-53,73,-19,112,21,-12,-72,179,175
40,-5,-45,-17,42,-25,110,14,-32,-77,170,165
-18,-37,-19,28,1,-28,131,8,-35,-80,164,157
-33,-40,-8,37,-13,-24,137,2,-38,-85,159,148
-25,-40,-15,33,-5,-27,129,-2,-42,-85,156,138
-25,-43,-18,34,-4,-30,131,-4,-43,-86,153,135
-23,-47,-24,35,1,-35,124,-10,-47,-91,147,128
-16,-43,-26,30,5,-34,125,-11,-42,-88,147,128
-11,-43,-32,27,10,-37,144,-17,-49,-91,145,140
-11,-32,-21,22,5,-26,151,-8,-41,-80,155,157
-13,-35,-22,24,5,-28,150,-12,-47,-90,145,144
-10,-24,-14,17,2,-19,145,-8,-33,-77,155,155
-11,-21,-10,16,0,-15,146,-4,-29,-82,147,147
-14,-18,-4,16,-5,-11,143,-10,-27,-81,148,149
-63,-48,16,55,-39,-16,146,9,-5,-69,146,147
-76,-80,-4,78,-36,-41,176,21,-16,-82,120,109
-77,-9,68,43,-73,29,393,365,224,104,154,136
199,27,-171,-113,185,-72,524,752,565,340,272,263
1106,517,-589,-812,847,-36,-44,535,898,807,1122,1110
1265,823,-443,-1044,854,190,-520,-245,478,644,1455,1443
420,389,-30,-405,225,179,-365,-791,-475,-257,612,602
51,149,98,-100,-24,123,-146,-485,-421,-325,278,270
30,56,26,-44,2,41,65,-105,-128,-131,220,212
-29,-2,27,16,-28,12,142,-43,-103,-127,131,120
-69,-26,43,47,-56,9,137,-17,-49,-85,136,128
-93,-56,36,74,-64,-10,157,-18,-69,-104,107,100
-86,-54,32,70,-59,-10,145,-8,-50,-82,122,117
-85,-64,21,74,-53,-21,153,-5,-57,-89,102,98
-69,-52,17,61,-43,-17,148,1,-49,-79,106,104
-61,-54,8,57,-34,-23,150,7,-48,-76,96,96
-56,-50,6,53,-31,-22,146,9,-46,-76,94,94
-50,-46,4,47,-27,-21,144,13,-43,-73,96,96
-55,-49,6,51,-30,-22,145,15,-47,-72,93,94
-80,-71,8,75,-44,-31,139,19,-44,-69,96,96
-89,-69,20,79,-54,-24,141,20,-46,-70,94,95
-80,-57,22,68,-51,-17,137,23,-41,-62,100,100
-73,-52,21,63,-47,-16,131,26,-36,-58,101,101
-61,-43,17,52,-39,-13,124,28,-31,-52,105,105
-50,-37,14,43,-32,-11,117,32,-29,-46,107,107
-57,-28,28,42,-42,0,111,34,-21,-41,110,110
-40,-20,20,30,-30,0,106,26,-25,-36,126,122
-51,-13,38,32,-44,13,93,19,-36,-34,131,127
-72,-5,67,38,-69,31,77,12,-35,-31,128,123
-58,5,63,26,-61,34,59,4,-33,-28,147,142
-46,21,67,12,-57,44,37,-2,-30,-25,161,150
-12,47,60,-18,-36,53,13,-10,-29,-24,164,153
-12,64,76,-27,-44,70,-8,-29,-36,-18,175,183
15,95,81,-55,-33,88,-21,-57,-54,-10,194,194
47,114,67,-80,-11,90,-39,-77,-58,-5,201,193
36,97,61,-67,-13,79,-42,-71,-47,4,208,206
40,90,49,-65,-5,69,-34,-58,-45,7,214,213
27,74,47,-51,-10,60,-15,-35,-26,25,203,203
41,80,39,-61,1,59,21,5,6,54,195,192
29,82,53,-56,-12,67,55,36,18,74,187,183
-13,51,64,-20,-39,57,75,60,24,90,177,174
-12,40,53,-14,-33,46,84,66,31,91,169,168
-19,29,48,-5,-34,38,91,57,37,88,159,160
-21,17,39,2,-30,28,86,55,44,86,151,152
-12,20,32,-4,-22,26,82,50,45,84,154,147
-10,20,30,-5,-20,25,79,45,45,88,155,149
-9,21,30,-6,-19,25,73,56,45,89,155,150
-11,19,30,-4,-21,25,77,61,45,92,155,150
-5,24,29,-9,-18,27,85,61,45,94,155,150
0,30,31,-15,-15,30,86,74,45,96,153,150
2,30,28,-16,-13,29,83,75,45,94,149,148
10,35,25,-23,-8,30,80,74,45,96,150,143
10,35,25,-23,-8,30,80,87,53,112,146,140
12,35,23,-24,-6,28,78,91,56,117,145,137
16,35,19,-26,-2,27,74,86,55,114,144,132
14,35,21,-24,-4,27,75,84,52,116,141,129
19,35,16,-27,1,26,75,81,49,115,138,125
21,35,14,-29,3,25,75,80,50,115,135,125
18,34,16,-26,0,25,75,75,44,126,132,125
15,28,12,-22,1,20,70,68,39,129,130,125
-9,20,29,-6,-19,25,67,64,34,122,128,125
-17,15,31,1,-24,23,63,57,28,118,123,122
-6,7,12,-1,-9,9,60,53,23,111,120,119
4,2,-2,-3,3,0,56,47,17,106,117,117
6,-6,-12,1,9,-9,52,45,14,101,112,114
-22,-3,19,12,-21,8,50,45,15,100,110,111
-22,16,39,3,-31,27,46,41,15,100,115,109
-11,13,24,-2,-18,19,45,40,15,100,115,106
-11,10,21,0,-16,16,40,40,15,99,116,104
-5,4,9,0,-7,6,41,46,15,101,120,107
10,20,10,-15,-1,15,45,42,15,101,120,103
14,57,44,-36,-15,50,70,54,17,120,122,111
12,61,49,-37,-19,55,125,98,53,150,127,130
23,60,37,-41,-7,48,158,125,78,167,130,130
24,58,34,-42,-5,46,167,122,70,182,129,134
32,54,22,-43,4,38,142,112,62,173,139,135
36,56,20,-47,8,38,66,90,53,157,143,141
48,50,2,-49,23,26,16,51,42,148,133,142
66,40,-26,-53,46,7,14,38,26,140,127,130
72,32,-40,-52,56,-4,10,39,10,134,118,122
92,22,-70,-57,81,-23,6,34,3,126,113,113
67,14,-53,-40,60,-20,6,32,-4,119,106,105
20,2,-18,-10,19,-8,14,29,-11,113,99,98
7,-9,-16,2,12,-12,26,27,-17,108,93,91
-7,-16,-10,11,2,-12,26,18,-25,104,85,83
-18,-22,-4,20,-7,-12,25,14,-27,103,80,76
-31,-31,0,31,-15,-15,25,4,-33,95,71,68
-40,-34,6,37,-23,-14,20,1,-26,98,72,65
-34,-42,-7,38,-14,-24,20,-8,-37,96,62,54
-37,-48,-11,42,-13,-29,21,-9,-37,104,66,56
-39,-63,-24,51,-7,-44,26,-15,-35,98,55,43
-28,-49,-21,39,-3,-35,24,-12,-29,106,57,43
-38,-48,-9,43,-14,-28,28,2,-19,108,51,38
-35,-45,-10,40,-12,-27,30,-4,-26,95,31,28
-42,-26,16,34,-29,-5,28,24,4,114,38,40
-40,-53,-13,47,-14,-33,48,23,-19,84,-5,10
-55,-2,53,28,-54,26,226,295,189,252,40,50
103,-8,-112,-47,108,-60,430,733,529,468,110,108
955,422,-533,-688,744,-55,-3,670,926,958,877,873
1326,850,-476,-1087,900,187,-577,-51,711,1024,1473,1461
538,474,-63,-506,301,205,-509,-741,-326,80,699,693
51,187,136,-120,-42,161,-274,-570,-476,-181,199,192
-2,74,76,-36,-40,75,-98,-144,-129,53,132,125
-39,6,46,16,-43,26,9,-36,-87,66,27,24
-25,14,39,5,-32,26,20,-11,-40,93,39,33
-67,-42,25,54,-46,-8,34,-12,-57,70,3,-2
-75,-49,25,62,-50,-12,28,-5,-42,86,20,18
-71,-60,11,65,-41,-24,35,-4,-44,76,6,4
-60,-51,9,55,-34,-21,35,-1,-41,83,7,5
-59,-51,8,55,-33,-22,34,2,-37,93,6,6
-66,-50,16,58,-41,-17,31,3,-37,94,-4,-1
-65,-45,20,55,-43,-13,29,10,-33,97,-18,-2
-88,-62,25,75,-56,-19,31,10,-34,94,-35,-11
-95,-63,33,79,-64,-15,29,16,-28,96,-28,-11
-89,-56,33,72,-60,-11,31,19,-31,95,-24,-19
-84,-53,30,69,-57,-11,28,23,-26,100,-19,-19
-73,-47,26,60,-50,-10,23,25,-24,100,-15,-13
-67,-44,23,55,-45,-10,20,24,-22,101,-11,-6
-58,-38,21,48,-39,-8,16,29,-18,105,-6,1
-46,-30,15,38,-30,-7,13,30,-16,104,0,7
-63,-26,37,44,-50,6,10,31,-16,107,7,13
-72,-16,56,43,-64,20,1,22,-21,121,15,21
-69,-14,55,41,-62,20,-11,14,-19,125,20,27
-44,11,54,16,-49,32,-22,4,-22,118,30,29
-3,56,58,-27,-31,57,-34,-3,-26,115,45,38
-5,62,67,-29,-36,64,-55,-18,-23,110,46,45
-6,53,60,-24,-33,56,-83,-53,-40,106,45,47
2,73,70,-38,-34,71,-101,-76,-51,101,70,67
24,100,76,-63,-26,87,-109,-95,-42,96,87,88
41,101,60,-71,-10,80,-112,-99,-36,92,89,93
39,90,50,-65,-6,70,-104,-87,-30,92,98,86
43,84,41,-64,1,62,-76,-58,-18,119,90,76
35,75,40,-55,-2,57,-39,-14,13,149,77,70
25,65,40,-45,-8,52,-6,10,32,159,64,62
14,49,35,-32,-10,42,24,40,50,168,46,53
3,38,35,-21,-17,36,44,61,65,167,32,44
-3,31,34,-14,-19,32,45,58,59,160,24,35
-5,24,29,-9,-17,26,45,54,53,156,18,25
-8,18,27,-6,-18,22,57,51,46,149,10,20
-11,9,21,1,-16,15,61,46,39,146,2,20
-14,7,21,4,-18,13,59,46,35,150,-3,20
-8,3,11,2,-10,7,60,54,41,150,-1,20
0,33,33,-17,-16,33,60,47,39,151,2,20
-1,50,51,-25,-26,50,59,52,41,155,4,17
-5,-7,-3,6,-1,-5,56,84,63,155,8,15
-10,-4,6,7,-8,1,52,91,66,155,10,15
-10,31,41,-11,-26,36,51,89,65,155,12,16
-10,20,30,-5,-20,25,43,91,65,155,23,13
-13,19,32,-3,-23,25,54,89,73,154,32,21
-12,13,25,-1,-19,19,83,96,85,168,30,30
-15,8,23,3,-19,15,81,94,78,173,22,22
-14,6,20,4,-17,12,70,81,74,163,16,16
-16,-7,9,11,-13,1,63,70,68,157,9,9
-23,12,35,5,-29,24,52,60,62,149,3,3
-6,37,43,-16,-25,40,46,55,58,142,-3,-3
-1,28,29,-14,-16,29,43,50,51,136,-9,-9
-4,19,23,-8,-14,21,39,45,47,134,-14,-14
-1,12,13,-6,-7,12,36,38,41,131,-19,-19
-14,-9,5,11,-10,-2,31,36,35,128,-26,-25
-37,-29,8,32,-22,-10,29,40,30,125,-29,-30
-58,-31,28,44,-43,-1,46,40,35,126,-26,-29
-54,-29,25,41,-40,-2,52,40,35,130,-23,-36
-38,-30,8,34,-23,-11,48,40,35,130,-21,-39
-19,-2,17,10,-18,7,53,39,35,130,-17,-30
6,53,48,-30,-21,50,75,50,37,142,-15,-25
6,71,65,-38,-30,68,121,85,72,169,-17,-17
4,63,59,-34,-28,61,161,109,94,176,-22,-11
6,58,52,-32,-23,55,158,99,92,172,-25,-14
8,53,46,-31,-19,49,116,89,81,168,-30,-24
8,47,38,-28,-15,42,48,60,43,166,-30,-29
26,42,15,-34,5,28,-7,24,13,153,-30,-25
34,23,-11,-29,22,6,-24,18,9,123,-31,-25
33,0,-33,-16,33,-16,-33,15,7,112,-29,-21
68,17,-51,-42,60,-17,-28,12,4,110,-33,-18
29,-14,-43,-7,36,-28,-18,8,1,104,-35,-34
-17,-45,-28,31,6,-36,-12,4,0,101,-43,-45
-17,-36,-19,27,2,-28,-3,1,-5,95,-69,-61
-27,-30,-2,29,-12,-16,0,-6,-12,90,-77,-72
-23,-41,-18,33,-3,-29,5,-8,-14,82,-73,-72
-24,-83,-58,54,17,-70,7,-15,-25,70,-77,-76
-21,-78,-57,50,18,-68,12,-17,-24,68,-84,-82
-30,-82,-52,56,11,-66,15,-21,-35,50,-101,-102
-34,-78,-43,56,5,-60,18,-8,-25,52,-89,-86
-44,-83,-38,64,-3,-60,21,-8,-35,32,-100,-95
-46,-77,-31,62,-7,-54,18,-1,-38,31,-91,-83
-49,-75,-25,63,-12,-50,27,8,-34,24,-96,-85
-49,-75,-25,62,-12,-50,23,3,-36,20,-102,-94
-49,-61,-12,55,-18,-37,26,27,-9,38,-92,-77
-58,-79,-21,69,-18,-50,45,11,-14,1,-130,-117
-70,-30,40,50,-55,5,247,335,238,190,-85,-82
125,-27,-153,-49,139,-90,416,745,573,420,18,21
966,455,-511,-710,738,-28,-85,576,960,954,894,897
1211,859,-351,-1035,781,253,-598,-158,644,917,1404,1407
400,436,36,-418,182,236,-502,-780,-403,-110,525,531
15,147,132,-81,-59,139,-279,-545,-453,-298,50,55
-16,42,58,-13,-38,50,-106,-135,-105,-74,-23,-19
-60,-34,26,47,-43,-4,-20,-45,-58,-73,-109,-107
-56,-39,17,47,-36,-10,-6,-27,-32,-50,-99,-93
-80,-68,13,74,-46,-27,7,-27,-54,-75,-138,-129
-79,-68,11,73,-44,-28,6,-9,-32,-64,-116,-117
-96,-98,-2,97,-47,-50,14,-11,-45,-86,-130,-141
-78,-92,-14,86,-32,-53,17,-6,-36,-77,-123,-132
-56,-91,-34,74,-11,-62,19,-4,-34,-80,-125,-131
-60,-90,-30,75,-15,-59,15,-2,-37,-81,-130,-130
-65,-80,-14,73,-25,-47,15,2,-33,-79,-128,-123
-76,-85,-10,81,-33,-47,15,4,-37,-81,-132,-126
-66,-69,-2,68,-32,-35,15,6,-33,-82,-133,-118
-91,-87,4,89,-48,-41,15,6,-31,-92,-137,-121
-92,-82,10,87,-51,-36,11,10,-24,-89,-133,-119
-60,-44,16,52,-38,-14,6,10,-21,-90,-128,-120
-87,-84,3,85,-45,-40,1,7,-17,-90,-122,-120
-77,-70,7,73,-42,-31,-3,4,-11,-89,-118,-115
-63,-36,26,49,-45,-5,-7,5,-12,-93,-111,-105
-60,-41,20,50,-39,-10,-12,5,-17,-95,-107,-95
-43,-29,14,36,-28,-8,-22,5,-20,-95,-100,-85
-30,-31,-1,30,-14,-15,-35,6,-23,-95,-91,-75
-37,-19,17,28,-27,-1,-53,-6,-27,-95,-83,-67
-37,-5,33,21,-35,14,-74,-19,-31,-100,-73,-58
-2,27,28,-13,-15,27,-92,-40,-34,-108,-61,-51
-8,52,60,-22,-34,56,-119,-74,-54,-125,-46,-44
6,66,60,-36,-27,63,-140,-99,-74,-130,-36,-38
26,81,55,-54,-14,68,-136,-117,-74,-124,-33,-31
15,70,55,-43,-20,62,-128,-116,-65,-120,-29,-24
16,65,49,-40,-17,56,-125,-109,-55,-116,-26,-18
7,57,50,-32,-22,54,-116,-86,-44,-104,-21,-15
13,52,39,-33,-13,46,-81,-40,-20,-77,-19,-15
4,36,32,-20,-14,33,-42,1,2,-69,-26,-19
-24,-2,22,13,-23,10,-18,25,14,-68,-47,-45
-28,-15,13,21,-20,-1,-6,28,31,-64,-71,-65
-24,-21,3,23,-13,-9,-1,31,36,-62,-76,-64
-16,-24,-8,20,-4,-16,6,34,34,-59,-74,-66
-7,-11,-3,9,-1,-7,12,36,35,-57,-75,-69
-30,-30,0,30,-15,-14,19,40,35,-51,-75,-71
-57,-51,5,54,-31,-23,20,42,35,-46,-75,-69
-51,-42,9,46,-30,-16,20,46,39,-43,-70,-74
-43,-36,7,39,-25,-14,20,48,40,-36,-70,-80
-30,-29,0,29,-15,-14,20,59,40,-36,-69,-74
-21,-22,-1,22,-10,-11,21,66,44,-42,-76,-69
-9,-18,-8,14,0,-13,19,61,46,-40,-86,-63
-3,-12,-10,8,4,-11,15,59,43,-40,-84,-57
-16,-8,9,12,-13,1,13,54,40,-38,-88,-57
-10,-4,6,7,-7,1,10,51,37,-34,-91,-67
-15,2,17,6,-16,9,7,48,35,-35,-89,-71
1,4,3,-2,-2,3,5,41,31,-38,-94,-69
20,-4,-24,-8,22,-14,2,37,30,-41,-95,-74
14,-6,-20,-4,17,-13,-1,31,27,-40,-95,-75
9,-17,-26,4,18,-22,0,25,21,-40,-95,-75
-14,-34,-20,24,3,-27,0,20,17,-40,-95,-80
-27,-42,-15,35,-6,-28,0,16,12,-41,-95,-84
-27,-39,-12,33,-7,-26,-1,13,8,-50,-85,-87
-15,-19,-5,17,-5,-12,-7,10,3,-59,-103,-96
-35,-43,-8,39,-13,-25,-12,7,-1,-60,-118,-101
-56,-69,-13,63,-21,-41,-18,5,-7,-60,-114,-99
-40,-59,-19,50,-10,-39,-24,3,-10,-60,-113,-100
-34,-57,-23,46,-5,-40,-29,0,-15,-60,-109,-100
-21,-52,-31,37,5,-41,-27,-3,-20,-59,-110,-100
-14,-48,-34,31,10,-40,-19,-5,-15,-52,-106,-96
-17,-44,-27,31,5,-35,-15,2,-7,-46,-99,-89
-28,-35,-7,32,-10,-21,-6,10,-1,-38,-95,-83
-48,-24,23,36,-35,-1,18,17,5,-34,-89,-75
-48,-16,32,32,-40,7,63,48,23,-17,-84,-69
-33,-11,22,21,-27,5,99,85,44,9,-80,-64
-29,-9,20,19,-24,6,108,94,39,7,-80,-66
-13,-1,12,7,-12,5,80,76,31,-4,-80,-76
5,13,8,-9,-2,10,3,44,13,-11,-79,-74
-1,-2,-1,1,0,-2,-55,4,-14,-20,-81,-71
5,-31,-36,13,21,-33,-61,-17,-30,-37,-79,-68
11,-45,-56,17,34,-50,-56,-22,-47,-48,-79,-67
38,-52,-90,7,64,-70,-53,-29,-54,-50,-70,-62
45,-59,-104,7,75,-81,-49,-36,-57,-54,-74,-63
16,-62,-77,23,47,-69,-46,-42,-59,-55,-91,-87
17,-57,-74,21,46,-65,-42,-48,-63,-60,-105,-101
10,-66,-76,29,43,-71,-40,-51,-70,-66,-122,-112
-32,-102,-70,67,19,-86,-40,-49,-71,-71,-126,-120
-32,-103,-71,68,20,-87,-40,-55,-75,-77,-130,-121
-17,-86,-69,52,26,-77,-40,-54,-79,-72,-130,-118
-53,-119,-65,87,6,-92,-39,-56,-94,-79,-138,-123
-24,-87,-63,56,20,-75,-37,-54,-87,-71,-132,-116
-30,-79,-49,54,10,-64,-32,-55,-94,-78,-138,-124
-48,-102,-54,76,3,-78,-33,-57,-95,-68,-133,-118
-25,-107,-82,66,29,-95,-25,-50,-92,-64,-134,-120
-35,-110,-74,73,20,-92,-29,-64,-98,-67,-136,-124
-21,-85,-64,53,22,-75,-13,-35,-71,-45,-119,-110
-55,-120,-64,88,5,-92,26,-13,-75,-66,-152,-141
-92,-84,8,88,-50,-37,211,276,145,99,-105,-104
97,-70,-167,-13,132,-118,393,685,485,321,-11,-10
920,400,-519,-660,720,-59,-99,511,830,824,796,809
1219,834,-384,-1026,801,225,-664,-238,521,808,1341,1349
444,408,-36,-426,240,186,-578,-832,-462,-168,521,529
55,98,44,-77,5,70,-334,-605,-537,-368,36,38
1,8,7,-5,-3,7,-130,-183,-194,-119,-27,-23
-33,-61,-27,47,-2,-44,-38,-86,-146,-123,-119,-107
-44,-87,-43,65,0,-65,-32,-51,-99,-99,-105,-99
-67,-118,-51,93,-8,-84,-14,-51,-123,-116,-147,-137
-40,-93,-53,66,7,-72,-16,-50,-111,-99,-126,-114
-91,-134,-44,113,-23,-89,-4,-50,-119,-108,-150,-145
-98,-135,-37,117,-30,-86,0,-51,-121,-101,-151,-146
-102,-133,-32,118,-35,-82,7,-49,-118,-98,-148,-143
-114,-137,-23,126,-45,-80,12,-47,-119,-98,-153,-148
-114,-133,-19,124,-47,-76,17,-44,-112,-91,-147,-142
-93,-136,-43,115,-25,-89,24,-45,-117,-92,-152,-147
-73,-126,-52,100,-10,-89,22,-40,-113,-88,-142,-137
-82,-124,-41,103,-20,-82,17,-40,-116,-91,-139,-134
-76,-117,-41,97,-17,-79,14,-39,-114,-90,-130,-125
-80,-111,-31,96,-24,-71,10,-34,-108,-90,-125,-120
-78,-106,-28,93,-25,-67,6,-29,-101,-90,-116,-111
-78,-101,-23,90,-28,-62,4,-25,-94,-90,-121,-114
-84,-95,-11,89,-36,-53,-5,-20,-88,-87,-130,-119
-45,-87,-42,67,-2,-64,-14,-16,-81,-85,-118,-110
-42,-81,-39,62,-2,-60,-23,-11,-83,-85,-111,-102
-76,-73,3,74,-39,-35,-31,-11,-86,-85,-101,-94
-75,-69,6,72,-40,-31,-44,-26,-89,-85,-86,-87
-60,-49,10,55,-35,-19,-62,-41,-92,-86,-73,-78
-31,-14,17,22,-24,2,-85,-64,-95,-91,-64,-67
-29,-2,27,15,-28,12,-107,-91,-111,-95,-58,-58
-45,-4,41,24,-43,18,-125,-121,-129,-91,-51,-49
-15,21,36,-3,-26,28,-134,-135,-129,-84,-44,-45
25,41,16,-33,4,29,-123,-122,-121,-78,-38,-41
29,35,6,-33,11,20,-116,-116,-118,-71,-34,-35
36,29,-8,-32,22,10,-103,-103,-102,-64,-37,-33
46,24,-22,-35,33,1,-71,-71,-73,-57,-32,-24
36,17,-19,-27,27,-1,-39,-48,-63,-51,-39,-30
11,-10,-21,-1,17,-16,-14,-35,-61,-44,-61,-49
-19,-37,-18,28,0,-27,-6,-23,-57,-37,-65,-62
-10,-33,-23,21,7,-28,-2,-18,-53,-31,-64,-71
-7,-29,-22,18,7,-25,5,-15,-50,-26,-71,-69
-28,-52,-24,40,-2,-37,10,-11,-46,-25,-76,-73
-19,-62,-44,41,12,-53,15,-8,-45,-19,-75,-76
-37,-59,-22,48,-7,-40,20,-4,-45,-26,-75,-74
-43,-57,-14,51,-14,-35,20,-1,-40,-41,-75,-71
-40,-54,-14,47,-12,-34,20,2,-40,-34,-75,-69
-48,-55,-7,51,-20,-30,20,5,-39,-30,-75,-70
-23,-50,-27,37,2,-38,20,7,-34,-26,-75,-70
-13,-49,-36,31,11,-42,18,11,-31,-21,-75,-70
-9,-45,-35,28,14,-40,14,7,-28,-17,-75,-68
-9,-43,-34,27,12,-38,15,5,-23,-15,-75,-64
-1,-39,-38,20,18,-38,15,4,-20,-15,-76,-65
-23,-42,-19,33,-2,-30,15,7,-24,-15,-80,-61
-76,-61,16,68,-45,-22,15,23,-25,-15,-80,-59
-59,-44,16,51,-37,-14,10,20,-26,-15,-80,-61
-7,-24,-17,16,5,-20,10,12,-35,-20,-80,-58
17,-43,-60,13,38,-51,9,6,-45,-20,-80,-70
11,-52,-64,21,37,-58,5,-3,-51,-20,-80,-82
2,-49,-51,23,27,-50,5,-9,-54,-20,-80,-79
-5,-51,-46,28,21,-48,5,-15,-59,-23,-81,-80
-13,-50,-37,32,12,-43,5,-18,-66,-39,-90,-80
-18,-50,-31,34,6,-40,5,-22,-70,-44,-93,-79
-16,-46,-30,31,8,-38,5,-25,-72,-39,-103,-88
-14,-43,-29,28,8,-35,5,-30,-76,-40,-112,-96
-15,-42,-27,29,6,-34,5,-28,-71,-40,-109,-94
-12,-35,-23,24,5,-29,11,-24,-65,-40,-110,-96
-9,-38,-29,24,10,-34,16,-21,-60,-40,-110,-94
4,-27,-31,12,18,-29,23,-17,-54,-35,-110,-99
-23,-36,-14,30,-4,-25,26,-15,-49,-27,-103,-94
-43,-43,1,43,-22,-21,56,4,-43,-19,-95,-73
-11,-4,7,7,-8,1,95,34,-33,-11,-87,-66
-8,-5,3,7,-5,-1,115,57,-19,-3,-79,-61
-19,-12,7,15,-13,-2,111,58,-19,-1,-75,-56
-21,-11,11,16,-15,0,58,31,-20,2,-75,-49
-15,-21,-6,18,-4,-13,-5,-11,-41,-13,-75,-46
20,-17,-37,-2,28,-27,-42,-43,-73,-40,-75,-53
31,-36,-67,3,49,-51,-45,-51,-86,-52,-76,-56
37,-60,-97,12,67,-79,-40,-49,-98,-55,-75,-55
27,-61,-88,17,57,-74,-38,-52,-100,-54,-81,-55
-12,-66,-54,40,22,-60,-33,-56,-99,-66,-78,-69
-6,-61,-55,34,25,-58,-30,-54,-101,-69,-85,-81
-24,-75,-51,50,14,-63,-27,-59,-98,-74,-106,-91
-49,-98,-49,74,0,-73,-24,-66,-111,-80,-103,-95
-57,-101,-44,79,-7,-72,-21,-71,-128,-81,-110,-96
-45,-95,-50,70,3,-72,-19,-70,-123,-79,-109,-93
-17,-93,-76,56,30,-85,-14,-72,-128,-80,-112,-104
-46,-92,-46,69,0,-69,-15,-77,-131,-81,-117,-111
-57,-81,-24,69,-16,-53,-9,-72,-127,-74,-111,-100
-34,-101,-67,67,17,-84,-11,-76,-131,-78,-121,-105
-31,-98,-67,65,18,-82,-8,-61,-112,-61,-107,-87
-41,-107,-66,74,13,-87,-3,-69,-121,-76,-126,-101
-37,-83,-46,60,5,-64,-9,-50,-97,-49,-102,-81
-38,-92,-55,65,9,-73,15,-38,-107,-71,-130,-115
-67,-78,-11,73,-28,-44,111,97,8,8,-121,-112
-62,-78,-16,70,-23,-47,366,539,319,202,-104,-95
582,156,-425,-369,504,-134,164,660,676,566,362,372
1335,752,-582,-1043,958,85,-519,90,750,921,1261,1269
836,616,-220,-725,527,198,-656,-689,-136,178,868,875
106,157,50,-132,27,103,-416,-788,-674,-434,96,104
-5,46,51,-21,-28,48,-196,-323,-300,-195,10,21
-58,-48,10,53,-34,-19,-38,-127,-166,-123,-95,-85
-81,-61,19,71,-50,-21,-23,-89,-143,-94,-103,-93
-104,-98,5,101,-54,-46,-12,-68,-129,-104,-130,-113
-126,-122,4,124,-66,-59,-9,-71,-132,-109,-142,-122
-114,-118,-4,116,-55,-60,-3,-59,-117,-98,-137,-127
-120,-123,-3,121,-58,-62,4,-59,-121,-106,-153,-141
-131,-118,13,124,-72,-52,4,-49,-107,-95,-144,-123
-129,-122,6,125,-68,-58,6,-59,-121,-104,-154,-132
-116,-117,0,117,-58,-58,4,-60,-119,-97,-147,-119
-94,-113,-19,104,-37,-66,6,-56,-120,-102,-152,-122
-69,-111,-41,90,-14,-76,5,-55,-120,-99,-149,-128
-69,-105,-36,87,-16,-71,5,-50,-119,-100,-146,-131
-74,-105,-31,90,-21,-68,0,-50,-120,-100,-140,-130
-68,-94,-26,81,-21,-60,-4,-44,-114,-95,-135,-126
-71,-91,-20,81,-25,-55,-6,-38,-108,-90,-130,-125
-83,-98,-15,91,-34,-56,-11,-31,-101,-85,-123,-125
-57,-74,-16,66,-20,-45,-13,-25,-95,-82,-120,-118
-44,-68,-24,56,-10,-46,-18,-16,-87,-77,-114,-110
-51,-68,-17,60,-16,-42,-19,-18,-87,-72,-110,-102
-51,-59,-8,55,-21,-34,-29,-25,-90,-70,-104,-94
-88,-64,24,76,-56,-20,-56,-25,-89,-70,-101,-86
-74,-26,48,49,-60,11,-76,-47,-91,-70,-89,-72
-42,1,43,20,-42,21,-90,-61,-89,-70,-62,-58
-26,21,47,2,-37,34,-118,-83,-106,-70,-52,-47
7,50,42,-29,-18,46,-144,-118,-116,-64,-48,-38
1,53,52,-27,-26,52,-153,-122,-107,-57,-42,-26
-1,72,72,-36,-37,72,-158,-114,-105,-51,-37,-23
12,75,63,-43,-26,69,-156,-107,-100,-44,-30,-25
17,67,50,-42,-17,58,-145,-101,-96,-37,-31,-27
-14,26,40,-6,-27,33,-112,-82,-91,-35,-29,-29
-21,11,32,5,-27,21,-72,-58,-85,-35,-32,-31
-14,13,26,0,-20,19,-48,-48,-80,-35,-46,-34
-47,-28,19,37,-32,-5,-38,-38,-74,-35,-61,-50
-49,-36,13,42,-30,-11,-36,-27,-69,-35,-81,-77
-40,-34,6,36,-22,-14,-32,-20,-63,-34,-86,-81
-37,-36,1,37,-18,-18,-28,-20,-60,-31,-84,-76
-30,-41,-11,36,-9,-26,-25,-19,-58,-28,-82,-74
-16,-34,-17,25,1,-25,-29,-15,-55,-25,-79,-70
-2,-17,-15,10,7,-16,-30,-15,-52,-22,-80,-69
-5,-20,-15,13,5,-17,-30,-13,-49,-20,-75,-66
-14,-24,-10,19,-2,-16,-30,-7,-47,-18,-73,-63
-12,-23,-11,17,0,-17,-30,-3,-42,-12,-70,-60
-21,-19,2,20,-11,-9,-29,1,-40,-8,-67,-58
-37,-17,20,27,-28,2,-25,6,-35,-4,-65,-54
-25,-14,11,19,-18,-2,-26,10,-32,2,-67,-57
-1,-11,-10,6,5,-10,-22,18,-28,5,-81,-71
-6,-10,-3,8,-1,-6,-20,23,-25,22,-86,-74
-36,-16,20,26,-28,2,-20,20,-25,24,-80,-67
-31,-21,10,26,-20,-5,-25,17,-25,12,-78,-63
-19,-26,-8,23,-5,-17,-34,14,-26,5,-73,-56
-11,-32,-21,22,6,-26,-36,11,-23,-5,-70,-50
-12,-38,-26,25,7,-32,-45,10,-37,-14,-73,-62
-19,-39,-20,29,1,-29,-51,4,-52,-25,-78,-72
-10,-28,-18,19,4,-23,-49,-5,-53,-37,-80,-69
-26,-39,-13,33,-6,-26,-54,-9,-59,-47,-80,-70
-42,-52,-10,47,-16,-31,-55,-25,-59,-51,-80,-70
-34,-48,-14,41,-10,-31,-56,-36,-63,-50,-80,-70
-17,-43,-26,31,5,-35,-59,-37,-65,-50,-88,-75
-11,-43,-32,28,11,-38,-60,-41,-65,-50,-91,-75
-14,-37,-23,26,4,-30,-59,-35,-73,-50,-88,-72
-32,-38,-6,35,-13,-21,-50,-27,-71,-48,-98,-69
-32,-50,-18,41,-7,-33,-40,-21,-61,-42,-103,-66
8,-20,-28,6,18,-23,-31,-13,-58,-38,-93,-65
5,10,4,-8,0,7,-11,12,-36,-33,-82,-59
15,25,10,-20,2,17,31,39,-13,-29,-73,-53
20,32,12,-27,4,22,55,54,-3,-24,-70,-49
2,25,23,-14,-11,24,40,49,20,-21,-66,-43
16,24,8,-20,3,16,-2,26,3,-19,-65,-37
21,20,-1,-20,11,9,-74,-9,-37,-23,-60,-37
38,9,-29,-23,33,-10,-119,-45,-63,-50,-62,-55
43,-23,-66,-10,55,-45,-116,-60,-74,-60,-74,-69
40,-30,-70,-5,55,-50,-109,-68,-81,-62,-77,-71
42,-28,-70,-7,56,-49,-103,-76,-100,-64,-73,-69
7,-69,-76,31,42,-72,-95,-73,-100,-70,-78,-73
-26,-75,-50,51,13,-62,-90,-70,-99,-92,-100,-92
-43,-77,-34,61,-4,-56,-90,-68,-102,-97,-108,-97
-58,-93,-35,76,-11,-64,-91,-63,-98,-93,-102,-92
-56,-91,-35,74,-10,-63,-89,-69,-104,-97,-107,-98
-45,-80,-35,63,-5,-57,-91,-73,-104,-94,-103,-92
-43,-77,-34,61,-4,-55,-89,-78,-113,-94,-105,-99
-22,-69,-47,46,13,-58,-88,-86,-121,-91,-106,-107
-12,-61,-50,36,19,-55,-84,-75,-110,-87,-101,-100
-4,-56,-52,30,24,-54,-82,-78,-114,-93,-111,-106
20,-26,-46,3,33,-36,-80,-62,-95,-76,-96,-88
-26,-81,-56,54,15,-68,-74,-68,-106,-96,-116,-106
-34,-76,-43,55,5,-59,-76,-51,-84,-76,-95,-81
-50,-94,-44,72,-3,-68,-67,-62,-107,-100,-127,-114
-79,-65,14,72,-46,-26,26,56,-7,-11,-126,-117
-61,-36,25,49,-43,-6,291,515,309,183,-107,-95
528,135,-393,-331,460,-129,123,671,659,506,302,311
1362,732,-630,-1047,996,51,-556,155,786,895,1195,1204
900,651,-249,-775,574,201,-732,-643,-55,235,889,898
137,199,61,-168,38,130,-493,-805,-645,-418,126,135
28,73,45,-51,-9,59,-282,-351,-299,-202,19,30
-42,-14,28,28,-35,7,-124,-143,-152,-124,-93,-83
-64,-32,32,47,-48,0,-89,-102,-123,-112,-98,-89
-89,-70,19,79,-53,-25,-72,-89,-111,-110,-128,-119
-82,-62,20,71,-50,-21,-69,-88,-121,-112,-146,-141
-100,-88,12,94,-56,-38,-66,-72,-107,-100,-133,-127
-111,-100,11,106,-61,-44,-58,-72,-115,-109,-145,-137
-93,-87,6,90,-49,-40,-57,-62,-106,-95,-129,-122
-95,-93,3,94,-49,-45,-57,-67,-109,-104,-139,-129
-83,-84,-1,83,-41,-42,-62,-61,-103,-95,-135,-122
-93,-85,8,89,-50,-38,-59,-60,-106,-96,-142,-126
-96,-83,13,89,-54,-35,-61,-60,-105,-94,-140,-125
-106,-103,3,104,-54,-50,-59,-56,-105,-93,-140,-125
-94,-96,-3,95,-45,-49,-61,-54,-104,-107,-141,-126
-84,-84,0,84,-42,-42,-65,-51,-100,-103,-139,-124
-89,-76,13,82,-50,-31,-65,-49,-98,-93,-135,-120
-75,-65,10,70,-42,-27,-67,-45,-95,-87,-128,-113
-67,-57,10,62,-38,-23,-71,-46,-92,-79,-125,-110
-63,-49,14,55,-38,-17,-68,-50,-90,-73,-117,-103
-66,-40,26,53,-46,-6,-75,-50,-90,-67,-113,-98
-65,-35,30,49,-47,-2,-89,-52,-90,-62,-104,-91
-69,-28,42,48,-55,7,-93,-57,-89,-56,-82,-77
-67,-2,65,34,-65,31,-104,-53,-91,-51,-67,-63
-27,18,46,4,-37,32,-127,-64,-89,-50,-58,-54
-15,60,75,-23,-46,68,-147,-94,-90,-58,-47,-48
22,85,63,-53,-21,74,-171,-116,-108,-57,-38,-41
21,78,57,-50,-18,67,-186,-130,-111,-51,-34,-34
-22,79,101,-29,-61,89,-182,-125,-103,-47,-32,-27
10,74,64,-42,-27,69,-178,-116,-102,-39,-29,-24
27,76,49,-52,-11,62,-176,-112,-88,-36,-27,-26
25,71,46,-48,-11,59,-152,-90,-63,-23,-23,-23
35,70,35,-52,0,52,-109,-63,-52,-7,-35,-30
39,69,30,-54,4,50,-71,-54,-46,-3,-45,-39
32,54,23,-43,4,38,-53,-46,-39,3,-52,-44
27,37,11,-32,8,24,-48,-38,-33,6,-61,-55
2,26,24,-14,-12,25,-40,-31,-25,11,-64,-59
-30,24,54,2,-42,39,-34,-25,-32,15,-69,-58
-27,21,48,3,-38,34,-28,-20,-41,15,-70,-55
-27,18,46,4,-37,32,-22,-15,-39,15,-70,-55
-29,15,44,7,-37,30,-20,-11,-40,15,-69,-56
-23,16,39,4,-31,27,-17,-6,-40,15,-75,-54
-18,23,40,-3,-29,31,-14,-3,-40,15,-80,-56
-16,15,31,1,-24,23,-11,2,-36,17,-73,-46
-14,14,28,0,-21,20,-10,5,-29,21,-69,-55
-16,6,22,5,-19,13,-10,8,-22,19,-66,-75
-5,9,13,-2,-10,11,-10,13,-16,26,-58,-70
-3,50,53,-24,-28,51,-10,15,-9,31,-69,-62
-13,52,65,-19,-39,58,-10,10,-6,30,-81,-56
-4,40,45,-18,-25,42,-10,6,-11,30,-80,-48
-3,32,35,-15,-19,33,-10,4,-17,30,-80,-45
-3,24,27,-11,-15,25,-10,-1,-20,30,-80,-58
-4,12,16,-4,-10,13,-10,-4,-25,27,-80,-66
-9,5,15,2,-12,10,-10,-7,-30,22,-76,-65
-19,35,53,-8,-36,44,-10,-12,-33,19,-75,-65
-46,16,62,15,-54,39,-10,-18,-36,16,-75,-65
-62,-11,51,37,-57,20,-15,-21,-32,11,-75,-65
-62,-11,52,37,-57,20,-15,-27,-42,11,-75,-61
-61,-17,43,39,-52,13,-15,-30,-52,16,-76,-74
-62,-20,42,41,-52,11,-15,-26,-49,15,-83,-82
-51,-16,35,33,-43,10,-16,-23,-54,15,-82,-79
-39,-9,30,24,-34,10,-12,-21,-55,15,-79,-81
-27,-2,25,15,-26,11,-10,-17,-55,15,-76,-80
-14,4,18,4,-16,11,-10,-16,-44,11,-73,-80
-33,11,44,11,-39,27,12,-10,-30,12,-71,-73
-17,46,63,-15,-40,55,55,4,-15,53,-68,-64
2,60,58,-31,-28,59,97,36,12,78,-65,-58
-18,52,70,-17,-45,61,125,65,12,68,-62,-48
-28,36,63,-4,-46,49,114,63,-1,63,-60,-48
-6,44,50,-19,-28,47,59,35,-12,56,-56,-50
27,67,40,-48,-7,53,-11,-4,-25,49,-55,-50
27,39,11,-33,8,25,-49,-36,-45,43,-52,-54
40,26,-14,-33,27,6,-48,-60,-74,37,-50,-56
67,22,-45,-44,56,-11,-42,-66,-81,31,-46,-55
53,18,-34,-35,43,-8,-39,-63,-79,25,-45,-54
-12,1,12,5,-12,6,-34,-66,-85,17,-61,-59
-46,-14,32,30,-39,9,-29,-64,-84,13,-75,-58
-49,-21,28,35,-38,3,-26,-66,-86,-2,-86,-72
-50,-29,21,39,-35,-4,-24,-69,-79,-27,-83,-86
-46,-32,14,39,-30,-9,-20,-70,-82,-37,-88,-85
-57,-52,5,54,-31,-23,-18,-72,-95,-34,-99,-85
-55,-54,1,55,-28,-26,-14,-74,-94,-35,-99,-84
-52,-66,-13,59,-19,-40,-14,-78,-92,-36,-97,-90
-74,-67,7,70,-40,-30,-7,-69,-85,-32,-91,-93
-80,-61,20,70,-50,-21,-2,-74,-89,-37,-94,-99
-65,-48,17,56,-40,-16,1,-65,-83,-18,-86,-82
-59,-53,7,56,-33,-23,8,-75,-107,-32,-115,-99
-40,-31,9,35,-24,-10,8,-65,-82,-7,-94,-71
-62,-51,11,56,-36,-20,19,-53,-80,-21,-114,-100
-96,-45,50,70,-73,2,103,68,14,54,-110,-103
-79,-40,39,60,-59,-1,371,510,322,253,-87,-79
524,164,-360,-344,442,-98,223,683,682,577,312,318
1341,744,-597,-1042,969,73,-460,183,821,961,1201,1204
917,672,-245,-794,581,213,-642,-619,-6,326,918,921
148,221,73,-185,37,147,-404,-808,-622,-336,147,153
16,94,78,-55,-31,86,-196,-346,-280,-127,43,50
-23,25,49,-1,-36,37,-38,-130,-128,-41,-72,-69
-61,-5,56,33,-58,25,-11,-96,-101,-34,-90,-92
-97,-51,46,74,-71,-3,4,-72,-84,-33,-104,-95
-91,-44,46,67,-68,1,10,-77,-97,-39,-117,-104
-100,-61,39,80,-69,-11,15,-63,-80,-30,-102,-98
-121,-83,39,102,-80,-21,24,-64,-91,-40,-117,-117
-101,-69,32,85,-66,-19,27,-54,-79,-24,-113,-103
-120,-76,44,98,-82,-16,35,-52,-90,-42,-125,-109
-127,-66,61,96,-94,-2,34,-44,-93,-49,-117,-101
-124,-73,52,98,-88,-10,36,-40,-89,-45,-118,-100
-109,-62,46,85,-77,-8,35,-35,-84,-41,-114,-106
-96,-58,38,77,-67,-10,35,-28,-77,-36,-114,-108
-107,-73,34,90,-70,-20,34,-26,-73,-32,-111,-101
-85,-59,26,72,-56,-16,27,-24,-67,-27,-104,-94
-93,-46,47,69,-70,1,23,-26,-61,-22,-101,-87
-117,-44,74,80,-95,15,17,-25,-54,-16,-96,-81
-103,-35,68,69,-85,16,11,-25,-48,-11,-92,-76
-98,-32,66,64,-81,16,7,-25,-41,-5,-87,-65
-87,-24,63,55,-75,19,-1,-21,-35,-1,-75,-55
-70,-11,59,40,-64,24,-13,-20,-40,-4,-62,-45
-59,0,59,30,-59,29,-24,-20,-39,-9,-49,-35
-25,27,52,-1,-39,39,-36,-21,-45,-12,-34,-25
-15,37,53,-11,-35,45,-58,-32,-44,-15,-23,-15
-37,49,86,-7,-62,68,-88,-61,-50,-20,-12,-3
-36,76,112,-20,-74,94,-110,-80,-65,-18,-2,8
-39,66,105,-14,-72,86,-118,-95,-60,-9,6,21
-11,82,93,-36,-53,87,-127,-113,-54,-1,13,27
20,102,82,-61,-32,91,-126,-107,-49,8,13,32
14,88,74,-51,-30,81,-116,-93,-43,13,4,37
19,87,67,-53,-24,77,-87,-62,-20,31,-2,28
9,70,61,-40,-26,65,-44,-24,0,54,-10,15
-24,30,54,-3,-40,42,-15,5,3,55,-18,5
-24,23,47,0,-36,35,-3,21,9,55,-24,-3
-18,27,44,-5,-31,35,-2,26,13,56,-25,-9
-37,6,42,15,-40,24,3,31,17,54,-25,-16
-10,28,38,-9,-24,33,6,29,22,56,-25,-23
22,59,37,-41,-7,48,10,30,24,48,-25,-29
19,53,34,-36,-8,43,14,30,26,57,-25,-27
9,52,43,-30,-17,47,15,30,29,76,-25,-24
-11,48,58,-19,-35,53,17,31,30,74,-25,-21
-11,45,56,-18,-34,50,21,35,33,76,-25,-19
-5,44,50,-20,-28,47,20,35,37,80,-25,-14
-8,37,44,-15,-26,40,20,35,42,80,-25,-17
-5,34,39,-14,-22,36,32,47,46,78,-25,-25
-8,26,34,-9,-21,30,36,51,45,74,-25,-26
-13,23,36,-5,-25,29,31,49,45,76,-25,-24
-20,13,33,3,-26,23,29,50,45,74,-25,-21
-16,21,36,-3,-26,28,26,50,45,75,-25,-20
0,49,49,-24,-25,48,24,50,44,75,-25,-19
-2,43,45,-21,-24,44,21,45,40,75,-27,-15
11,35,24,-23,-7,29,20,40,38,75,-31,-14
13,29,16,-21,-2,22,19,36,34,73,-34,-28
-21,20,40,0,-31,30,14,31,32,84,-37,-36
-10,15,25,-3,-17,20,16,27,29,82,-40,-35
-6,7,13,0,-10,10,12,22,27,76,-43,-41
-29,1,30,14,-30,16,10,20,24,73,-45,-39
-31,-6,26,18,-28,10,10,20,21,67,-45,-35
-32,-13,19,22,-25,3,7,16,19,64,-45,-35
-34,-18,16,26,-25,-1,4,15,14,59,-45,-35
-24,-18,6,21,-15,-6,6,14,17,61,-45,-35
-16,-7,10,11,-13,2,12,11,19,56,-45,-35
-31,-8,22,19,-26,7,23,9,24,56,-43,-33
-4,9,12,-3,-8,10,32,16,23,52,-36,-27
3,37,34,-20,-16,35,47,41,36,77,-32,-23
-11,43,54,-16,-33,48,92,72,74,117,-26,-18
24,68,43,-46,-10,55,123,100,90,124,-20,-14
25,64,40,-45,-8,52,126,106,86,134,-15,-9
20,54,34,-37,-8,44,98,92,74,131,-10,-5
25,51,26,-38,-1,38,37,55,63,121,-10,3
30,41,11,-36,10,26,-16,22,51,101,-10,3
60,41,-20,-50,40,10,-51,12,35,78,-11,-6
66,35,-32,-50,49,2,-55,0,19,73,-10,-10
75,36,-38,-55,56,-1,-56,-7,8,66,-13,-19
55,2,-53,-28,54,-25,-43,-12,1,58,-17,-21
-5,-36,-31,21,13,-33,-15,-18,-6,51,-38,-33
-4,-36,-32,20,15,-34,-14,-23,-14,43,-68,-64
-1,-31,-30,17,15,-30,-16,-30,-22,41,-64,-65
-41,-62,-22,52,-9,-42,-14,-29,-22,38,-60,-64
-69,-85,-16,77,-27,-50,-16,-32,-21,33,-61,-67
-91,-74,17,82,-54,-28,-14,-28,-18,34,-51,-62
-85,-78,7,82,-46,-35,-12,-33,-24,25,-63,-68
-53,-67,-15,60,-19,-41,-9,-27,-15,39,-60,-54
-36,-75,-38,56,1,-56,-6,-31,-25,29,-71,-66
-22,-61,-39,42,9,-50,-4,-24,-10,45,-58,-54
-34,-64,-30,49,-2,-47,1,-22,-10,37,-64,-65
-23,-49,-26,37,1,-38,0,-24,-1,47,-59,-58
-31,-46,-14,39,-8,-30,17,1,10,54,-54,-53
-34,-44,-10,39,-12,-27,47,28,14,41,-89,-82
-55,-20,36,37,-45,8,272,390,283,238,-70,-62
195,-5,-200,-94,198,-103,381,768,639,490,103,105
1130,549,-581,-839,855,-16,-197,532,995,1012,1014,1016
1209,814,-395,-1010,801,209,-630,-262,505,792,1284,1283
319,357,38,-338,140,197,-469,-798,-463,-147,404,405
37,144,106,-91,-35,125,-263,-475,-371,-181,72,74
-16,41,57,-13,-36,49,-86,-107,-88,0,-1,9
-68,-17,51,42,-60,17,-16,-45,-77,-4,-65,-56
-71,-41,29,56,-50,-6,-10,-17,-40,26,-72,-69
-117,-79,38,98,-77,-20,3,-23,-51,15,-119,-113
-101,-70,31,85,-66,-19,-2,-17,-31,38,-95,-91
-109,-80,30,95,-69,-25,8,-16,-39,24,-114,-106
-107,-76,31,92,-69,-23,8,-15,-28,34,-107,-96
-108,-82,25,95,-67,-28,9,-13,-27,34,-111,-102
-103,-78,25,90,-64,-26,4,-10,-24,35,-107,-97
-94,-75,20,85,-57,-27,5,-10,-18,36,-103,-93
-95,-76,19,85,-57,-28,5,-8,-17,34,-107,-97
-89,-74,14,81,-51,-30,5,-4,-11,36,-103,-93
-90,-76,15,82,-52,-30,5,-6,-9,34,-107,-97
-112,-75,38,93,-74,-18,1,-1,-4,35,-103,-93
-119,-72,48,95,-83,-12,-2,5,-2,35,-98,-89
-109,-66,43,87,-76,-11,-5,10,7,35,-91,-83
-104,-61,43,83,-74,-9,-7,17,8,31,-85,-80
-96,-58,38,77,-67,-10,-10,17,-2,36,-78,-75
-94,-52,42,73,-68,-5,-13,24,3,58,-72,-71
-91,-48,43,69,-67,-2,-31,25,13,64,-64,-64
-75,-27,48,51,-61,10,-45,11,10,60,-51,-51
-57,-8,49,32,-53,21,-55,0,2,73,-40,-40
-41,11,52,15,-47,31,-83,-12,-6,71,-30,-27
-24,45,69,-11,-47,57,-110,-34,-14,61,-20,-16
-7,64,71,-29,-39,68,-135,-57,-22,57,-10,-2
3,89,86,-46,-41,87,-150,-82,-27,48,1,15
10,96,86,-53,-38,91,-157,-92,-23,46,16,30
20,85,66,-53,-23,75,-156,-88,-16,62,33,32
25,85,61,-55,-18,73,-145,-82,-13,77,30,24
25,77,53,-51,-14,64,-117,-53,5,97,22,20
27,76,49,-52,-12,63,-75,-13,42,134,16,14
9,52,42,-31,-17,47,-34,22,70,146,7,9
-25,12,37,7,-31,24,-14,42,76,144,1,4
-23,13,35,4,-29,24,-14,49,75,146,-7,-2
-13,20,33,-4,-23,26,-10,51,75,144,-14,-9
-41,14,55,14,-48,34,-8,45,75,146,-21,-15
-59,8,67,25,-63,38,-4,44,74,144,-29,-23
-60,4,64,28,-63,34,-7,39,71,141,-36,-33
-70,-4,65,37,-67,30,-11,41,69,139,-40,-36
-65,0,65,32,-65,32,-10,62,71,140,-40,-35
-54,10,65,22,-60,37,-14,66,69,139,-40,-32
-49,12,60,18,-54,36,-15,65,71,140,-40,-29
-36,19,55,8,-45,37,-15,65,71,141,-40,-30
-28,21,50,3,-39,35,-10,67,78,151,-40,-30
-32,15,48,8,-40,32,-10,80,98,169,-40,-30
-24,15,39,4,-32,27,-9,77,97,167,-40,-30
-35,10,45,12,-40,27,-5,71,90,161,-40,-30
-34,10,43,12,-39,26,-5,68,88,158,-41,-31
-14,27,41,-7,-27,34,-7,62,82,152,-39,-30
-32,28,61,2,-47,44,-10,59,79,148,-46,-45
-40,18,57,11,-49,37,-10,55,74,145,-56,-61
-46,7,52,19,-49,29,-14,53,71,143,-54,-60
-46,4,50,21,-49,27,-15,49,68,140,-61,-60
-48,-3,45,25,-47,21,-15,47,63,136,-66,-61
-47,-4,43,25,-44,19,-20,45,60,135,-64,-59
-54,-14,40,34,-47,13,-20,42,56,131,-65,-67
-76,-61,16,68,-46,-22,-21,40,54,130,-65,-76
-36,-53,-17,45,-10,-35,-25,40,55,130,-65,-74
-17,-29,-13,23,-2,-21,-25,41,55,125,-69,-77
-21,-27,-7,24,-7,-17,-23,39,55,124,-74,-81
-14,-19,-5,17,-4,-12,-13,41,56,127,-69,-79
-13,-10,3,12,-8,-3,-8,27,60,129,-66,-76
1,4,3,-3,-1,3,0,28,61,133,-63,-66
2,33,31,-18,-14,31,17,56,58,134,-58,-62
-19,57,76,-19,-48,66,47,78,85,148,-55,-52
-36,40,76,-2,-56,58,88,114,103,164,-59,-45
-51,14,65,18,-58,39,92,118,93,159,-60,-64
-31,28,59,1,-45,44,58,99,88,151,-60,-65
25,75,50,-50,-13,62,5,70,81,143,-65,-60
28,63,34,-46,-3,48,-50,37,68,135,-65,-59
25,25,0,-25,12,13,-73,33,51,129,-66,-55
38,-2,-40,-18,39,-20,-69,27,37,122,-65,-56
33,-18,-51,-7,42,-34,-63,24,33,116,-66,-61
20,-15,-35,-2,28,-25,-59,19,27,109,-64,-64
16,-14,-30,-1,24,-22,-53,14,24,102,-69,-65
-15,-25,-10,20,-2,-17,-47,11,19,90,-93,-88
-69,-61,8,65,-38,-27,-43,5,14,78,-108,-108
-53,-72,-19,63,-17,-46,-39,5,12,68,-110,-109
-37,-69,-32,53,-2,-51,-38,-3,6,56,-111,-111
-42,-70,-28,56,-7,-49,-33,-2,8,58,-108,-108
-39,-72,-32,55,-4,-52,-31,-10,-1,44,-112,-112
-40,-68,-28,54,-6,-48,-30,-12,3,48,-112,-112
-45,-78,-33,61,-6,-55,-23,-21,-1,31,-134,-135
-48,-73,-26,61,-10,-49,-20,-14,9,41,-120,-119
-59,-82,-22,71,-19,-52,-7,-2,13,44,-119,-116
-64,-80,-16,72,-24,-48,-9,-8,9,46,-117,-114
-77,-85,-8,81,-35,-46,15,29,18,70,-96,-90
-92,-91,1,91,-46,-44,42,37,7,39,-134,-135
-81,-41,40,61,-60,0,231,360,272,229,-110,-111
129,-47,-175,-41,152,-111,399,773,624,469,18,17
949,466,-483,-707,716,-9,-109,600,1010,1014,916,913
1176,837,-340,-1006,758,248,-627,-160,650,943,1386,1384
362,395,33,-379,165,214,-527,-780,-394,-90,498,495
-5,124,129,-60,-67,126,-296,-518,-412,-238,50,51
-41,19,60,11,-51,39,-111,-121,-67,-15,-23,-19
-91,-44,46,67,-68,1,-29,-42,-28,-20,-115,-114
-82,-59,23,70,-52,-18,-21,-4,-1,12,-96,-105
-122,-104,18,113,-70,-43,-9,-13,-21,-11,-118,-148
-108,-92,16,100,-62,-38,-12,-1,0,12,-106,-124
-104,-94,10,99,-57,-42,-4,0,-9,1,-150,-134
-94,-86,9,90,-51,-38,-2,5,-1,3,-141,-124
-81,-77,4,79,-42,-36,2,11,0,-5,-138,-120
-94,-81,12,87,-53,-34,5,14,2,-11,-138,-126
-96,-76,20,86,-58,-28,7,20,7,-14,-129,-133
-93,-71,23,82,-58,-24,11,20,8,-24,-131,-129
-113,-100,13,106,-63,-43,13,20,12,-22,-123,-119
-95,-98,-3,96,-45,-50,16,21,9,-21,-127,-116
-78,-92,-13,85,-32,-52,11,25,11,-16,-122,-105
-84,-92,-8,88,-38,-50,6,24,9,-14,-120,-112
-77,-82,-5,80,-36,-43,1,27,13,-9,-121,-119
-97,-99,-2,99,-47,-50,-3,30,16,-18,-115,-107
-86,-82,3,84,-44,-39,-7,30,14,-36,-105,-98
-54,-49,5,51,-29,-22,-12,26,14,-35,-95,-88
-57,-40,17,48,-37,-11,-22,19,9,-35,-85,-78
-69,-31,38,49,-53,3,-35,12,11,-35,-72,-72
-65,-18,47,41,-56,14,-44,6,7,-35,-57,-57
-61,-13,48,37,-54,17,-62,-1,-3,-34,-43,-39
-46,12,58,16,-52,35,-89,-28,-11,-42,-30,-27
-22,44,66,-11,-44,55,-107,-52,-20,-54,-20,-18
-5,54,60,-25,-33,57,-123,-75,-28,-51,-11,-7
24,79,55,-52,-16,67,-127,-87,-37,-44,3,4
30,81,52,-56,-11,66,-114,-85,-39,-38,19,19
22,67,45,-45,-12,56,-106,-83,-23,-31,31,32
12,63,51,-38,-20,57,-94,-51,16,-24,26,23
-3,51,54,-24,-29,53,-61,-10,48,-17,13,8
-1,44,45,-22,-23,44,-31,20,65,-13,3,-4
-11,29,40,-9,-26,34,-14,49,85,-7,-12,-17
-29,3,32,13,-31,18,2,61,85,-1,-29,-29
-38,-12,26,25,-32,7,8,59,84,4,-47,-43
-42,-16,26,29,-34,5,24,61,86,1,-51,-45
-46,-21,25,33,-35,1,40,65,84,-5,-49,-46
-50,-27,22,38,-36,-2,39,64,86,-10,-50,-51
-50,-33,17,42,-34,-8,42,68,84,-16,-50,-48
-55,-33,22,44,-38,-5,45,70,86,-22,-50,-56
-59,-29,30,44,-45,0,45,70,84,-24,-46,-66
-50,-27,23,38,-36,-2,44,69,87,-19,-41,-60
-39,-24,15,31,-26,-4,47,72,102,-16,-39,-55
-31,-21,11,26,-21,-5,55,80,106,-13,-34,-52
-20,-20,0,20,-10,-9,56,80,104,-8,-30,-45
-20,-13,7,16,-13,-3,54,80,106,-5,-32,-47
-31,-4,26,17,-28,11,51,80,104,-5,-35,-50
-18,5,24,6,-21,15,50,80,105,-5,-36,-50
-11,8,19,2,-16,14,49,79,113,-5,-33,-54
-19,-2,17,10,-18,7,45,74,109,-6,-40,-55
-20,-9,12,14,-16,2,43,69,98,-15,-52,-55
-27,-18,10,22,-18,-4,40,64,91,-25,-49,-55
-29,-23,6,26,-17,-9,37,60,80,-35,-50,-55
-29,-26,3,27,-15,-12,34,55,75,-45,-50,-55
-22,-23,-1,22,-10,-11,39,52,72,-55,-50,-55
-29,-34,-5,32,-12,-19,40,49,68,-64,-50,-55
-53,-55,-2,54,-25,-28,40,46,65,-64,-50,-57
-55,-55,0,55,-27,-27,40,43,60,-66,-51,-61
-50,-54,-4,53,-23,-29,40,40,63,-63,-49,-59
-49,-56,-7,53,-20,-31,41,41,65,-70,-51,-64
-45,-55,-9,50,-17,-31,45,46,65,-80,-47,-65
-40,-53,-13,47,-13,-32,45,45,69,-83,-54,-64
-28,-44,-15,37,-6,-29,44,50,70,-90,-74,-77
-26,-36,-10,31,-8,-22,55,49,71,-73,-72,-74
-45,-25,21,35,-33,-2,91,60,86,-57,-64,-62
-30,1,32,14,-31,16,136,100,109,-49,-58,-53
-21,4,25,9,-24,14,159,111,111,-41,-50,-44
-34,16,50,9,-43,33,164,110,99,-31,-45,-46
-1,36,37,-18,-19,36,127,101,90,-30,-40,-43
1,30,29,-16,-14,29,55,58,80,-63,-41,-40
8,16,8,-12,0,12,7,34,72,-76,-39,-40
35,-28,-63,-3,49,-45,-6,25,66,-80,-41,-43
14,-51,-66,19,40,-58,1,12,59,-102,-39,-46
-2,-51,-50,27,24,-51,8,3,53,-119,-42,-44
-1,-47,-45,24,22,-46,14,-4,46,-116,-57,-47
-21,-63,-42,42,11,-52,22,-8,42,-109,-61,-69
-42,-89,-48,66,3,-68,25,-15,35,-132,-78,-88
-44,-86,-43,66,0,-64,25,-19,33,-140,-93,-95
-36,-83,-47,60,6,-65,25,-25,25,-141,-105,-112
-35,-78,-43,57,4,-60,24,-20,25,-138,-103,-107
-61,-105,-44,83,-8,-74,27,-20,17,-141,-107,-108
-62,-100,-38,81,-12,-69,34,-21,21,-148,-98,-101
-56,-96,-40,77,-8,-68,36,-18,20,-150,-101,-100
-52,-94,-42,73,-5,-68,33,-24,17,-153,-101,-101
-47,-83,-36,65,-6,-59,37,-12,27,-143,-87,-87
-45,-93,-48,69,2,-70,34,-19,8,-161,-99,-101
-43,-62,-19,53,-12,-40,37,7,50,-133,-63,-67
-67,-105,-37,86,-14,-71,52,4,20,-153,-116,-117
-76,-37,39,57,-57,1,197,214,172,-38,-98,-98
14,-45,-59,16,36,-52,440,660,507,158,-55,-58
722,279,-443,-500,582,-82,99,644,878,612,611,603
1249,839,-411,-1044,830,214,-541,-21,792,824,1386,1379
605,531,-74,-568,339,228,-575,-736,-204,-92,726,719
54,155,100,-105,-23,127,-316,-651,-499,-502,98,89
-17,49,65,-16,-41,57,-113,-196,-120,-253,23,17
-73,-40,33,56,-53,-3,0,-69,-56,-247,-101,-106
-79,-47,32,63,-56,-7,21,-34,-5,-198,-85,-93
-97,-86,11,91,-54,-37,51,-26,-12,-215,-124,-134
-82,-65,17,73,-50,-23,55,-23,-5,-204,-114,-125
-106,-109,-3,108,-51,-56,55,-14,0,-201,-125,-128
-105,-120,-15,113,-44,-67,55,-12,0,-203,-134,-127
-81,-110,-29,95,-25,-69,54,-3,9,-193,-126,-122
-76,-115,-39,96,-19,-76,56,-2,1,-198,-134,-129
-77,-107,-30,92,-24,-68,51,1,8,-192,-127,-121
-89,-112,-22,101,-33,-67,49,-1,3,-197,-132,-128
-87,-101,-14,94,-37,-57,46,0,6,-194,-125,-123
-89,-97,-8,93,-40,-52,43,0,4,-195,-123,-126
-85,-89,-4,87,-40,-46,40,2,7,-190,-119,-125
-80,-83,-3,81,-38,-43,39,7,14,-185,-115,-125
-78,-76,2,77,-40,-36,33,10,18,-181,-112,-126
-75,-73,3,73,-39,-34,27,13,24,-176,-108,-122
-74,-66,8,69,-41,-29,23,17,30,-171,-103,-117
-77,-65,12,71,-44,-26,16,21,34,-172,-96,-111
-49,-21,28,34,-38,3,13,13,31,-175,-89,-105
-69,2,71,33,-70,36,-2,3,26,-175,-83,-100
-108,-31,77,69,-93,23,-20,-5,24,-179,-74,-88
-65,4,69,31,-67,36,-34,-15,19,-180,-59,-68
-53,18,71,18,-63,44,-57,-24,16,-180,-37,-47
-49,14,63,17,-57,39,-76,-47,13,-180,-21,-32
-28,39,68,-6,-48,53,-96,-75,7,-182,-14,-24
-14,58,72,-22,-43,65,-110,-95,4,-180,-7,-15
20,83,63,-51,-22,73,-105,-92,-2,-173,-1,-7
26,76,50,-51,-12,63,-100,-87,-5,-169,6,-1
23,63,40,-43,-9,51,-93,-83,11,-159,9,6
20,53,33,-37,-7,43,-62,-50,36,-133,-5,-6
4,33,29,-18,-13,31,-26,-16,63,-119,-19,-20
-12,13,24,-1,-18,18,1,2,78,-121,-30,-32
-26,-6,20,16,-23,7,14,14,81,-118,-40,-49
-36,-20,15,27,-25,-2,19,17,84,-115,-42,-45
-33,-22,11,27,-22,-5,26,23,87,-115,-51,-64
-24,-19,5,21,-14,-7,32,29,95,-112,-56,-78
-20,-21,0,21,-10,-10,39,33,93,-109,-51,-69
-12,-19,-7,16,-3,-13,40,37,88,-110,-50,-69
-13,-21,-8,17,-2,-14,40,31,87,-110,-45,-63
-31,-16,15,24,-23,-1,40,44,80,-110,-46,-60
-36,-1,35,19,-36,17,40,57,81,-109,-55,-56
-22,12,34,5,-29,23,39,55,79,-105,-53,-55
-15,21,36,-4,-25,28,35,54,83,-99,-49,-55
-30,9,39,10,-35,24,35,54,95,-96,-46,-50
-36,4,40,16,-38,22,35,65,95,-91,-41,-50
-48,-9,39,28,-43,15,35,63,94,-85,-41,-51
-56,-23,33,39,-44,5,35,58,91,-88,-45,-55
-31,-1,30,16,-31,15,31,56,90,-89,-45,-55
-47,-23,24,34,-35,1,30,51,89,-99,-47,-55
-66,-45,21,55,-44,-12,30,49,84,-111,-51,-55
-52,-38,15,45,-33,-11,30,44,81,-112,-49,-55
-48,-41,7,44,-28,-17,31,39,78,-115,-54,-59
-55,-35,20,45,-37,-7,29,35,73,-122,-56,-62
-43,-35,9,39,-25,-13,25,30,70,-133,-54,-66
-27,-37,-10,32,-8,-23,25,25,66,-139,-65,-74
-27,-40,-13,34,-7,-26,25,22,65,-141,-71,-75
-21,-40,-19,31,-1,-30,25,19,65,-150,-69,-75
-20,-42,-22,31,1,-32,25,16,61,-165,-70,-80
-18,-46,-28,32,6,-37,28,13,60,-165,-70,-80
-15,-45,-29,30,7,-37,31,10,59,-165,-70,-80
-18,-41,-23,30,2,-31,29,9,54,-165,-67,-80
-12,-30,-17,21,3,-23,30,11,56,-165,-62,-79
-8,-20,-12,14,2,-16,30,8,54,-162,-59,-86
-12,-10,3,11,-7,-3,44,27,62,-153,-56,-82
-21,18,39,1,-30,28,101,74,103,-142,-51,-65
-29,32,61,-2,-45,46,137,96,122,-133,-51,-60
-25,24,49,0,-37,36,145,104,127,-134,-55,-60
-14,21,35,-4,-24,27,137,108,134,-134,-55,-60
-9,14,23,-3,-16,18,71,71,108,-141,-55,-60
-2,9,11,-4,-6,10,13,23,74,-154,-56,-60
14,2,-12,-8,12,-4,-7,5,59,-175,-55,-62
45,-17,-62,-14,54,-39,-21,2,55,-193,-55,-65
36,-36,-72,0,55,-54,-21,-6,47,-209,-55,-68
-3,-44,-42,23,20,-43,-12,-12,40,-221,-54,-69
-9,-48,-39,28,15,-43,-4,-18,34,-219,-66,-75
-22,-63,-41,43,10,-52,1,-24,25,-219,-79,-82
-30,-72,-41,51,6,-56,4,-23,27,-227,-84,-90
-31,-78,-47,55,8,-62,8,-29,23,-244,-94,-104
-28,-72,-44,51,9,-58,11,-28,24,-236,-86,-97
-40,-82,-42,61,1,-62,16,-32,17,-243,-94,-104
-39,-79,-40,59,1,-59,18,-34,24,-237,-87,-97
-41,-80,-39,61,-1,-59,22,-34,25,-241,-91,-102
-41,-78,-38,60,-1,-58,19,-37,24,-239,-96,-101
-36,-68,-32,53,-2,-50,22,-29,31,-223,-97,-103
-46,-85,-39,66,-4,-61,20,-44,15,-242,-112,-116
-25,-50,-24,38,0,-37,20,-14,42,-200,-69,-73
-73,-97,-24,85,-24,-61,38,-26,4,-247,-110,-111
-75,-41,34,58,-54,-3,162,170,162,-110,-32,-15
-30,-68,-39,49,5,-53,414,588,450,49,-18,-18
671,245,-426,-458,548,-90,126,646,845,493,571,558
1293,788,-505,-1040,898,141,-524,27,792,736,1366,1357
738,595,-143,-667,440,226,-615,-682,-62,-7,925,914
