I,II,III,aVR,aVL,aVF,V1,V2,V3,V4,V5,V6
62,153,91,-108,-15,122,29,-37,-34,-1,39,38
35,125,90,-80,-28,107,24,-59,-60,-20,21,42
5,66,61,-36,-29,63,21,-89,-114,-50,-11,5
-33,4,37,14,-35,21,14,-96,-123,-75,-38,-21
-56,-15,41,36,-48,13,22,-99,-130,-94,-68,-36
-65,-23,42,44,-53,9,44,-120,-151,-109,-95,-63
-98,-53,45,75,-72,-4,64,-111,-151,-114,-98,-75
-93,-46,46,69,-69,0,55,-111,-143,-100,-96,-73
-91,-43,49,67,-70,3,66,-109,-152,-117,-104,-78
-97,-44,53,71,-75,4,61,-101,-133,-89,-80,-71
-89,-45,44,67,-66,-1,68,-110,-154,-121,-91,-80
-94,-43,51,68,-73,5,63,-80,-122,-80,-62,-68
-101,-66,35,83,-67,-16,51,-78,-131,-95,-75,-55
-73,13,86,30,-79,49,134,118,66,12,-31,-21
38,168,130,-103,-46,148,-91,-73,-2,180,135,95
382,264,-118,-323,250,73,-563,-495,-290,580,578,431
852,285,-567,-568,709,-141,-981,-538,10,1524,1237,853
744,-10,-754,-367,749,-382,-1166,-1288,-938,497,671,633
297,-126,-423,-86,360,-274,-1058,-1832,-2001,-1069,-331,118
59,-1,-60,-29,60,-31,-863,-1349,-1485,-936,-456,-79
-34,-9,25,21,-30,8,-469,-777,-908,-667,-382,-106
-45,-10,35,27,-40,12,-120,-312,-449,-360,-247,-83
-106,-67,39,87,-72,-14,67,-68,-182,-185,-163,-94
-121,-80,41,101,-81,-19,165,42,-70,-136,-142,-89
-130,-75,55,102,-92,-10,178,86,-16,-80,-136,-95
-147,-89,59,118,-103,-15,220,120,-8,-70,-140,-114
-115,-65,50,90,-83,-7,225,150,55,-26,-99,-107
-96,-51,46,73,-71,-2,240,158,64,-51,-105,-121
-58,-17,41,37,-49,11,255,195,98,-25,-93,-98
-61,-27,34,44,-47,3,257,225,130,15,-49,-46
-74,-31,44,52,-59,6,281,272,172,39,-40,-64
-70,-31,39,50,-54,4,294,320,224,55,-32,-74
-71,-38,33,54,-52,-3,324,388,301,91,-24,-64
-22,-6,16,13,-18,5,348,472,392,148,-8,-66
-28,-16,12,21,-20,-2,363,567,480,200,14,-58
-17,39,57,-11,-37,48,387,665,591,253,32,-47
39,70,31,-55,4,50,388,755,703,358,126,8
30,52,22,-41,4,37,383,803,779,424,174,46
60,116,56,-88,2,86,372,811,810,470,191,67
92,147,55,-120,18,101,328,789,801,504,244,92
80,144,64,-112,8,103,273,710,742,482,253,100
84,147,63,-116,10,105,220,600,627,446,241,119
90,152,61,-121,14,106,172,446,453,347,201,114
75,131,55,-103,10,93,126,297,286,245,180,97
31,90,59,-61,-14,75,86,179,142,139,131,56
-22,50,72,-14,-47,61,73,92,41,38,46,9
-44,25,68,9,-56,46,71,53,7,4,17,-5
-54,13,66,20,-60,39,67,22,-29,-37,3,-22
-94,-31,63,62,-78,16,64,7,-71,-74,-13,-32
-117,-57,60,87,-89,1,59,1,-91,-76,-21,-30
-95,-37,59,66,-77,11,65,-7,-90,-63,-22,-31
-76,-22,54,48,-65,16,75,-13,-90,-58,-17,-28
-71,-15,56,43,-63,20,75,-22,-88,-90,-32,-37
-43,10,52,16,-47,31,68,-23,-81,-109,-46,-61
-36,14,50,11,-43,32,65,-20,-77,-109,-40,-68
-50,0,50,25,-50,25,59,-20,-70,-116,-35,-67
-58,-12,47,35,-52,17,56,-20,-65,-109,-31,-65
-91,-47,44,69,-67,-2,57,-20,-60,-97,-26,-61
-95,-54,41,74,-68,-6,63,-20,-56,-85,-25,-59
-82,-43,38,62,-60,-2,82,-16,-54,-80,-26,-56
-81,-46,35,63,-58,-6,86,-15,-50,-78,-24,-54
-80,-44,36,62,-57,-4,85,-16,-48,-74,-27,-50
-87,-45,42,66,-64,-1,90,-15,-44,-72,-34,-45
-91,-46,45,68,-68,-1,90,-16,-50,-70,-26,-42
-85,-35,50,60,-67,7,89,-13,-58,-66,-15,-37
-54,4,58,25,-56,31,85,-8,-54,-57,-5,-28
-38,37,75,0,-56,56,86,-5,-51,-49,20,-18
-45,45,90,0,-68,67,80,0,-46,-41,40,-7
-7,84,91,-38,-49,87,66,2,-45,-34,38,16
41,127,86,-84,-22,106,55,8,-38,-36,46,51
44,119,75,-82,-15,97,24,-21,-47,-33,44,46
30,75,45,-53,-7,60,-1,-50,-88,-48,16,18
23,33,10,-28,6,21,7,-50,-115,-88,3,8
-7,-7,0,7,-3,-4,27,-50,-123,-108,-13,-3
-55,-60,-5,58,-25,-32,49,-43,-116,-99,-35,-12
-74,-88,-14,81,-30,-51,65,-50,-125,-122,-65,-39
-60,-77,-18,69,-21,-47,63,-55,-114,-108,-57,-49
-70,-96,-26,83,-21,-61,74,-66,-126,-120,-57,-50
-83,-102,-19,93,-32,-60,98,-53,-121,-114,-57,-51
-79,-97,-18,88,-30,-58,81,-63,-131,-109,-43,-41
-80,-94,-14,87,-32,-54,100,-47,-126,-129,-64,-52
-67,-76,-9,72,-29,-42,78,-62,-98,-72,-31,-34
-83,-87,-4,85,-39,-46,107,18,-49,-114,-63,-53
-39,39,78,-1,-58,59,96,127,131,74,46,11
128,136,9,-132,59,72,-250,-312,-202,213,288,220
540,237,-303,-388,421,-33,-650,-528,-182,1091,1062,729
773,142,-631,-457,702,-244,-967,-806,-317,1426,1399,993
434,-121,-555,-156,495,-337,-1016,-1569,-1604,-420,243,458
151,18,-132,-84,141,-57,-890,-1580,-1799,-1157,-380,82
49,84,36,-67,6,59,-685,-1073,-1144,-797,-339,-2
-30,9,39,11,-35,24,-316,-576,-672,-596,-304,-68
-86,-47,39,66,-62,-4,-51,-198,-246,-245,-142,-49
-120,-97,23,108,-71,-36,95,-32,-70,-167,-115,-54
-92,-70,21,81,-56,-24,146,58,19,-83,-69,-41
-95,-80,16,87,-55,-32,160,91,53,-57,-67,-35
-102,-64,38,83,-70,-12,179,122,99,-38,-58,-42
-95,-65,31,80,-63,-17,180,139,116,-18,-46,-47
-76,-57,19,66,-47,-19,191,165,146,-11,-19,-18
-70,-64,6,67,-38,-29,204,193,193,29,7,-15
-70,-73,-3,71,-33,-38,212,223,220,42,6,-16
-40,-37,3,38,-21,-17,225,270,272,73,22,-5
-26,-20,6,23,-16,-7,253,325,333,109,23,-3
-33,-23,10,28,-22,-6,275,395,413,154,36,5
-37,-36,1,36,-19,-17,303,480,513,214,61,11
-1,-12,-11,7,5,-11,342,568,617,283,97,35
35,12,-23,-23,28,-5,380,671,736,369,147,63
70,42,-28,-56,49,7,391,753,835,448,190,98
103,83,-20,-93,61,31,380,787,886,505,227,121
101,87,-14,-94,58,36,360,781,897,532,261,150
122,115,-7,-118,65,53,321,728,865,533,294,175
134,133,-1,-133,67,66,269,633,768,508,294,166
123,129,6,-126,58,67,197,470,583,421,246,156
112,125,12,-119,50,68,137,310,404,327,200,148
82,101,18,-92,32,59,90,181,246,221,159,137
35,65,31,-50,2,48,54,68,109,104,97,95
-8,34,42,-13,-25,37,47,24,31,42,47,58
-14,28,41,-7,-28,34,42,-16,-28,0,18,51
-19,19,38,0,-28,28,39,-67,-59,-38,3,37
-34,2,36,15,-35,19,34,-77,-71,-46,-9,25
-30,1,32,14,-31,17,30,-72,-87,-55,-24,17
-50,-19,31,34,-40,6,35,-68,-96,-62,-28,14
-56,-27,29,42,-42,0,35,-82,-103,-59,-21,12
-51,-18,33,35,-42,7,35,-100,-113,-72,-23,8
-63,-20,43,42,-53,11,35,-91,-106,-89,-44,6
-48,-10,39,29,-43,14,34,-82,-94,-91,-51,3
-45,-15,30,30,-37,7,39,-75,-86,-87,-44,0
-16,8,24,4,-20,16,40,-68,-79,-85,-44,-3
4,19,15,-12,-5,17,40,-65,-76,-81,-38,-8
-20,-7,14,13,-17,3,37,-59,-73,-74,-35,-8
-30,11,42,9,-36,26,35,-56,-69,-68,-43,-24
-49,11,60,19,-55,36,35,-50,-65,-61,-40,-34
-55,5,61,25,-58,33,32,-47,-74,-54,-32,-18
-49,10,59,19,-54,34,29,-45,-71,-48,-26,-4
-25,42,66,-9,-46,54,27,-44,-64,-41,-18,17
-2,89,91,-44,-47,90,23,-46,-66,-41,-8,34
2,92,90,-47,-44,91,21,-41,-63,-39,2,38
49,126,78,-88,-15,102,18,-54,-66,-36,15,43
91,163,71,-127,10,117,-23,-60,-62,-33,43,43
70,131,60,-101,5,95,-48,-74,-72,-40,23,21
34,83,49,-59,-7,65,-34,-95,-103,-76,-19,-3
1,32,31,-17,-15,31,-32,-96,-120,-109,-33,-12
-17,2,19,8,-18,10,-11,-93,-121,-121,-54,-29
-31,-22,9,26,-19,-6,5,-91,-117,-112,-63,-47
-76,-79,-4,78,-36,-41,24,-91,-127,-131,-86,-56
-86,-90,-3,88,-42,-46,32,-86,-119,-127,-96,-55
-70,-92,-22,81,-24,-57,29,-90,-128,-141,-110,-66
-55,-87,-31,71,-12,-59,33,-72,-107,-123,-102,-69
-51,-86,-35,69,-8,-60,24,-97,-117,-126,-120,-90
-70,-86,-16,78,-26,-51,40,-83,-98,-129,-121,-93
-52,-75,-23,64,-14,-49,12,-80,-102,-96,-71,-56
-51,-68,-16,59,-17,-42,97,37,-19,-101,-86,-63
-14,51,65,-19,-39,58,29,61,119,84,40,21
219,194,-24,-207,121,85,-422,-340,-189,266,312,253
661,313,-349,-487,505,-18,-870,-375,98,1304,1107,727
800,77,-723,-438,761,-323,-1115,-737,-215,1302,1178,805
454,-171,-625,-141,540,-397,-1092,-1530,-1598,-579,26,285
159,-64,-223,-48,192,-143,-960,-1436,-1589,-1028,-395,18
10,-68,-77,29,44,-72,-630,-918,-995,-743,-389,-85
-26,-64,-39,45,7,-51,-249,-458,-571,-539,-345,-141
-52,-87,-35,70,-8,-61,-31,-148,-206,-265,-205,-140
-100,-134,-34,117,-33,-84,100,-29,-89,-220,-202,-163
-100,-127,-27,114,-36,-77,111,45,13,-113,-151,-148
-104,-133,-29,119,-37,-81,160,78,31,-115,-152,-153
-71,-93,-22,83,-24,-57,175,105,71,-83,-136,-146
-61,-83,-22,72,-19,-52,165,134,97,-79,-133,-145
-80,-99,-18,90,-31,-58,175,161,123,-65,-127,-143
-91,-105,-13,99,-39,-59,165,177,151,-40,-117,-139
-67,-90,-23,79,-22,-56,192,218,188,-26,-116,-138
-39,-80,-41,60,1,-61,209,266,244,6,-98,-133
-35,-74,-40,55,3,-57,236,317,300,20,-89,-131
-28,-68,-40,48,6,-54,272,392,386,65,-67,-129
-17,-57,-40,37,12,-49,310,479,481,125,-42,-119
1,-39,-40,19,21,-39,350,566,588,188,-13,-95
21,-17,-38,-2,30,-27,377,654,697,261,23,-69
39,10,-29,-24,33,-9,387,718,783,329,66,-48
57,36,-21,-46,38,8,358,741,824,387,110,-25
95,80,-15,-87,55,32,322,728,819,409,133,-2
100,87,-13,-93,56,36,291,660,777,387,161,27
96,85,-10,-90,53,37,233,556,683,378,185,61
101,94,-7,-97,54,43,151,401,520,316,159,54
69,64,-5,-66,37,29,82,233,328,194,99,22
39,36,-2,-37,20,17,44,114,182,104,43,-8
-8,-8,0,8,-4,-4,26,35,79,26,-9,-48
-48,-46,1,47,-24,-22,13,-19,1,-41,-46,-72
-49,-44,5,46,-27,-20,4,-65,-44,-80,-64,-90
-47,-42,5,44,-26,-18,0,-84,-74,-102,-85,-109
-38,-39,-1,39,-19,-20,-5,-95,-97,-107,-105,-117
-30,-35,-5,33,-12,-20,-8,-103,-107,-129,-120,-136
-31,-36,-5,34,-13,-20,-14,-95,-107,-132,-130,-146
-35,-40,-5,38,-15,-22,-13,-95,-113,-134,-130,-143
-32,-38,-5,36,-13,-21,-8,-91,-119,-156,-130,-147
-25,-30,-5,28,-10,-17,-5,-89,-115,-155,-130,-149
-22,-28,-5,26,-8,-16,-2,-94,-107,-154,-130,-151
-13,-17,-5,16,-4,-11,3,-93,-101,-151,-128,-146
-14,-20,-6,18,-4,-13,5,-88,-94,-150,-122,-134
-44,-47,-3,46,-21,-25,0,-83,-88,-149,-117,-133
-51,-49,2,50,-26,-23,-5,-77,-85,-144,-114,-138
-47,-39,8,43,-27,-16,-9,-71,-85,-146,-109,-141
-51,-40,12,45,-31,-14,-14,-74,-86,-145,-104,-144
-46,-31,16,38,-31,-7,-19,-86,-85,-145,-115,-149
-52,-30,22,41,-37,-4,-18,-91,-86,-145,-122,-151
-43,-22,21,32,-31,-1,-14,-89,-88,-142,-118,-150
-37,-15,22,26,-29,3,-16,-98,-92,-139,-116,-149
-50,-34,16,42,-33,-9,-15,-102,-102,-140,-112,-144
-50,-8,42,28,-46,17,-14,-93,-99,-135,-110,-146
-49,30,80,10,-65,54,-15,-88,-95,-136,-108,-143
-36,46,82,-5,-59,64,-25,-80,-89,-133,-98,-134
-13,71,85,-29,-49,78,-42,-73,-85,-119,-86,-128
10,80,70,-45,-31,75,-19,-71,-75,-109,-79,-120
5,68,64,-37,-30,66,-46,-77,-52,-86,-61,-116
12,57,44,-34,-17,50,-108,-105,-88,-116,-70,-113
10,31,22,-21,-6,26,-98,-121,-127,-157,-111,-125
-11,-44,-33,28,11,-38,-82,-121,-133,-162,-131,-145
-45,-70,-24,58,-10,-47,-73,-115,-127,-161,-130,-147
-103,-60,43,82,-73,-9,-66,-117,-146,-194,-153,-165
-117,-92,25,104,-71,-33,-55,-113,-146,-198,-168,-187
-116,-112,4,114,-60,-54,-53,-112,-148,-191,-173,-197
-127,-111,16,119,-71,-48,-38,-100,-140,-185,-161,-175
-179,-106,73,142,-126,-16,-44,-91,-102,-141,-117,-140
-128,-109,18,119,-73,-45,-32,-103,-154,-204,-164,-176
-146,-99,47,122,-96,-26,-35,-66,-111,-146,-153,-174
-163,-104,59,133,-110,-22,-29,-29,-104,-186,-179,-191
-36,3,39,17,-38,21,30,125,89,-37,-77,-119
49,150,101,-99,-26,125,-292,-114,-40,120,117,56
478,254,-224,-366,350,15,-808,-408,-110,708,645,405
845,165,-680,-505,762,-258,-1147,-458,174,1517,1203,749
582,-144,-726,-219,654,-435,-1241,-1256,-1061,93,361,368
238,-129,-367,-54,303,-248,-1145,-1653,-1853,-1135,-443,-37
59,-66,-125,3,92,-96,-899,-1148,-1243,-859,-441,-111
-23,-106,-83,65,30,-95,-475,-650,-788,-686,-409,-180
-99,-79,20,89,-59,-29,-161,-242,-344,-367,-256,-154
-193,-97,96,145,-144,-1,24,-27,-129,-226,-212,-163
-140,-86,53,113,-97,-16,77,60,-36,-154,-167,-155
-141,-88,53,114,-97,-17,90,102,11,-125,-153,-150
-150,-74,76,112,-113,1,137,145,32,-114,-153,-152
-135,-61,74,98,-104,6,137,172,81,-70,-135,-147
-175,-56,119,115,-147,32,155,178,87,-84,-140,-152
-124,-49,75,86,-99,13,152,193,121,-52,-125,-162
-114,-46,68,80,-91,11,162,235,164,-27,-127,-157
-151,-41,110,96,-131,35,194,284,213,-14,-115,-136
-108,-37,71,72,-89,17,199,330,267,18,-82,-127
-85,-29,56,57,-70,13,224,395,331,55,-54,-110
-125,-43,82,84,-103,19,263,478,428,99,-40,-120
-123,-50,74,86,-98,12,311,577,532,160,-6,-107
-65,-22,43,44,-54,10,334,651,620,207,24,-71
-40,13,53,13,-47,33,348,743,731,294,68,-47
-36,54,90,-9,-63,72,376,804,807,374,129,-4
57,105,47,-81,5,76,334,785,807,398,145,36
85,114,28,-100,28,71,285,744,779,408,160,62
60,130,70,-95,-6,100,240,673,719,395,167,79
75,141,66,-108,5,103,162,530,587,343,146,75
54,119,65,-87,-6,92,95,346,407,257,131,65
43,105,61,-74,-9,83,41,205,252,175,103,55
5,64,59,-34,-28,61,18,99,126,97,50,44
-14,42,56,-15,-35,49,14,14,28,25,4,19
-20,35,54,-8,-37,44,7,-29,-26,-7,-28,-10
-42,23,66,9,-54,44,4,-61,-64,-39,-54,-21
-56,22,78,17,-67,50,-9,-96,-98,-75,-75,-47
-86,8,94,38,-90,51,-17,-96,-107,-85,-87,-60
-72,-2,71,37,-71,34,-12,-89,-104,-83,-77,-36
-80,-27,54,53,-67,13,-10,-107,-105,-79,-60,-29
-94,-40,54,67,-74,7,-6,-110,-105,-76,-54,-24
-73,-24,50,48,-61,13,-5,-101,-105,-72,-56,-21
-77,-29,48,53,-62,9,-5,-97,-101,-68,-52,-19
-72,-28,44,50,-58,8,-5,-90,-94,-64,-50,-25
-68,-19,49,43,-59,15,-5,-85,-88,-58,-49,-37
-79,-20,59,49,-69,19,-5,-79,-81,-55,-57,-33
-84,-9,75,46,-79,33,-5,-74,-75,-50,-68,-30
-94,-17,77,55,-86,29,-6,-70,-69,-44,-64,-28
-101,-28,74,64,-87,23,-12,-68,-65,-53,-65,-21
-79,-3,76,41,-78,36,-18,-65,-66,-61,-65,-14
-65,9,74,27,-70,41,-24,-62,-64,-60,-65,-7
-72,4,76,34,-74,40,-22,-59,-74,-60,-66,-1
-81,-9,72,45,-76,31,-19,-64,-87,-61,-55,6
-87,-18,69,52,-77,25,-16,-72,-83,-62,-43,9
-72,-10,62,41,-67,25,-14,-75,-80,-54,-35,13
-62,0,63,31,-63,31,-9,-78,-78,-51,-30,13
-66,14,81,26,-74,47,-11,-80,-74,-44,-22,19
-53,51,103,1,-78,77,-16,-84,-73,-39,-17,17
-29,98,127,-35,-78,112,-13,-84,-62,-33,-7,27
-18,100,118,-41,-68,109,-18,-82,-57,-28,0,33
-1,101,102,-50,-52,102,-9,-71,-46,-25,8,34
8,107,99,-58,-46,103,-49,-74,-42,-17,33,66
4,69,65,-37,-31,67,-97,-114,-82,-48,-6,42
-3,34,37,-16,-21,35,-82,-128,-119,-82,-57,9
-63,-23,41,43,-52,9,-67,-123,-128,-97,-60,11
-86,-46,40,66,-63,-2,-50,-139,-126,-97,-69,10
-86,-47,38,66,-62,-4,-26,-149,-136,-106,-72,4
-126,-91,35,108,-81,-28,-9,-140,-122,-82,-47,7
-137,-103,34,120,-85,-34,-1,-151,-138,-99,-65,2
-116,-82,34,99,-75,-24,5,-138,-123,-76,-61,-3
-103,-76,27,90,-65,-24,1,-152,-131,-81,-61,-10
-101,-67,34,84,-67,-16,17,-146,-119,-99,-59,-21
-65,-47,18,56,-42,-14,4,-155,-105,-70,-41,-9
-69,-26,42,47,-56,8,76,-59,-39,-94,-59,-23
-9,97,105,-44,-58,101,4,27,156,144,100,78
244,219,-25,-232,134,97,-447,-354,-124,329,355,318
715,271,-444,-492,579,-87,-922,-394,162,1269,1043,709
878,46,-832,-462,855,-393,-1192,-744,-91,1250,1050,750
488,-193,-682,-147,585,-437,-1186,-1681,-1605,-580,-31,253
181,-90,-271,-45,226,-180,-1046,-1601,-1664,-1000,-395,27
5,-78,-83,37,45,-80,-695,-1022,-1022,-703,-351,-15
-54,-89,-35,72,-10,-62,-278,-566,-600,-485,-263,-65
-61,-70,-10,66,-25,-40,-46,-219,-221,-195,-127,-51
-134,-82,52,108,-93,-15,71,-82,-89,-150,-127,-56
-138,-69,69,103,-103,0,110,-2,18,-64,-82,-42
-130,-77,53,103,-91,-11,158,39,20,-62,-82,-42
-124,-67,57,95,-90,-5,159,83,58,-17,-58,-34
-118,-72,47,95,-82,-12,167,113,78,-5,-51,-31
-111,-66,46,88,-78,-10,202,156,116,20,-41,-30
-99,-59,40,79,-70,-9,224,187,154,51,-31,-30
-94,-56,38,75,-66,-8,235,216,177,47,-25,-30
-101,-48,53,75,-77,3,243,277,240,64,-9,-30
-111,-44,67,77,-89,11,273,340,296,94,3,-27
-95,-39,57,67,-76,9,297,408,369,128,16,-11
-86,-30,56,57,-71,13,334,496,455,174,27,0
-71,-21,49,46,-60,14,384,596,565,248,79,29
-48,-2,46,24,-47,22,406,693,672,305,116,55
-41,19,61,10,-51,40,413,789,757,377,152,84
15,53,38,-34,-12,45,409,834,819,449,214,129
58,95,36,-77,11,65,384,819,821,468,237,145
71,111,40,-91,15,75,343,776,781,461,234,143
108,144,36,-126,36,90,280,676,688,425,222,136
99,153,55,-127,22,104,202,529,542,379,213,126
64,120,56,-92,4,88,137,375,376,306,197,121
40,94,54,-67,-7,74,94,232,214,201,144,108
23,80,57,-52,-17,68,72,133,96,121,84,70
3,71,68,-37,-33,69,65,76,21,57,38,48
-40,24,64,8,-52,44,57,34,-24,25,19,51
-49,2,51,23,-50,27,48,11,-52,14,18,48
-53,-10,43,31,-48,16,45,0,-55,-1,14,45
-85,-51,34,67,-59,-8,45,-4,-56,-10,11,45
-82,-46,36,64,-59,-5,45,-6,-74,-25,8,43
-76,-43,33,59,-54,-5,45,-11,-76,-33,3,32
-66,-36,30,51,-48,-2,45,-14,-75,-30,0,24
-72,-43,29,58,-50,-7,45,-18,-76,-30,-4,15
-98,-62,36,80,-67,-12,40,-22,-75,-30,-8,5
-89,-43,46,66,-67,1,40,-27,-74,-30,-11,0
-80,-33,47,57,-64,7,32,-30,-66,-30,-14,0
-79,-28,51,54,-65,11,43,-30,-58,-27,-15,0
-74,-25,50,49,-61,12,60,-30,-58,-25,-15,0
-73,-22,50,48,-61,14,52,-30,-61,-25,-15,0
-66,-17,50,41,-58,16,46,-30,-60,-25,-15,-3
-66,-15,51,41,-58,18,39,-30,-65,-25,-13,-5
-65,-10,55,37,-60,22,32,-32,-65,-27,-9,-9
-66,-10,56,37,-61,23,28,-37,-66,-30,-7,-10
-71,-8,63,39,-67,28,22,-40,-75,-35,-4,-5
-67,-2,66,34,-66,32,18,-45,-77,-39,-1,-5
-82,-18,64,50,-73,23,13,-49,-69,-33,1,-4
-100,-29,71,65,-85,21,9,-53,-63,-25,6,0
-102,-33,69,68,-86,18,4,-52,-56,-20,14,-1
-74,-3,71,38,-73,34,22,-50,-49,-12,21,5
-27,53,81,-13,-54,67,43,-48,-44,-7,23,29
-10,72,82,-31,-47,77,59,-44,-29,-1,43,54
-5,94,99,-45,-52,96,66,-45,-16,7,54,65
19,105,85,-62,-33,95,68,-49,-4,10,58,73
68,122,54,-95,7,87,54,-53,2,27,71,71
71,128,57,-100,7,92,4,-58,-35,10,53,59
51,60,8,-55,21,34,-2,-76,-76,-36,40,51
51,4,-47,-27,49,-22,23,-83,-93,-56,22,39
22,-5,-27,-8,25,-16,29,-77,-91,-49,17,33
-29,-42,-13,36,-8,-28,51,-80,-103,-64,14,23
-47,-56,-9,52,-19,-32,59,-71,-97,-61,8,13
-43,-47,-4,46,-20,-25,49,-78,-102,-69,-1,5
-48,-46,2,47,-25,-21,71,-67,-108,-89,-18,-14
-42,-34,8,38,-24,-13,72,-67,-99,-56,-13,-12
-46,-38,8,42,-27,-15,85,-62,-111,-90,-50,-17
-18,-19,-1,19,-8,-10,58,-53,-62,-32,-4,16
-27,-36,-9,32,-9,-22,82,-13,-57,-67,-24,8
10,47,37,-29,-14,42,109,155,153,116,86,78
178,175,-3,-176,90,86,-222,-152,-29,254,278,231
554,239,-315,-396,435,-38,-713,-397,-68,823,754,535
944,155,-789,-549,866,-317,-1081,-479,173,1511,1225,830
714,-131,-844,-291,779,-487,-1159,-1385,-1140,-4,330,416
297,-118,-415,-90,356,-266,-1057,-1745,-1869,-1109,-402,30
102,-17,-119,-42,111,-67,-812,-1191,-1217,-790,-326,-1
-13,-50,-37,32,12,-43,-391,-674,-754,-627,-323,-70
-38,-41,-3,39,-17,-22,-82,-250,-316,-291,-163,-37
-72,-71,1,71,-36,-35,90,-49,-106,-179,-89,-37
-88,-73,14,80,-50,-29,145,36,-13,-110,-59,-36
-105,-76,29,90,-66,-23,175,86,36,-69,-54,-31
-105,-76,29,90,-66,-23,197,121,67,-58,-59,-33
-95,-73,22,84,-58,-26,203,146,98,-27,-43,-27
-95,-78,18,86,-56,-30,221,169,123,-39,-52,-30
-77,-66,12,71,-44,-27,205,199,160,-15,-37,-51
-61,-56,5,58,-33,-25,222,222,175,-25,-46,-60
-49,-36,13,42,-31,-11,238,263,227,0,-32,-48
-61,-45,16,53,-38,-14,262,325,282,46,0,-39
-46,-41,5,43,-25,-17,304,398,356,87,16,-18
-9,-11,-2,10,-3,-6,332,476,442,132,36,-7
-6,-17,-11,12,3,-14,373,579,546,175,56,2
23,1,-22,-12,22,-10,399,679,649,239,86,18
73,38,-35,-55,53,2,411,765,748,304,122,38
107,70,-37,-88,71,16,407,809,824,361,158,68
136,105,-31,-120,83,37,387,808,837,403,194,100
151,123,-28,-137,89,47,350,783,818,408,212,109
150,127,-23,-138,86,52,299,700,762,400,212,102
141,123,-18,-132,79,52,243,562,628,361,200,97
144,130,-13,-137,78,59,163,396,450,289,181,92
126,121,-5,-123,65,58,113,242,281,204,140,82
82,82,0,-82,41,41,88,120,142,119,81,64
52,60,8,-56,21,34,68,37,50,50,37,30
19,33,14,-27,3,23,63,-16,-11,6,9,-7
-1,2,3,-1,-2,2,57,-45,-42,-27,-18,-33
3,10,7,-7,-2,9,54,-51,-52,-43,-30,-41
-1,12,12,-5,-7,12,49,-56,-67,-49,-30,-40
-6,1,6,2,-6,3,44,-55,-81,-59,-30,-45
-8,-2,5,4,-6,2,40,-54,-80,-60,-30,-45
-20,-19,1,19,-10,-8,40,-66,-80,-71,-51,-45
-27,-28,-1,28,-13,-14,39,-70,-80,-77,-56,-44
-31,-24,7,28,-19,-8,35,-64,-80,-74,-51,-48
-42,-22,20,32,-31,-1,35,-63,-79,-73,-50,-56
-40,-19,22,29,-31,1,37,-57,-75,-69,-45,-54
-43,-16,27,29,-35,5,35,-56,-73,-71,-45,-53
-44,-14,30,29,-36,7,30,-66,-70,-61,-39,-48
-40,-10,30,25,-35,10,26,-65,-67,-60,-47,-60
-51,-9,42,30,-46,16,21,-65,-65,-76,-47,-79
-42,-3,39,23,-40,18,17,-62,-69,-73,-51,-81
-39,-12,27,25,-32,7,12,-59,-71,-70,-72,-84
-45,-27,18,36,-31,-4,10,-61,-74,-67,-70,-87
-41,-21,21,31,-31,0,10,-66,-76,-64,-68,-90
-39,-14,25,26,-32,5,7,-79,-85,-86,-84,-89
-33,-7,26,19,-29,9,4,-79,-94,-97,-95,-82
-25,-2,23,13,-24,10,6,-81,-95,-94,-87,-76
-22,7,29,7,-26,18,9,-78,-95,-93,-81,-69
-38,-8,30,23,-34,11,11,-78,-95,-89,-76,-62
-34,-7,27,20,-30,10,8,-86,-94,-92,-71,-57
-27,16,43,5,-35,29,0,-76,-96,-82,-64,-50
-17,47,64,-15,-40,55,22,-57,-88,-69,-53,-41
11,93,82,-52,-36,88,30,-39,-77,-53,-41,-32
17,91,74,-55,-29,82,22,-37,-81,-48,-27,-25
44,104,60,-74,-8,82,2,-24,-85,-29,-11,-26
36,81,45,-59,-4,63,-60,-40,-88,-20,-26,-23
39,37,-3,-38,21,17,-77,-81,-107,-69,-58,-38
42,-3,-45,-19,43,-24,-64,-89,-128,-100,-71,-59
-3,-59,-55,31,26,-57,-48,-91,-131,-103,-80,-70
-1,-50,-49,26,24,-49,-28,-97,-146,-109,-83,-89
-41,-73,-32,58,-4,-52,-12,-98,-155,-131,-101,-101
-73,-98,-26,86,-23,-62,-14,-99,-143,-128,-105,-107
-71,-96,-25,84,-23,-60,-6,-98,-165,-146,-121,-125
-76,-100,-24,88,-26,-62,1,-82,-143,-112,-111,-111
-80,-107,-27,94,-26,-67,5,-90,-168,-137,-125,-115
-77,-99,-22,88,-27,-60,25,-63,-126,-100,-93,-105
-72,-97,-25,85,-23,-61,7,-77,-113,-99,-89,-97
-69,-43,27,55,-48,-8,92,88,25,-55,-104,-100
41,91,51,-66,-5,71,-50,32,71,149,86,49
338,175,-163,-257,250,6,-528,-426,-263,445,456,329
823,174,-650,-498,736,-238,-962,-484,39,1390,1104,702
852,-56,-908,-397,880,-482,-1185,-1107,-670,660,689,537
372,-169,-540,-101,456,-354,-1130,-1847,-1947,-1020,-358,12
65,-82,-148,9,107,-115,-943,-1472,-1570,-994,-492,-115
-47,-95,-48,72,0,-71,-577,-876,-954,-726,-428,-132
-77,-85,-8,81,-34,-46,-211,-408,-502,-446,-300,-128
-103,-84,19,94,-61,-32,-4,-111,-168,-205,-196,-119
-128,-87,42,107,-85,-22,105,15,-60,-154,-172,-124
-129,-83,46,106,-87,-19,129,73,18,-77,-124,-111
-131,-87,44,108,-87,-21,156,106,36,-60,-133,-119
-129,-84,46,106,-87,-19,173,143,88,-13,-114,-111
-128,-84,44,105,-86,-19,177,158,106,-25,-117,-111
-120,-75,45,97,-83,-15,172,190,136,-5,-100,-110
-109,-70,39,89,-74,-15,179,211,162,19,-92,-107
-95,-62,34,78,-64,-14,201,260,210,51,-76,-91
-87,-58,29,72,-57,-14,214,304,249,62,-64,-78
-56,-34,22,45,-39,-5,237,369,319,87,-48,-69
-53,-35,18,44,-35,-8,264,449,401,125,-36,-63
-42,-31,12,36,-27,-9,294,535,479,158,-18,-56
-4,6,10,-1,-7,8,319,637,589,231,19,-43
15,21,7,-18,4,14,332,719,689,295,37,-19
41,45,4,-43,18,25,326,788,780,378,104,17
70,87,18,-79,26,52,313,802,819,434,140,37
89,118,29,-104,30,73,290,787,806,441,156,79
97,120,22,-109,37,71,252,739,762,450,195,116
108,130,21,-119,43,75,204,622,673,411,182,107
103,145,42,-125,30,94,134,461,512,341,166,98
74,120,46,-97,14,82,83,300,335,255,134,85
28,73,45,-51,-8,58,53,174,187,158,73,59
0,46,46,-24,-23,46,34,65,63,86,11,22
-2,41,43,-20,-23,42,29,11,0,36,-22,-3
-29,31,60,-1,-45,45,24,-15,-44,-12,-42,-21
-33,16,49,8,-41,33,21,-54,-69,-45,-63,-43
-30,4,34,12,-32,18,16,-72,-77,-57,-68,-55
-58,-24,35,41,-46,5,12,-70,-95,-70,-66,-57
-68,-38,30,53,-48,-4,9,-70,-96,-70,-63,-54
-61,-33,28,47,-44,-2,5,-75,-93,-71,-74,-56
-60,-36,24,47,-42,-6,2,-72,-101,-68,-79,-54
-55,-28,27,41,-41,0,-2,-66,-108,-84,-72,-57
-63,-33,31,48,-47,-1,-5,-61,-101,-128,-67,-61
-58,-25,33,41,-45,4,-5,-55,-92,-136,-62,-60
-52,-15,37,33,-44,10,-5,-51,-85,-118,-55,-58
-82,-44,39,63,-60,-2,-5,-55,-77,-113,-62,-54
-101,-59,41,80,-71,-9,-5,-55,-74,-118,-75,-55
-103,-59,44,81,-74,-7,-2,-56,-70,-116,-64,-51
-56,-9,47,32,-51,19,3,-61,-67,-115,-64,-50
-24,26,50,-1,-38,38,4,-60,-62,-115,-66,-50
-42,10,51,16,-47,30,0,-62,-60,-115,-65,-45
-47,11,57,17,-52,34,0,-66,-65,-114,-64,-45
-50,-3,48,26,-49,23,-2,-74,-76,-120,-69,-45
-55,-25,29,40,-42,2,-7,-78,-82,-128,-82,-45
-71,-31,40,51,-55,4,-3,-69,-78,-121,-72,-46
-71,-22,48,46,-59,13,-14,-79,-76,-115,-63,-43
-61,-20,41,40,-50,10,-21,-79,-72,-111,-52,-36
-56,-2,54,29,-55,26,-20,-64,-70,-100,-45,-31
-24,55,79,-16,-52,67,-19,-64,-67,-90,-42,-25
5,82,77,-44,-36,79,-20,-64,-52,-72,-36,-21
15,82,67,-49,-26,75,-21,-68,-44,-55,-36,-12
34,100,65,-67,-16,82,-15,-68,-35,-45,-32,-3
50,106,56,-78,-4,80,-73,-77,-52,-59,-31,9
33,73,40,-53,-3,56,-105,-102,-91,-85,-27,6
-11,1,12,5,-11,6,-71,-101,-115,-100,-55,-36
-22,-32,-10,27,-6,-21,-55,-101,-121,-129,-82,-57
-23,-29,-6,26,-8,-18,-57,-120,-118,-139,-83,-65
-65,-63,1,64,-33,-31,-46,-119,-126,-152,-107,-91
-82,-71,11,76,-46,-30,-28,-111,-119,-135,-93,-89
-93,-77,16,85,-54,-31,-16,-115,-133,-156,-107,-99
-93,-73,20,83,-56,-27,-7,-100,-112,-134,-94,-98
-83,-75,8,79,-45,-33,-8,-111,-124,-153,-104,-105
-103,-88,15,96,-59,-36,17,-80,-102,-142,-98,-102
-120,-93,27,107,-73,-33,11,-72,-105,-106,-76,-78
-102,-64,39,83,-70,-12,73,72,23,-96,-93,-92
-15,78,93,-32,-54,85,-17,77,133,100,69,12
222,167,-56,-195,139,56,-435,-393,-244,298,365,268
687,229,-458,-458,572,-114,-852,-525,-35,1293,1139,741
788,42,-746,-415,767,-351,-1097,-991,-522,977,1024,756
368,-154,-522,-106,446,-338,-1069,-1744,-1837,-869,-148,189
74,-11,-85,-31,80,-48,-918,-1520,-1648,-1094,-456,-58
-21,27,47,-3,-34,37,-629,-942,-1012,-779,-405,-125
-47,-19,28,33,-37,4,-268,-463,-563,-521,-305,-142
-86,-61,25,73,-55,-18,-35,-127,-181,-235,-164,-121
-113,-76,37,94,-75,-20,87,8,-47,-175,-151,-131
-121,-80,41,100,-81,-19,114,75,43,-92,-109,-115
-128,-95,33,111,-81,-30,152,102,64,-101,-118,-119
-113,-80,33,97,-73,-23,154,136,107,-60,-95,-109
-109,-82,26,95,-67,-28,155,162,135,-50,-90,-107
-97,-72,25,84,-61,-24,170,187,166,-29,-72,-101
-90,-69,20,79,-55,-24,174,210,191,-17,-60,-97
-83,-63,20,73,-51,-21,192,252,235,-14,-51,-93
-76,-57,19,66,-47,-19,196,285,283,22,-38,-88
-68,-53,14,60,-41,-19,224,343,343,79,-30,-84
-58,-43,16,50,-37,-13,250,416,426,121,-6,-81
-50,-37,13,43,-31,-12,270,480,514,162,8,-67
-37,-28,8,32,-22,-10,312,582,630,242,50,-33
-24,-19,5,21,-14,-7,330,676,736,307,81,-21
18,20,2,-19,7,11,317,749,825,386,123,3
69,66,-3,-67,35,31,307,789,877,458,193,50
81,76,-5,-78,43,36,293,776,865,467,203,83
89,90,2,-90,43,46,252,721,828,454,199,98
87,96,9,-92,38,52,200,618,726,421,201,91
92,107,16,-100,38,61,143,470,561,367,199,81
71,94,23,-83,24,58,77,306,386,280,168,75
15,56,41,-36,-13,48,28,167,214,163,94,54
-5,48,53,-22,-29,50,11,75,102,81,49,19
-16,34,50,-9,-34,42,6,16,26,23,20,4
-45,1,45,22,-45,23,-1,-24,-27,-22,-16,-4
-77,-37,40,57,-58,2,-7,-58,-61,-51,-31,-22
-84,-46,37,65,-60,-4,-14,-78,-85,-63,-40,-43
-74,-44,30,59,-51,-7,-12,-80,-94,-76,-51,-51
-80,-46,34,63,-56,-6,-9,-85,-100,-96,-62,-49
-90,-44,46,67,-68,1,-10,-82,-94,-104,-71,-53
-90,-46,45,67,-67,0,-5,-74,-92,-109,-69,-55
-86,-41,45,63,-66,1,-6,-68,-89,-108,-74,-55
-81,-36,45,58,-63,4,-4,-61,-86,-99,-74,-52
-77,-32,45,54,-61,7,4,-54,-85,-93,-62,-46
-70,-27,43,48,-56,7,11,-49,-79,-86,-52,-41
-62,-23,40,43,-51,8,17,-45,-73,-77,-45,-38
-59,-18,40,38,-49,11,17,-51,-66,-69,-45,-32
-51,-14,36,32,-43,11,14,-61,-60,-60,-45,-31
-43,-8,35,25,-39,13,11,-60,-52,-57,-45,-35
-40,-5,35,22,-37,15,8,-62,-53,-65,-45,-35
-45,0,45,22,-45,22,5,-65,-72,-70,-45,-35
-47,5,52,21,-50,28,6,-65,-80,-70,-51,-35
-48,1,49,24,-48,25,10,-63,-82,-70,-57,-35
-60,-9,51,34,-55,21,13,-57,-84,-71,-56,-35
-63,-14,49,38,-56,17,15,-52,-88,-69,-53,-34
-50,2,52,24,-51,26,19,-49,-92,-77,-48,-37
-41,26,67,7,-55,47,20,-44,-83,-75,-47,-33
-32,54,86,-11,-59,70,24,-39,-72,-51,-41,-22
-5,92,97,-43,-51,94,26,-40,-62,-37,-25,-13
14,104,89,-59,-37,96,30,-39,-54,-22,-9,-2
11,96,85,-54,-37,90,56,-40,-54,-15,0,3
44,121,76,-83,-16,98,7,-38,-48,-5,16,26
71,112,41,-92,14,77,-62,-49,-56,-15,19,43
45,45,-1,-45,23,22,-58,-78,-93,-58,-24,15
24,-10,-34,-7,30,-22,-33,-88,-116,-83,-47,-4
-21,-30,-9,25,-5,-19,-9,-82,-113,-89,-55,-15
-75,-48,27,62,-51,-11,-9,-84,-125,-109,-87,-51
-87,-56,31,71,-58,-12,1,-77,-117,-105,-86,-66
-79,-53,26,66,-52,-13,-2,-82,-120,-100,-86,-63
-82,-59,23,70,-52,-18,13,-73,-124,-116,-98,-69
-72,-48,23,60,-47,-12,30,-75,-111,-88,-85,-65
-79,-65,14,72,-46,-25,43,-75,-131,-137,-108,-76
-75,-40,35,58,-55,-2,19,-65,-92,-87,-68,-60
-69,-45,24,56,-46,-10,27,-28,-92,-108,-87,-65
-40,28,68,6,-54,48,96,155,134,46,13,-9
99,173,75,-136,12,124,-207,-143,-53,179,194,142
473,261,-211,-367,342,25,-709,-485,-212,741,708,494
888,224,-664,-556,776,-220,-1071,-559,71,1609,1323,849
698,-86,-784,-306,741,-434,-1186,-1355,-1106,213,500,488
267,-123,-390,-72,329,-256,-1079,-1732,-1918,-1105,-376,26
62,-32,-94,-15,78,-63,-839,-1204,-1287,-824,-376,-61
-28,-56,-28,42,0,-42,-419,-664,-777,-629,-339,-102
-34,-21,13,28,-23,-4,-115,-242,-332,-312,-192,-88
-84,-58,26,71,-55,-16,58,-39,-105,-175,-151,-90
-115,-63,52,89,-83,-5,134,67,-17,-108,-112,-83
-113,-49,64,81,-88,7,155,113,39,-71,-92,-78
-114,-53,61,84,-87,4,206,158,81,-52,-73,-77
-125,-70,55,97,-90,-7,198,187,116,-11,-54,-79
-121,-69,52,95,-86,-8,202,184,118,-29,-69,-89
-97,-51,46,74,-72,-2,199,214,157,-1,-41,-84
-94,-51,42,72,-68,-4,201,243,188,11,-36,-81
-90,-54,36,72,-63,-9,234,284,238,43,-16,-75
-74,-45,29,59,-51,-8,257,332,294,67,-6,-71
-59,-36,23,47,-41,-6,274,403,365,106,11,-67
-38,-23,15,31,-26,-4,302,482,447,145,23,-61
-22,-10,11,16,-16,0,347,574,543,195,40,-49
14,22,8,-18,3,14,376,679,655,264,80,-27
34,55,20,-45,7,37,383,763,747,325,102,3
28,59,32,-43,-2,45,373,811,821,407,152,46
88,118,30,-103,29,74,358,812,850,458,210,84
115,143,29,-129,43,86,329,773,825,452,225,91
118,143,25,-131,46,84,278,689,765,432,221,84
138,163,25,-151,56,94,214,556,636,383,210,81
110,133,23,-122,43,78,154,394,472,310,194,76
74,94,20,-84,27,57,107,234,304,223,157,72
40,59,19,-49,10,39,67,119,158,136,99,63
9,43,34,-26,-13,38,46,38,64,57,50,31
-13,28,41,-8,-27,34,44,-3,-2,2,22,7
-20,13,33,3,-27,22,41,-25,-35,-16,4,-3
-40,-10,29,25,-34,10,38,-67,-69,-50,-17,-28
-50,-28,22,39,-36,-3,35,-77,-94,-68,-22,-42
-31,-13,18,22,-24,2,36,-74,-94,-63,-18,-39
-46,-34,12,40,-29,-11,40,-74,-100,-75,-22,-41
-61,-51,10,56,-35,-21,39,-69,-97,-75,-17,-40
-46,-39,7,42,-26,-16,42,-71,-93,-70,-30,-40
-44,-40,4,42,-24,-18,45,-66,-91,-68,-42,-45
-37,-35,1,36,-18,-16,45,-60,-86,-63,-36,-45
-32,-33,-1,33,-15,-17,41,-55,-84,-60,-50,-45
-40,-31,9,35,-25,-11,36,-50,-79,-64,-57,-41
-38,-27,10,32,-24,-8,31,-42,-76,-66,-54,-40
-63,-44,20,53,-41,-12,28,-47,-73,-65,-56,-40
-95,-51,44,72,-69,-3,21,-62,-69,-66,-54,-40
-97,-46,52,71,-74,3,22,-60,-65,-63,-55,-40
-99,-43,56,70,-77,6,34,-60,-69,-73,-55,-40
-99,-41,58,70,-78,8,34,-60,-77,-82,-55,-40
-98,-37,61,67,-79,12,28,-60,-81,-79,-55,-39
-99,-36,64,67,-81,14,27,-60,-88,-84,-55,-43
-99,-32,66,65,-82,17,20,-60,-85,-86,-56,-43
-96,-28,68,62,-82,20,23,-63,-77,-84,-53,-33
-101,-26,75,63,-87,24,39,-57,-69,-81,-46,-25
-85,18,102,33,-93,60,40,-53,-61,-71,-40,-17
-50,60,110,-5,-81,85,42,-48,-54,-58,-32,2
-34,65,99,-16,-67,82,38,-43,-44,-42,-17,22
-21,71,92,-25,-57,81,44,-41,-37,-31,-9,29
25,106,82,-66,-29,94,15,-27,-19,-11,5,37
21,96,75,-59,-27,85,-52,-54,-53,-17,11,31
-12,27,39,-7,-26,32,-42,-95,-99,-65,-18,19
-6,-24,-18,15,6,-21,-13,-96,-108,-94,-40,7
-41,-51,-10,46,-15,-30,-5,-93,-114,-92,-48,-2
-97,-60,37,78,-67,-12,3,-95,-118,-121,-76,-9
-130,-83,47,106,-88,-18,26,-86,-115,-129,-83,-17
-139,-95,43,117,-91,-26,28,-93,-113,-117,-75,-20
-136,-90,46,112,-91,-22,34,-83,-121,-138,-91,-33
-125,-81,44,102,-84,-18,25,-78,-105,-106,-75,-30
-132,-86,46,108,-89,-20,29,-76,-129,-149,-98,-47
-107,-68,39,87,-73,-14,23,-62,-106,-105,-61,-34
-106,-82,25,94,-65,-28,23,-54,-103,-119,-70,-22
-73,-3,70,38,-72,33,93,130,112,23,4,20
67,131,65,-99,1,98,-171,-139,-29,145,172,156
404,203,-201,-303,302,1,-674,-531,-271,625,629,475
873,208,-666,-540,769,-229,-1078,-577,51,1582,1281,830
713,-91,-803,-311,758,-447,-1208,-1350,-1002,319,541,523
254,-183,-436,-35,345,-309,-1118,-1822,-1959,-1133,-388,52
55,-74,-129,10,92,-101,-895,-1294,-1358,-878,-376,-38
-38,-77,-40,58,1,-58,-466,-731,-820,-681,-353,-76
-57,-54,3,56,-30,-25,-135,-299,-370,-366,-219,-73
-131,-90,41,110,-85,-24,43,-56,-111,-199,-154,-77
-145,-81,64,113,-105,-8,114,43,-19,-153,-123,-71
-139,-77,62,108,-101,-7,132,86,41,-95,-86,-63
-144,-77,67,110,-105,-5,159,123,69,-73,-89,-64
-129,-68,62,98,-96,-3,162,159,115,-25,-63,-53
-130,-70,60,100,-95,-5,166,175,125,-40,-70,-60
-113,-56,57,84,-85,0,169,205,166,-18,-62,-61
-107,-53,54,79,-81,1,185,237,198,-21,-62,-60
-93,-42,51,67,-72,4,201,277,244,-10,-60,-60
-75,-36,39,55,-57,1,226,331,293,18,-49,-60
-60,-30,31,45,-45,0,248,399,369,61,-27,-61
-42,-22,19,32,-30,-1,274,484,458,126,10,-38
-34,-20,14,26,-24,-2,320,589,554,179,38,-8
-23,-7,16,15,-19,4,365,687,656,231,54,1
5,18,13,-12,-4,15,372,776,757,299,93,9
40,50,10,-45,15,30,354,832,830,359,128,30
81,91,10,-86,35,50,326,839,848,402,170,73
112,125,13,-119,49,69,287,814,841,421,206,100
113,135,22,-124,45,78,252,735,779,409,198,102
93,125,33,-109,30,79,196,599,655,371,186,105
88,124,37,-107,25,80,124,428,482,298,177,92
67,100,33,-84,17,66,83,265,312,206,151,81
26,67,41,-47,-8,54,69,149,178,124,100,62
3,58,55,-31,-26,56,39,67,71,52,46,34
-16,39,55,-12,-36,47,15,15,1,-4,2,13
-25,30,55,-3,-40,42,15,-24,-47,-30,-21,-1
-29,26,55,1,-43,41,15,-52,-64,-52,-39,-25
-42,13,55,14,-49,34,15,-60,-77,-77,-53,-54
-56,-3,53,29,-54,25,15,-61,-87,-80,-32,-54
-68,-21,47,44,-57,13,16,-59,-88,-80,-21,-47
-69,-27,43,48,-55,8,20,-61,-91,-80,-36,-43
-62,-23,39,42,-50,7,19,-59,-85,-80,-35,-36
-54,-21,33,37,-44,6,20,-63,-84,-80,-36,-31
-47,-17,30,32,-38,6,19,-79,-80,-75,-63,-39
-36,-11,25,23,-30,6,21,-77,-78,-75,-67,-44
-29,-4,26,16,-27,11,19,-71,-74,-75,-54,-36
-22,2,24,10,-23,13,23,-69,-78,-75,-54,-33
-15,10,25,2,-21,18,38,-62,-80,-75,-56,-28
-24,14,38,5,-31,26,36,-61,-81,-77,-59,-24
-30,7,36,11,-33,21,29,-66,-86,-81,-62,-20
-37,-8,29,22,-33,11,25,-71,-84,-79,-65,-27
-37,-12,25,24,-31,6,17,-74,-100,-81,-64,-47
-9,8,17,0,-13,12,17,-79,-106,-79,-60,-51
-21,-1,20,11,-21,9,22,-80,-104,-82,-60,-46
-54,-17,37,35,-45,9,28,-80,-105,-93,-60,-45
-37,-3,33,19,-35,15,34,-85,-105,-86,-60,-40
-35,6,40,14,-38,23,39,-84,-105,-78,-61,-40
-28,51,80,-12,-54,65,44,-84,-86,-69,-53,-23
5,91,86,-48,-41,88,46,-71,-55,-60,-38,4
-1,74,75,-37,-39,75,51,-61,-41,-49,-24,14
11,84,73,-48,-31,79,47,-47,-28,-41,1,30
48,109,62,-79,-7,85,8,-30,-17,-32,29,38
55,99,44,-78,5,71,-28,-71,-67,-33,8,16
33,45,12,-39,10,28,-35,-94,-113,-71,-38,1
12,-17,-29,2,21,-23,-25,-89,-127,-104,-59,-15
18,-21,-39,1,29,-29,-13,-103,-126,-95,-54,-23
-23,-50,-27,37,2,-38,14,-114,-129,-108,-72,-46
-55,-69,-14,62,-20,-41,37,-102,-122,-101,-85,-63
-54,-62,-8,58,-22,-35,19,-106,-124,-93,-83,-57
-66,-67,0,67,-33,-33,40,-96,-123,-105,-89,-64
-60,-54,6,56,-33,-24,48,-95,-111,-73,-79,-55
-80,-69,11,74,-45,-29,50,-98,-141,-111,-105,-67
-65,-42,23,53,-44,-9,27,-86,-99,-50,-60,-45
-58,-46,12,52,-35,-17,46,-49,-98,-83,-90,-52
-25,33,59,-4,-42,46,108,136,129,65,-13,-10
130,162,32,-146,48,97,-194,-224,-99,185,180,156
550,234,-317,-392,433,-41,-694,-598,-298,755,699,510
988,164,-824,-575,905,-329,-1069,-711,-68,1476,1193,795
720,-136,-856,-292,788,-496,-1176,-1579,-1295,-16,306,398
270,-137,-408,-66,339,-272,-1071,-1887,-2009,-1179,-481,-23
88,-47,-135,-20,112,-91,-825,-1276,-1308,-850,-432,-86
-23,-78,-56,51,17,-67,-408,-713,-790,-634,-374,-108
-40,-56,-16,48,-11,-36,-104,-273,-328,-307,-228,-87
-71,-71,0,71,-35,-35,52,-53,-106,-186,-194,-95
-83,-62,20,72,-51,-21,118,44,0,-99,-155,-85
-93,-65,28,78,-60,-18,134,86,52,-74,-114,-83
-94,-60,34,77,-64,-13,149,116,65,-76,-96,-81
-87,-59,28,73,-58,-16,162,140,109,-31,-95,-76
-90,-59,31,75,-60,-14,178,164,129,-13,-103,-76
-82,-53,29,68,-55,-11,180,197,167,14,-89,-70
-87,-57,30,72,-58,-13,188,223,191,9,-95,-71
-79,-50,29,65,-54,-11,199,260,235,37,-81,-64
-66,-45,21,55,-43,-12,215,316,293,67,-64,-51
-54,-40,14,47,-34,-12,242,392,362,113,-34,-40
-39,-32,7,35,-22,-12,265,471,449,157,-7,-32
-9,-9,0,9,-4,-5,293,562,549,207,11,-26
32,23,-9,-27,20,7,320,666,658,272,46,-15
44,39,-5,-41,25,17,323,756,759,338,93,20
49,46,-3,-47,25,22,317,796,826,389,118,47
85,91,6,-88,39,48,305,803,850,428,151,62
127,125,-2,-126,65,61,275,781,835,467,197,94
144,122,-22,-132,82,50,225,701,775,463,201,113
135,132,-3,-133,68,64,160,565,654,416,196,111
115,124,9,-120,53,66,96,400,487,336,182,96
75,88,13,-82,31,51,47,243,320,234,138,84
30,52,22,-41,4,36,26,114,180,151,84,56
0,26,27,-13,-14,26,22,31,75,70,28,19
-20,15,35,2,-28,25,19,-24,17,7,-12,-6
-50,-19,31,34,-40,6,16,-61,-18,-18,-37,-35
-69,-44,25,56,-47,-9,11,-72,-45,-36,-51,-41
-63,-43,20,52,-41,-11,9,-88,-61,-48,-60,-40
-65,-50,14,57,-39,-18,4,-112,-70,-58,-70,-40
-59,-51,8,54,-33,-21,0,-120,-70,-61,-79,-46
-67,-61,6,64,-36,-28,4,-110,-70,-59,-80,-67
-84,-66,19,75,-51,-23,13,-105,-70,-61,-80,-71
-78,-52,26,65,-52,-13,20,-98,-70,-58,-84,-69
-74,-49,25,61,-49,-12,23,-91,-68,-72,-86,-71
-71,-46,25,58,-48,-11,17,-86,-61,-87,-84,-69
-67,-42,25,54,-46,-8,5,-80,-54,-85,-80,-72
-65,-40,25,52,-45,-7,24,-75,-48,-84,-80,-75
-70,-45,25,57,-47,-10,48,-68,-40,-80,-78,-75
-61,-43,18,52,-39,-12,43,-66,-36,-80,-75,-75
-58,-36,22,47,-39,-7,41,-63,-47,-83,-75,-75
-65,-29,36,46,-50,3,38,-60,-60,-85,-75,-75
-57,-23,35,40,-46,6,35,-57,-66,-85,-75,-72
-46,-15,31,31,-38,7,35,-54,-65,-85,-75,-66
-38,-10,29,24,-33,9,35,-52,-65,-86,-77,-62
-54,-29,25,41,-39,-2,35,-49,-73,-84,-74,-57
-50,-23,26,36,-38,2,35,-46,-69,-79,-62,-53
-39,12,51,13,-45,31,35,-43,-57,-70,-49,-48
-35,50,85,-8,-60,67,36,-40,-48,-63,-43,-42
-15,72,87,-28,-51,79,32,-38,-38,-54,-32,-30
-6,69,75,-32,-41,72,30,-34,-30,-44,-31,-26
0,70,70,-35,-35,70,29,-35,-21,-22,-3,1
25,75,50,-51,-13,62,-16,-33,-20,0,28,40
33,52,19,-43,7,35,-42,-41,-57,-43,4,3
-11,-13,-2,12,-5,-7,-34,-71,-98,-101,-43,-36
-35,-53,-18,44,-8,-35,-28,-70,-107,-101,-63,-37
-44,-66,-21,55,-11,-43,4,-68,-108,-97,-51,-39
-72,-83,-12,78,-30,-47,31,-73,-121,-126,-90,-58
-93,-97,-3,95,-44,-50,33,-65,-113,-108,-95,-64
-110,-111,-1,111,-54,-56,40,-76,-124,-148,-113,-85
-98,-95,3,96,-50,-46,47,-54,-106,-128,-100,-93
-96,-92,4,94,-50,-44,34,-67,-116,-111,-86,-82
-91,-81,9,86,-50,-36,48,-42,-104,-130,-101,-80
-91,-82,9,87,-50,-36,28,-46,-100,-94,-65,-63
-117,-90,27,103,-72,-31,76,72,2,-96,-74,-54
-47,35,82,5,-64,58,41,152,167,111,65,25
170,143,-27,-157,98,58,-341,-367,-256,220,291,215
617,213,-403,-415,510,-95,-767,-589,-199,1128,1051,702
809,72,-736,-440,772,-332,-1031,-944,-473,1151,1160,829
401,-158,-560,-122,481,-359,-1041,-1724,-1787,-717,-20,276
64,-48,-112,-8,88,-80,-913,-1609,-1796,-1185,-496,-42
-29,27,56,1,-42,41,-650,-1014,-1096,-824,-432,-104
-107,-55,52,81,-80,-1,-281,-503,-611,-561,-326,-109
-124,-73,51,99,-88,-11,-38,-161,-215,-265,-193,-109
-112,-66,45,89,-78,-10,90,0,-78,-194,-155,-132
-131,-87,43,109,-87,-22,122,79,12,-91,-85,-113
-147,-109,38,128,-92,-35,147,101,50,-105,-101,-117
-140,-104,36,121,-87,-34,170,149,102,-51,-82,-106
-134,-99,34,116,-84,-32,182,165,119,-36,-80,-103
-117,-82,35,99,-76,-23,188,189,144,-35,-74,-98
-107,-72,35,89,-71,-18,186,208,182,-10,-62,-93
-104,-69,35,86,-70,-16,192,254,223,24,-41,-91
-105,-72,33,88,-69,-19,189,305,272,53,-19,-86
-88,-61,27,75,-58,-17,213,353,327,79,-15,-82
-70,-47,23,58,-46,-12,240,441,413,128,4,-79
-62,-43,18,52,-40,-12,256,525,505,174,32,-64
-25,-12,14,18,-19,1,290,616,607,246,70,-41
6,16,10,-11,-2,12,306,712,718,314,94,-30
41,46,5,-44,18,25,310,793,815,400,151,11
80,77,-3,-78,41,36,307,832,873,466,215,59
111,109,-3,-110,57,53,275,827,881,488,246,82
124,132,8,-128,58,69,236,777,841,485,260,85
120,138,17,-129,51,77,187,672,746,458,263,81
120,151,31,-136,44,91,135,523,587,390,237,76
93,133,41,-113,26,87,78,364,405,280,185,73
56,95,39,-76,9,67,34,220,234,183,144,61
21,65,44,-44,-12,54,23,116,108,93,92,12
-7,38,45,-16,-27,41,16,65,32,18,44,-15
-8,35,43,-14,-26,38,8,17,-22,-29,6,-34
2,36,34,-19,-16,35,1,-8,-57,-54,-16,-53
-30,-5,25,17,-28,10,-5,-20,-81,-76,-28,-46
-77,-30,48,53,-62,9,-5,-44,-89,-93,-38,-46
-78,-21,56,49,-67,18,-5,-51,-101,-86,-34,-38
-70,-22,48,46,-59,13,-5,-50,-113,-102,-49,-51
-65,-17,48,40,-56,16,-6,-48,-106,-114,-56,-67
-57,-16,41,36,-48,12,-2,-44,-98,-103,-47,-57
-53,-12,41,33,-47,14,0,-46,-90,-97,-45,-54
-47,-3,44,25,-45,20,0,-41,-82,-87,-37,-48
-38,8,47,15,-43,27,4,-40,-80,-81,-33,-42
-34,16,50,9,-42,33,5,-40,-81,-80,-31,-43
-30,23,53,3,-41,38,5,-36,-80,-80,-37,-45
-21,35,57,-7,-40,46,0,-35,-81,-81,-34,-49
-18,35,53,-9,-36,44,1,-37,-80,-80,-37,-50
-16,35,51,-10,-34,43,-2,-50,-82,-81,-51,-45
-15,32,47,-9,-31,39,-4,-57,-85,-79,-41,-45
-15,30,45,-8,-30,37,-6,-58,-87,-81,-38,-45
-18,26,44,-4,-32,35,-1,-65,-91,-79,-41,-45
-21,25,46,-3,-34,36,17,-65,-92,-82,-39,-45
-38,19,57,9,-47,38,-8,-78,-107,-101,-44,-42
-41,23,64,9,-53,43,-22,-76,-109,-92,-44,-33
-32,60,92,-15,-62,76,-13,-69,-88,-76,-37,-22
-23,87,110,-32,-67,98,-8,-75,-83,-66,-31,-13
8,112,104,-60,-49,108,-5,-58,-78,-54,-26,-3
9,115,106,-62,-49,111,7,-48,-73,-52,-18,1
20,118,98,-69,-40,108,-11,-42,-53,-16,-2,21
49,114,65,-82,-9,90,-74,-66,-71,-37,6,25
34,66,32,-50,1,49,-81,-100,-122,-89,-16,-13
15,14,-1,-14,8,6,-56,-101,-132,-97,-41,-32
-3,-19,-16,11,7,-17,-33,-98,-130,-104,-41,-35
-40,-48,-8,44,-16,-28,-24,-103,-137,-124,-71,-55
-78,-76,2,77,-40,-37,-17,-98,-132,-136,-91,-68
-104,-81,23,92,-63,-29,-17,-101,-126,-120,-77,-61
-124,-90,34,107,-79,-28,-8,-95,-137,-138,-101,-74
-124,-86,37,104,-81,-24,-8,-88,-120,-105,-89,-63
-126,-95,31,110,-79,-32,0,-91,-144,-140,-101,-68
-124,-83,41,103,-82,-21,8,-74,-113,-93,-74,-51
-124,-98,26,110,-75,-35,8,-75,-108,-111,-81,-55
-92,-29,63,60,-77,16,77,113,79,-24,-39,-58
30,132,102,-81,-36,116,-150,-104,-18,130,126,83
350,213,-137,-281,244,38,-617,-563,-335,533,587,431
780,204,-575,-492,677,-185,-992,-624,-50,1547,1328,865
687,-89,-776,-298,731,-432,-1145,-1281,-941,515,732,641
268,-168,-436,-49,352,-302,-1063,-1797,-1963,-1096,-320,119
89,0,-89,-45,89,-44,-889,-1360,-1452,-959,-430,-37
-4,-33,-29,19,13,-31,-525,-796,-874,-710,-386,-92
-65,-54,12,59,-38,-21,-188,-347,-418,-406,-259,-82
-97,-76,20,86,-58,-28,-6,-104,-139,-217,-178,-86
-110,-88,21,99,-65,-33,81,8,-28,-143,-128,-84
-101,-82,19,91,-59,-31,113,67,40,-87,-102,-77
-102,-88,14,94,-57,-37,142,93,58,-91,-114,-83
-97,-82,14,89,-55,-34,134,126,105,-30,-92,-74
-89,-82,7,86,-48,-37,148,145,122,-45,-99,-73
-94,-79,16,86,-55,-31,169,167,163,-25,-80,-65
-105,-80,25,92,-65,-27,185,198,190,-10,-78,-63
-94,-74,20,84,-56,-27,203,242,233,19,-62,-57
-88,-76,12,82,-49,-32,218,295,291,59,-25,-54
-75,-70,6,72,-40,-32,232,364,354,91,-10,-45
-43,-46,-3,45,-19,-25,264,448,440,136,-5,-37
-16,-24,-8,20,-4,-16,297,541,545,191,22,-28
10,-1,-11,-5,11,-6,325,639,649,254,57,-14
22,13,-9,-18,15,2,353,736,759,331,99,9
42,30,-12,-36,27,9,350,796,841,410,155,41
92,68,-24,-80,58,22,341,812,869,455,190,63
126,100,-25,-112,75,37,303,781,855,464,210,92
128,103,-25,-115,76,39,252,712,794,464,228,121
116,93,-23,-104,69,35,206,596,684,429,222,120
87,84,-3,-86,45,40,136,427,507,348,204,105
55,77,22,-66,16,49,86,266,325,242,153,89
30,62,32,-46,-1,47,54,139,175,137,87,61
0,26,26,-14,-13,26,36,60,67,58,30,24
-22,0,21,11,-22,10,34,15,15,9,-8,-1
-23,-5,18,14,-20,6,31,-20,-33,-26,-21,-18
-28,-16,11,22,-19,-3,28,-47,-65,-52,-35,-27
-37,-25,12,30,-24,-6,25,-61,-75,-66,-40,-31
-47,-25,22,36,-34,-2,25,-59,-86,-74,-43,-34
-69,-48,21,59,-45,-13,25,-63,-90,-76,-48,-38
-71,-58,13,64,-41,-23,25,-67,-90,-73,-52,-40
-83,-53,30,68,-56,-11,25,-63,-87,-70,-57,-35
-104,-56,47,79,-75,-4,24,-61,-81,-70,-56,-30
-95,-54,41,75,-67,-7,26,-57,-78,-70,-52,-25
-93,-54,39,74,-66,-7,21,-55,-73,-70,-50,-22
-82,-48,35,64,-58,-6,21,-53,-69,-71,-47,-15
-70,-40,30,55,-50,-5,34,-50,-65,-66,-44,-18
-68,-35,33,51,-50,-1,34,-50,-61,-66,-49,-37
-61,-26,35,43,-48,4,29,-47,-58,-64,-49,-40
-75,-30,45,52,-60,8,30,-44,-53,-61,-45,-40
-82,-28,53,55,-67,12,30,-47,-50,-60,-46,-44
-81,-25,56,53,-68,15,30,-48,-54,-61,-43,-45
-84,-24,61,54,-72,18,30,-55,-60,-78,-39,-45
-81,-16,64,48,-73,24,27,-64,-59,-82,-41,-44
-107,-42,65,74,-86,12,24,-59,-60,-81,-42,-46
-104,-38,66,71,-85,14,26,-53,-68,-78,-53,-43
-78,-7,71,42,-74,32,23,-48,-64,-88,-57,-52
-71,-2,69,37,-70,33,32,-41,-51,-82,-43,-41
-60,14,74,23,-67,44,50,-38,-43,-48,-34,-5
-24,64,88,-20,-56,76,51,-26,-43,-44,-28,6
4,87,83,-46,-40,85,50,-23,-47,-39,-19,8
-2,70,72,-35,-37,71,49,-5,-51,-36,10,30
32,95,63,-64,-15,79,21,-3,-51,-23,33,44
35,81,47,-58,-6,64,-24,-50,-68,-39,-1,18
24,23,-1,-24,12,11,-34,-65,-95,-72,-29,0
10,-28,-38,9,24,-33,-17,-75,-110,-89,-44,-11
-48,-62,-14,55,-17,-38,-6,-86,-103,-92,-50,-21
-67,-62,4,64,-35,-29,7,-86,-109,-104,-71,-35
-79,-69,10,74,-44,-29,24,-82,-101,-115,-84,-51
-87,-71,16,79,-51,-27,29,-88,-107,-125,-83,-48
-86,-67,19,76,-52,-24,43,-82,-106,-124,-90,-48
-99,-83,15,91,-57,-34,40,-87,-99,-102,-75,-39
-102,-89,13,95,-57,-37,54,-86,-123,-131,-101,-46
-80,-62,18,70,-49,-21,30,-79,-90,-77,-74,-46
-102,-77,25,90,-63,-26,61,-3,-56,-117,-89,-48
-66,37,103,14,-85,70,89,145,152,59,12,16
118,172,55,-145,31,113,-250,-277,-166,156,191,163
523,247,-276,-384,399,-14,-736,-603,-284,846,797,561
892,152,-741,-522,816,-294,-1068,-730,-91,1571,1309,860
638,-150,-788,-244,714,-469,-1123,-1530,-1361,-64,335,429
225,-122,-347,-51,286,-234,-1038,-1752,-1934,-1170,-433,8
33,-65,-98,16,66,-81,-789,-1169,-1233,-831,-396,-70
-75,-99,-24,87,-25,-61,-359,-622,-737,-642,-375,-109
-88,-77,11,82,-49,-33,-82,-217,-290,-299,-216,-93
-113,-99,14,106,-63,-42,78,-26,-92,-182,-169,-101
-113,-79,34,96,-73,-22,133,68,12,-98,-134,-92
-90,-69,21,79,-55,-24,163,116,61,-75,-122,-91
-96,-60,37,78,-66,-11,199,141,85,-71,-118,-90
-127,-85,42,106,-84,-21,191,160,120,-28,-102,-84
-122,-84,38,103,-80,-23,202,192,145,-17,-99,-82
-114,-70,44,92,-79,-13,205,222,191,11,-79,-75
-121,-66,55,93,-88,-5,225,256,221,15,-76,-73
-100,-51,48,75,-74,-1,238,306,276,47,-58,-67
-74,-41,33,57,-53,-3,240,344,332,72,-47,-61
-60,-31,30,45,-45,0,256,414,402,108,-13,-55
-47,-24,23,35,-35,-1,279,506,499,165,16,-43
-38,-18,20,28,-29,1,313,596,602,223,33,-24
-14,1,15,6,-15,8,334,700,708,284,69,2
40,50,10,-45,14,30,349,784,804,356,106,20
65,79,14,-72,25,47,335,817,863,419,145,40
93,114,20,-104,36,67,304,823,882,461,178,77
132,156,25,-144,53,90,280,801,865,479,221,118
119,150,31,-135,44,90,220,708,791,467,243,131
126,163,37,-145,44,100,159,551,645,403,217,117
115,154,39,-135,38,96,111,384,468,323,170,113
74,109,35,-92,19,72,63,233,303,234,117,94
77,109,33,-93,22,71,29,121,156,133,77,57
5,35,30,-20,-13,32,16,42,63,67,45,31
12,38,26,-25,-8,32,13,-9,11,18,15,14
-51,-26,25,38,-38,-1,7,-40,-38,-24,-15,-4
-28,-8,21,18,-25,6,1,-66,-55,-43,-42,-17
147,167,21,-157,63,94,-4,-65,-64,-52,-51,-22
-6,12,18,-3,-12,15,-2,-158,-71,-65,-49,-30
-36,-18,18,26,-27,-1,6,-124,-67,-61,-50,-27
8,19,11,-14,-2,14,9,95,-64,-56,-49,-18
-43,-18,25,30,-34,3,17,46,-60,-52,-50,-36
-18,17,35,0,-26,26,21,-39,-56,-48,-50,-47
-41,-15,25,28,-33,5,21,11,-53,-42,-51,-39
