I,II,III,aVR,aVL,aVF,V1,V2,V3,V4,V5,V6
99,-95,-194,-2,147,-144,-5,-68,-97,-241,734,-789
126,-95,-221,-15,174,-158,-5,-81,-114,-247,731,-778
113,-92,-205,-10,159,-148,-5,-79,-121,-239,724,-757
87,-89,-176,1,131,-132,1,-80,-119,-227,717,-737
96,-86,-182,-5,139,-134,7,-80,-120,-231,710,-721
95,-84,-179,-6,138,-131,14,-80,-120,-229,704,-707
99,-81,-180,-9,139,-130,20,-80,-120,-230,699,-695
101,-79,-181,-11,141,-130,28,-81,-116,-230,692,-678
100,-77,-177,-11,138,-127,32,-79,-124,-231,685,-639
99,-75,-174,-12,137,-124,36,-84,-132,-235,679,-613
92,-74,-165,-9,129,-119,34,-90,-127,-235,671,-604
77,-89,-166,6,122,-127,37,-84,-126,-235,672,-589
60,-96,-156,18,108,-125,56,-80,-122,-235,674,-567
70,-89,-159,10,115,-123,62,-71,-119,-235,679,-550
89,-69,-158,-10,123,-113,64,-68,-128,-229,678,-531
103,-23,-126,-40,114,-74,64,-58,-113,-215,687,-489
159,34,-125,-96,142,-45,71,-34,-75,-205,711,-450
209,85,-124,-147,166,-19,75,4,-34,-200,742,-407
234,103,-131,-169,183,-14,66,47,20,-199,760,-360
221,93,-127,-157,174,-17,64,58,26,-198,747,-342
196,64,-132,-130,164,-34,58,65,22,-189,727,-353
197,13,-184,-105,190,-85,54,31,-8,-219,690,-374
153,-47,-200,-52,177,-124,51,-20,-66,-260,651,-391
100,-91,-192,-4,146,-141,48,-57,-100,-285,610,-410
55,-137,-193,41,124,-165,52,-56,-114,-292,601,-401
62,-129,-191,33,127,-160,54,-49,-118,-298,582,-394
101,-84,-185,-8,143,-135,76,-69,-114,-292,579,-381
80,-113,-193,17,137,-153,71,-50,-97,-313,557,-374
76,-98,-174,11,125,-135,69,-64,-109,-328,555,-368
60,-132,-192,36,127,-162,116,24,-93,-328,577,-357
23,-137,-160,57,92,-148,171,156,20,-237,591,-309
633,203,-430,-418,531,-113,110,1253,1171,542,1268,122
1150,521,-629,-835,889,-54,-94,1620,1773,884,1657,471
610,377,-233,-493,421,72,-282,-542,42,-141,866,167
226,52,-174,-139,200,-61,-357,-1297,-843,-733,348,-185
155,-76,-231,-39,193,-153,-166,-466,-362,-484,417,-235
81,-79,-160,-1,121,-119,20,-225,-194,-310,505,-198
108,-81,-189,-13,148,-134,45,-77,-92,-243,532,-181
74,-83,-158,5,116,-120,81,-74,-102,-225,520,-171
81,-85,-166,2,124,-125,89,-44,-91,-220,526,-159
68,-86,-154,9,112,-120,90,-31,-83,-215,517,-150
86,-74,-160,-6,123,-117,89,-30,-85,-212,521,-122
94,-68,-161,-13,128,-114,109,-11,-70,-206,515,-100
64,-94,-158,15,111,-126,118,-18,-75,-202,506,-94
60,-102,-162,21,111,-132,113,1,-66,-200,501,-87
59,-99,-158,20,108,-128,117,-2,-72,-195,492,-81
57,-101,-158,22,108,-129,114,10,-63,-198,486,-74
57,-93,-150,18,104,-121,114,14,-66,-227,480,-69
62,-85,-147,12,105,-116,110,25,-62,-231,480,-66
65,-77,-142,6,104,-109,108,31,-52,-229,480,-54
69,-69,-138,0,104,-103,113,41,-42,-231,480,-32
70,-63,-133,-3,102,-98,121,42,-33,-230,480,-20
74,-56,-130,-9,102,-93,110,55,-11,-230,479,-10
80,-50,-130,-15,105,-89,97,85,14,-223,483,-1
85,-42,-128,-21,107,-85,88,97,15,-217,492,12
88,-36,-124,-26,107,-80,77,129,31,-212,493,27
108,-17,-125,-45,117,-71,69,178,68,-198,506,41
147,19,-129,-83,138,-55,60,229,114,-167,536,74
181,50,-131,-115,156,-41,51,284,159,-142,558,102
223,83,-141,-153,182,-29,39,336,204,-116,593,136
239,101,-138,-170,188,-18,25,391,260,-73,628,177
276,130,-146,-203,211,-8,11,437,307,-37,655,205
320,164,-155,-242,237,4,-5,454,345,3,672,232
292,153,-139,-222,215,6,-21,439,351,33,680,240
274,144,-130,-209,202,7,-20,410,339,30,676,229
257,136,-120,-196,188,8,-12,367,320,14,635,221
232,122,-110,-177,171,6,-4,290,261,-2,581,208
197,97,-100,-147,149,-1,35,226,196,-41,523,177
141,51,-90,-96,116,-19,64,171,139,-93,468,141
105,26,-79,-65,92,-26,63,109,86,-131,424,114
91,19,-72,-55,81,-26,81,79,51,-162,392,101
59,-5,-64,-27,62,-35,87,62,29,-178,376,98
36,-29,-65,-3,51,-47,84,51,21,-194,363,92
46,-7,-53,-19,50,-30,91,40,17,-191,352,86
36,-26,-62,-5,49,-44,89,30,11,-199,345,81
42,-48,-90,3,66,-69,90,30,5,-227,337,83
37,-21,-58,-8,48,-39,81,29,0,-222,329,88
17,-21,-38,2,28,-29,86,26,-9,-219,322,91
6,-30,-36,13,21,-33,99,25,-23,-216,317,95
-3,-30,-27,17,12,-28,95,25,-28,-211,312,97
-3,-27,-24,15,10,-25,90,34,-21,-209,308,101
-8,-40,-32,25,13,-36,84,41,-17,-203,303,102
39,-13,-52,-13,45,-32,79,40,-11,-199,299,116
55,7,-48,-31,51,-21,75,39,-5,-194,294,135
31,-13,-45,-8,38,-29,86,34,0,-190,288,135
22,-21,-43,0,33,-32,101,35,5,-185,284,135
6,-34,-39,14,23,-36,94,33,5,-189,277,135
8,-33,-41,13,25,-37,91,29,5,-190,273,135
8,-45,-53,19,31,-49,86,31,5,-190,267,133
13,-47,-60,18,37,-54,81,26,5,-190,264,129
19,-32,-51,7,35,-41,77,25,5,-190,277,127
33,-17,-49,-8,41,-33,69,25,5,-191,275,124
2,-42,-43,21,23,-42,63,20,4,-196,267,121
-36,-75,-39,55,2,-57,55,16,1,-214,260,119
-6,-57,-52,32,23,-54,47,14,-2,-213,252,130
10,-44,-55,18,33,-49,41,10,-4,-209,246,142
9,-41,-49,16,29,-45,46,5,-8,-233,239,138
9,-38,-47,15,28,-42,49,5,-10,-229,234,135
0,-42,-43,21,22,-42,44,5,-12,-207,229,132
1,-37,-39,18,20,-38,46,5,-17,-197,222,130
-6,-43,-36,25,15,-39,44,5,-20,-184,217,128
-9,-43,-34,27,12,-38,46,5,-23,-178,212,123
2,-31,-33,14,18,-32,43,4,-28,-171,206,120
-34,-61,-28,47,-3,-44,41,1,-30,-164,201,117
-41,-72,-32,57,-4,-52,63,-2,-25,-157,196,111
-5,-62,-57,34,26,-59,64,-4,-25,-151,190,111
-5,-63,-58,35,26,-60,58,-8,-25,-150,185,119
-6,-56,-50,31,22,-53,57,-10,-25,-150,180,121
-7,-55,-48,31,21,-51,51,-13,-26,-150,175,117
-7,-50,-42,29,17,-46,49,-21,-21,-149,170,127
-12,-51,-38,32,13,-44,44,-27,-31,-158,166,136
-14,-49,-34,32,10,-41,41,-34,-40,-165,161,130
-31,-59,-28,45,-1,-44,37,-40,-31,-156,157,128
-38,-62,-25,50,-6,-43,34,-40,-28,-151,154,123
-28,-48,-21,38,-3,-34,29,-41,-21,-147,152,120
-29,-42,-13,36,-8,-27,32,-45,-15,-135,149,120
21,-25,-45,3,33,-35,45,-45,-32,-144,146,120
26,-38,-64,6,45,-51,45,-43,-40,-158,144,120
0,-53,-53,27,27,-53,40,-39,-31,-154,140,120
6,-48,-54,22,30,-51,39,-40,-28,-155,132,120
-3,-51,-47,27,22,-49,35,-40,-21,-155,126,120
-4,-50,-46,27,21,-47,34,-40,-16,-153,119,120
-9,-50,-41,30,16,-45,30,-40,-20,-167,112,120
-5,-46,-40,25,18,-43,30,-35,-17,-177,112,119
2,-36,-37,17,20,-36,46,-31,-12,-172,115,133
7,-28,-35,11,21,-31,52,-25,-5,-170,115,142
16,-17,-33,1,24,-25,49,-22,0,-159,115,139
23,22,-2,-22,12,10,47,-13,5,-125,116,142
40,78,38,-59,1,57,44,13,27,-84,146,165
77,129,52,-103,12,91,45,49,73,-34,184,208
115,163,48,-139,33,105,38,76,104,9,198,233
114,165,50,-139,31,107,31,87,101,19,202,233
103,117,13,-110,45,65,24,86,82,-5,177,212
51,39,-12,-45,31,13,16,26,34,-53,125,163
0,-21,-21,11,11,-21,10,-23,-8,-87,84,131
9,-42,-51,16,31,-46,2,-71,-56,-117,51,123
15,-48,-63,16,39,-55,1,-85,-69,-128,45,120
-18,-76,-58,47,21,-67,-1,-74,-69,-134,34,107
-22,-72,-50,47,15,-61,2,-80,-73,-126,36,108
-20,-80,-60,50,21,-70,4,-48,-64,-134,22,94
-31,-68,-37,49,4,-52,4,-83,-81,-127,25,100
-38,-91,-53,65,7,-71,43,11,-48,-124,10,89
-11,-66,-55,39,22,-60,91,187,141,42,106,131
679,259,-420,-469,549,-80,-63,1132,1227,772,802,553
1064,519,-545,-791,805,-13,-262,1372,1601,932,1034,813
312,387,75,-350,118,230,-296,-564,-58,-12,230,464
-26,111,137,-43,-81,124,-333,-1253,-816,-524,-216,125
35,15,-20,-25,27,-2,-212,-508,-357,-329,-119,80
-27,-8,19,18,-23,5,-70,-241,-169,-179,-36,91
0,-36,-35,18,18,-35,-55,-108,-74,-135,-17,98
-18,-36,-19,27,1,-28,-24,-113,-75,-109,-20,112
-14,-62,-48,38,18,-55,-23,-97,-59,-100,-13,109
-3,-52,-49,27,23,-50,-9,-88,-55,-90,-13,110
1,-46,-47,22,25,-46,0,-87,-55,-80,-9,110
6,-40,-46,17,26,-42,1,-70,-40,-72,-14,110
8,-32,-40,12,24,-36,3,-78,-46,-69,-21,105
11,-29,-40,9,25,-35,8,-61,-34,-59,-25,122
13,-32,-45,10,29,-38,22,-76,-52,-71,-31,131
18,-45,-62,13,41,-53,18,-87,-68,-91,-37,141
17,-42,-59,12,38,-50,15,-78,-58,-83,-39,167
23,-36,-59,7,41,-48,11,-67,-48,-79,-33,164
23,-32,-55,5,39,-43,9,-58,-37,-72,-27,166
25,-30,-55,3,40,-42,3,-48,-28,-68,-23,170
36,-18,-54,-8,45,-36,-3,-42,-17,-61,-16,170
15,-33,-48,9,32,-40,-8,-20,-9,-47,-12,170
50,1,-49,-25,49,-24,-15,9,13,-34,-4,188
65,23,-42,-43,53,-9,-17,25,38,-17,9,198
54,10,-44,-32,49,-16,-24,42,38,-3,20,187
79,44,-35,-61,57,4,-23,77,64,9,33,206
88,42,-45,-65,66,-1,-43,108,91,19,45,225
152,78,-74,-115,113,2,-63,152,127,54,79,251
141,75,-66,-108,103,4,-75,209,176,91,117,282
187,98,-89,-142,138,4,-107,248,222,121,145,308
271,184,-87,-227,178,48,-109,286,263,153,171,338
248,191,-57,-219,152,67,-100,306,284,175,197,361
261,206,-55,-233,157,75,-95,306,315,208,205,376
235,191,-45,-213,140,73,-86,285,312,207,191,360
204,164,-40,-183,121,62,-82,234,276,178,169,329
162,137,-25,-149,93,56,-74,170,224,143,120,298
106,94,-12,-100,59,41,-69,108,156,99,62,266
73,81,7,-77,33,44,-53,47,101,64,18,222
36,71,35,-54,0,53,-21,15,68,31,-14,187
29,64,34,-47,-2,49,-2,0,37,-3,-43,178
10,54,45,-32,-18,49,-5,-39,14,-35,-70,165
-13,46,59,-17,-37,52,-13,-46,6,-40,-83,154
-17,34,51,-9,-34,42,-12,-53,-6,-49,-98,150
-29,26,55,1,-42,40,-4,-79,-14,-77,-106,150
-30,14,44,8,-37,29,3,-80,-42,-82,-100,150
-49,6,55,21,-52,31,9,-81,-53,-78,-118,150
-86,-6,80,46,-83,37,0,-84,-37,-84,-125,150
-81,-29,52,55,-67,12,-20,-85,-59,-95,-114,150
-27,-1,26,13,-26,12,-27,-84,-71,-92,-110,150
-10,22,31,-6,-21,26,-25,-79,-62,-86,-101,150
-52,6,58,23,-55,31,-25,-76,-61,-83,-97,150
-41,21,62,10,-52,42,-21,-72,-54,-77,-90,150
-18,40,58,-11,-38,48,-20,-69,-51,-75,-83,149
-33,24,57,4,-45,40,-20,-65,-46,-74,-73,144
-53,1,54,25,-54,27,-27,-66,-45,-84,-67,141
-50,5,55,22,-52,30,-39,-64,-45,-85,-57,137
-12,35,47,-12,-30,41,-35,-67,-40,-87,-51,133
-2,40,43,-19,-23,41,-30,-80,-40,-104,-77,130
-12,26,38,-7,-25,31,-25,-76,-41,-101,-94,127
-16,15,31,0,-23,23,-18,-71,-46,-94,-105,124
-21,6,27,7,-24,16,-15,-68,-45,-90,-111,121
-18,2,21,8,-20,12,-15,-62,-45,-83,-116,118
-20,-1,20,11,-20,9,-15,-60,-45,-79,-128,115
-36,-4,32,20,-34,14,-15,-60,-45,-74,-129,113
-45,-9,36,26,-41,13,-15,-79,-64,-75,-153,110
-42,-11,31,26,-36,10,-15,-86,-72,-75,-168,110
-57,-28,29,43,-43,1,-11,-78,-65,-75,-163,110
-60,-34,26,47,-43,-4,-4,-78,-65,-76,-166,110
-40,-17,23,28,-31,3,2,-72,-61,-76,-164,110
-42,-6,36,23,-39,15,11,-69,-58,-91,-166,106
-46,1,47,22,-46,24,11,-87,-73,-99,-170,101
-43,-1,42,22,-43,20,15,-97,-82,-92,-170,96
-38,2,40,18,-39,21,21,-94,-79,-88,-172,93
-49,-12,37,30,-43,12,13,-96,-80,-81,-175,86
-69,-35,34,52,-51,-1,10,-94,-80,-76,-176,88
-66,-33,32,49,-49,0,5,-95,-79,-79,-172,96
-55,-27,28,41,-41,1,0,-100,-76,-80,-170,89
-49,-22,26,35,-37,2,4,-100,-75,-80,-170,86
-36,-13,23,24,-29,5,5,-100,-75,-85,-167,81
-18,2,20,8,-19,11,5,-100,-75,-85,-164,76
-7,12,20,-3,-14,15,4,-100,-75,-86,-167,76
-2,3,5,-1,-3,4,0,-98,-73,-90,-178,83
-21,-9,12,15,-16,1,0,-94,-69,-90,-181,97
-59,-19,40,39,-49,10,-4,-95,-70,-90,-179,94
-82,-42,39,62,-60,-1,-6,-95,-70,-90,-180,82
-61,-29,33,45,-47,2,-1,-95,-70,-90,-180,78
-38,-7,31,22,-34,11,0,-94,-80,-87,-179,66
-44,-20,24,31,-34,2,1,-91,-87,-82,-175,64
-20,2,22,9,-21,11,4,-90,-84,-79,-175,85
-13,5,18,4,-16,11,6,-90,-82,-76,-175,82
-14,8,22,3,-19,14,3,-90,-79,-71,-175,75
-25,-8,17,16,-21,4,0,-89,-80,-69,-175,74
-53,-45,8,49,-30,-19,0,-96,-91,-63,-172,65
-32,-9,23,20,-28,7,0,-100,-96,-56,-167,67
-11,22,33,-5,-22,27,1,-92,-90,-50,-165,78
5,21,16,-13,-5,18,-1,-85,-84,-41,-160,82
-11,13,25,-1,-18,19,1,-83,-83,-38,-157,76
-23,39,62,-8,-43,50,-2,-65,-63,-19,-152,91
2,80,77,-41,-38,78,2,-33,-27,16,-122,120
47,149,102,-98,-28,125,-2,23,36,65,-81,157
114,225,111,-169,1,168,3,59,62,104,-56,189
108,201,93,-155,7,147,20,56,49,95,-56,177
63,120,58,-92,3,89,-19,34,32,54,-91,134
11,40,30,-26,-10,35,-28,-47,-48,4,-149,84
-27,-4,23,15,-25,9,0,-73,-81,-41,-181,55
-51,-30,21,40,-35,-5,10,-90,-88,-81,-193,49
-63,-59,4,60,-33,-27,11,-104,-109,-100,-217,40
-70,-68,3,69,-37,-32,9,-122,-129,-108,-229,29
-58,-68,-10,63,-23,-39,11,-101,-114,-100,-222,24
-43,-65,-22,54,-10,-43,7,-108,-111,-112,-236,5
-56,-57,-1,57,-28,-29,22,-101,-113,-96,-216,4
-97,-92,5,95,-51,-44,83,-13,-128,-104,-261,-34
90,36,-54,-63,72,-9,139,385,315,246,11,127
853,395,-458,-624,655,-31,-41,1593,1627,1051,794,617
884,543,-342,-713,613,101,-239,891,1228,787,672,684
194,311,117,-253,38,214,-344,-1187,-594,-290,-204,264
61,48,-13,-54,37,18,-361,-1039,-730,-480,-415,37
-15,-16,-1,15,-7,-8,-136,-377,-294,-215,-293,7
-65,-30,35,48,-49,2,-28,-217,-189,-124,-244,-3
-54,-48,6,51,-30,-20,-11,-93,-100,-83,-216,1
-70,-38,32,54,-51,-3,32,-125,-119,-87,-220,2
-49,-36,12,42,-30,-12,29,-78,-90,-77,-211,6
-83,-32,51,57,-67,9,47,-92,-102,-73,-211,5
-61,-25,36,43,-48,5,54,-68,-89,-68,-205,1
-61,-25,36,43,-48,6,56,-66,-86,-62,-202,0
-40,-13,27,26,-33,7,57,-65,-89,-61,-200,-1
-27,-15,13,21,-20,-1,61,-57,-88,-59,-200,-4
-55,-18,37,36,-46,9,60,-61,-92,-60,-197,-6
-65,-13,52,39,-58,19,56,-50,-88,-63,-194,-3
-92,-50,42,71,-66,-4,56,-64,-92,-66,-195,-1
-68,-46,23,57,-45,-11,52,-64,-88,-64,-189,3
-46,-22,23,34,-34,1,65,-51,-85,-66,-182,5
-68,-18,50,42,-59,16,68,-36,-78,-64,-176,9
-64,-6,57,35,-60,25,58,-30,-74,-67,-169,9
-53,1,54,26,-53,27,53,-4,-64,-58,-164,14
-21,35,56,-7,-39,45,45,20,-38,-37,-155,20
3,57,54,-31,-26,56,41,37,-13,-18,-140,25
-2,54,55,-26,-29,54,35,79,10,4,-114,33
9,55,46,-32,-19,50,36,116,35,15,-86,30
36,70,34,-53,1,52,28,173,76,45,-61,49
64,87,23,-76,21,55,-8,220,116,72,-38,66
90,102,12,-96,39,56,-18,272,163,106,-6,89
154,152,-1,-153,77,75,-10,327,222,154,43,128
216,198,-18,-207,117,90,-31,355,252,178,69,138
220,193,-27,-206,123,83,-51,371,280,190,91,147
180,184,4,-182,87,94,-43,352,308,180,93,138
146,174,28,-161,59,101,-35,315,295,167,76,125
134,167,33,-150,50,100,-26,270,236,140,53,114
77,141,64,-109,6,102,-15,200,171,83,7,75
46,103,57,-74,-6,80,-4,133,122,24,-33,37
21,87,65,-54,-22,76,11,82,63,-30,-84,8
-25,73,98,-24,-62,85,33,36,7,-67,-131,-31
-32,62,94,-16,-63,78,52,9,-23,-89,-144,-55
-55,39,94,7,-74,66,41,-21,-37,-106,-155,-65
-55,48,104,3,-80,76,49,-42,-57,-117,-175,-80
-75,34,109,20,-92,71,71,-39,-66,-116,-181,-89
-103,-1,102,52,-103,50,70,-37,-65,-108,-175,-96
-87,10,97,38,-93,53,68,-33,-64,-99,-172,-101
-82,9,91,37,-87,50,65,-31,-74,-94,-169,-114
-70,16,86,27,-78,51,64,-29,-70,-84,-163,-114
-77,17,93,30,-85,55,68,-33,-68,-85,-173,-117
-71,25,96,23,-83,60,70,-49,-88,-105,-191,-133
-60,34,95,13,-78,64,70,-47,-86,-105,-186,-131
-76,20,95,28,-86,57,70,-41,-79,-100,-181,-124
-80,15,95,32,-88,54,69,-39,-76,-100,-178,-121
-74,21,95,26,-85,58,71,-31,-67,-94,-172,-112
-58,31,90,13,-74,60,63,-31,-67,-96,-169,-112
-57,25,82,16,-70,53,62,-35,-70,-104,-165,-135
-56,21,77,17,-66,48,80,-35,-70,-101,-165,-142
-52,16,68,18,-60,42,80,-37,-72,-95,-165,-138
-52,12,64,20,-59,38,76,-41,-76,-90,-165,-141
-47,5,51,21,-49,28,73,-39,-75,-83,-165,-139
-54,-3,51,28,-52,23,71,-44,-75,-79,-165,-141
-65,17,83,24,-74,50,67,-45,-75,-74,-165,-146
-72,21,92,25,-82,56,71,-45,-75,-85,-164,-148
-71,13,84,29,-78,48,86,-50,-75,-109,-175,-159
-67,10,77,28,-72,43,81,-49,-74,-114,-181,-171
-68,2,70,33,-69,36,79,-52,-77,-107,-179,-169
-63,-2,61,33,-62,29,75,-55,-79,-103,-184,-172
-71,-6,65,38,-67,30,70,-55,-83,-96,-185,-176
-79,-5,75,42,-77,35,72,-55,-84,-91,-184,-174
-69,-5,64,37,-66,29,84,-55,-90,-86,-180,-179
-86,-5,81,45,-83,38,108,-55,-101,-84,-180,-186
-97,-5,92,51,-94,43,108,-51,-96,-85,-180,-184
-97,-15,82,56,-90,33,100,-61,-94,-80,-180,-185
-115,-32,84,73,-99,26,99,-66,-89,-81,-180,-184
-113,-37,76,74,-94,20,91,-64,-85,-78,-182,-185
-99,-24,75,61,-87,25,91,-65,-84,-74,-186,-184
-83,-12,71,48,-77,29,95,-65,-87,-87,-184,-186
-74,-5,69,39,-71,31,94,-65,-100,-101,-189,-202
-77,-4,72,40,-74,34,98,-60,-100,-103,-190,-205
-65,1,66,32,-66,33,100,-60,-97,-109,-190,-207
-79,-2,77,41,-78,37,99,-60,-95,-130,-195,-211
-60,-10,50,34,-55,20,111,-60,-95,-135,-195,-211
-36,9,45,14,-41,27,116,-61,-111,-126,-195,-215
-73,16,88,28,-81,52,114,-57,-116,-123,-195,-215
-75,8,83,33,-79,45,115,-54,-114,-116,-195,-215
-77,2,79,37,-78,41,115,-49,-112,-111,-192,-215
-76,2,79,37,-78,40,114,-47,-109,-110,-189,-214
-62,12,74,25,-68,43,111,-41,-110,-110,-190,-219
-62,10,72,26,-67,41,108,-42,-106,-110,-190,-222
-85,-2,83,44,-84,40,105,-54,-103,-110,-190,-227
-90,0,89,45,-89,44,103,-56,-101,-111,-189,-230
-65,15,80,25,-72,47,99,-54,-97,-108,-186,-230
-55,22,77,16,-66,49,103,-52,-96,-105,-184,-235
-51,18,69,16,-60,43,105,-49,-92,-100,-185,-235
-45,21,66,11,-55,43,106,-53,-93,-101,-178,-237
-44,19,63,12,-54,41,110,-65,-107,-111,-182,-246
-76,20,96,28,-86,58,109,-38,-83,-83,-172,-227
-68,75,143,-4,-105,108,123,-1,-43,-43,-136,-188
-17,134,151,-59,-84,143,132,11,-27,-25,-118,-179
38,180,142,-110,-52,161,129,56,21,13,-87,-186
53,198,144,-126,-46,171,129,81,46,33,-71,-186
17,140,123,-78,-54,132,136,71,29,12,-86,-180
-16,71,87,-28,-52,79,138,19,-22,-34,-127,-202
-45,26,71,9,-58,48,131,-24,-71,-78,-169,-240
-84,-17,67,50,-75,25,125,-61,-106,-112,-196,-266
-119,-53,66,86,-92,6,120,-85,-130,-130,-207,-286
-114,-64,49,89,-82,-7,114,-66,-127,-138,-214,-297
-113,-52,61,82,-87,5,120,-85,-137,-134,-215,-295
-99,-59,40,78,-69,-9,120,-43,-119,-132,-213,-302
-124,-47,77,85,-100,15,111,-86,-144,-142,-218,-303
-116,-52,63,84,-90,5,147,-13,-113,-117,-215,-310
-142,-68,74,105,-108,3,237,53,-94,-96,-229,-339
319,164,-155,-241,237,5,173,927,824,510,312,-12
1016,521,-496,-769,756,13,-46,1742,1760,1033,870,384
565,507,-58,-536,311,225,-184,-140,317,191,242,160
59,167,108,-113,-25,137,-298,-1400,-900,-582,-411,-240
71,17,-54,-44,62,-19,-187,-630,-502,-418,-354,-348
-66,13,79,26,-72,45,22,-271,-270,-205,-267,-341
-92,-18,74,54,-83,28,65,-106,-161,-152,-225,-338
-104,-17,87,60,-95,35,113,-79,-129,-147,-205,-334
-109,-32,77,70,-93,23,123,-80,-125,-142,-206,-328
-108,-36,73,71,-90,18,122,-53,-110,-133,-203,-325
-108,-34,74,71,-90,20,117,-63,-118,-129,-207,-330
-100,-32,68,66,-84,18,112,-37,-99,-121,-204,-330
-107,-27,80,67,-94,26,107,-49,-105,-121,-206,-331
-111,-40,71,75,-91,15,108,-31,-97,-119,-204,-335
-128,-50,78,88,-102,14,129,-33,-102,-120,-205,-335
-116,-43,73,79,-94,15,132,-24,-99,-120,-205,-333
-112,-35,76,73,-94,20,151,-20,-100,-120,-204,-328
-109,-30,79,69,-94,25,149,-17,-101,-113,-206,-325
-102,-22,80,62,-91,29,139,-13,-96,-105,-202,-322
-99,-18,80,58,-89,31,135,-10,-89,-97,-194,-317
-91,-12,79,51,-84,33,124,-7,-79,-89,-186,-314
-96,-10,87,53,-91,38,121,2,-72,-83,-178,-310
-90,-3,86,46,-88,41,110,37,-52,-72,-171,-302
-75,0,75,37,-75,37,112,67,-25,-65,-158,-296
-48,20,68,13,-58,44,122,93,-1,-55,-141,-288
-5,53,58,-25,-31,55,103,133,21,-40,-122,-283
-7,43,50,-18,-28,46,87,176,45,-13,-98,-273
36,77,41,-57,-3,59,77,225,89,23,-74,-252
97,129,31,-113,32,80,65,288,141,52,-37,-225
122,147,25,-135,48,86,53,331,179,94,-3,-197
154,162,9,-158,72,85,37,368,223,123,21,-177
148,172,24,-160,62,98,26,401,266,156,62,-162
136,202,66,-169,34,134,19,393,280,178,79,-160
130,202,72,-166,29,137,21,378,286,175,69,-150
122,190,68,-156,27,128,18,345,266,168,49,-156
91,164,73,-128,9,118,36,276,217,130,7,-192
50,117,66,-83,-8,91,70,202,158,84,-44,-229
6,86,80,-46,-37,83,69,138,101,38,-91,-267
-42,67,110,-13,-76,88,86,91,54,-10,-124,-301
-47,62,109,-8,-78,85,111,55,5,-50,-161,-335
-61,42,102,9,-82,72,109,35,-21,-74,-173,-349
-89,14,103,38,-96,58,110,25,-36,-89,-185,-360
-91,3,94,43,-93,48,110,12,-41,-90,-204,-372
-99,1,100,48,-99,50,110,3,-44,-85,-205,-385
-111,4,115,53,-113,59,110,-1,-66,-84,-205,-392
-101,14,115,43,-109,64,110,-4,-65,-80,-201,-388
-96,19,115,38,-105,66,109,-8,-64,-79,-200,-391
-108,7,115,50,-112,61,115,-10,-75,-74,-200,-398
-118,-3,115,60,-116,56,119,-5,-73,-70,-207,-401
-137,-23,114,80,-125,45,104,-5,-69,-68,-208,-399
-133,-24,110,78,-121,43,119,-5,-66,-63,-200,-395
-104,6,110,49,-107,58,135,-5,-62,-60,-197,-394
-99,11,110,44,-105,60,125,-6,-58,-60,-189,-396
-101,9,110,46,-105,60,119,-3,-55,-60,-186,-400
-99,11,110,45,-105,60,111,0,-55,-60,-189,-399
-97,9,107,44,-102,58,104,0,-55,-60,-191,-400
-92,10,102,40,-97,56,98,0,-55,-60,-189,-400
-93,6,99,44,-97,53,94,0,-55,-59,-193,-399
-94,1,95,46,-95,48,95,-6,-59,-55,-202,-412
-95,-4,91,49,-93,43,95,-13,-60,-54,-205,-415
-96,-8,89,52,-92,40,95,-19,-60,-56,-205,-415
-97,-12,85,54,-90,36,95,-26,-60,-52,-204,-413
-102,-17,86,59,-93,34,95,-32,-60,-74,-212,-423
-104,-20,84,62,-94,32,95,-38,-60,-93,-221,-436
-106,-20,86,62,-96,33,95,-40,-59,-88,-220,-434
-103,-20,84,61,-94,31,95,-40,-71,-95,-220,-446
-112,-23,89,67,-100,33,95,-40,-76,-100,-220,-451
-121,-26,95,73,-108,35,93,-40,-74,-111,-228,-449
-112,-25,87,68,-99,31,89,-40,-75,-115,-231,-451
-111,-25,86,68,-98,30,87,-40,-75,-118,-229,-449
-93,-25,68,59,-80,21,84,-40,-75,-125,-227,-450
-109,-24,84,66,-96,30,81,-40,-70,-117,-223,-454
-135,-30,106,82,-120,38,79,-40,-70,-111,-226,-455
-112,-28,83,70,-98,27,75,-39,-69,-104,-219,-456
-114,-37,78,75,-96,20,75,-43,-65,-98,-220,-460
-122,-51,71,87,-97,10,74,-45,-65,-92,-243,-460
-120,-50,70,85,-95,10,69,-45,-68,-89,-245,-460
-113,-48,65,80,-89,8,70,-46,-70,-91,-241,-460
-107,-45,62,76,-84,8,68,-44,-70,-86,-238,-460
-102,-45,58,73,-79,6,61,-46,-73,-86,-237,-460
-101,-44,58,72,-79,7,57,-37,-76,-83,-231,-460
-126,-38,88,81,-107,25,50,-41,-74,-90,-230,-459
-117,-35,82,76,-99,23,45,-61,-71,-106,-255,-455
-106,-31,75,69,-90,21,40,-59,-70,-105,-255,-454
-92,-27,65,59,-78,19,35,-60,-69,-103,-255,-455
-88,-25,63,57,-75,19,35,-60,-65,-100,-261,-454
-120,-18,102,69,-111,42,34,-60,-65,-100,-259,-455
-115,-31,84,73,-99,26,36,-58,-65,-100,-258,-452
-108,-47,62,77,-85,7,33,-51,-64,-99,-253,-448
-112,-45,67,78,-89,11,46,-50,-66,-101,-250,-445
-107,-44,63,75,-84,10,62,-44,-64,-99,-247,-441
-100,-40,60,70,-80,10,59,-60,-74,-102,-242,-438
-101,-40,61,71,-81,10,60,-67,-80,-98,-240,-433
-94,-34,60,64,-77,13,60,-52,-64,-93,-229,-443
-75,6,81,34,-78,43,61,-31,-41,-69,-215,-431
-63,69,132,-3,-98,100,59,-8,-16,-31,-198,-389
-27,113,141,-43,-84,127,61,22,18,22,-160,-350
39,163,125,-101,-43,144,58,76,65,87,-143,-338
55,175,121,-115,-33,147,63,75,84,92,-143,-340
22,124,102,-73,-41,113,49,64,63,78,-141,-342
-22,57,80,-18,-51,68,-3,28,17,49,-187,-379
-75,-11,63,43,-69,26,-15,-30,-25,4,-234,-415
-118,-57,61,87,-89,2,-4,-75,-80,-25,-272,-448
-130,-69,61,99,-95,-4,5,-81,-92,-33,-275,-448
-120,-71,50,95,-85,-10,20,-72,-87,-55,-279,-455
-135,-77,58,105,-96,-9,28,-119,-124,-63,-298,-475
-132,-92,40,112,-86,-26,31,-75,-109,-49,-298,-474
-132,-71,61,101,-96,-5,27,-111,-135,-36,-307,-477
-127,-78,48,102,-88,-15,52,-33,-98,-21,-283,-467
-162,-97,65,130,-113,-16,118,72,-17,28,-252,-448
408,169,-239,-288,324,-35,33,871,886,633,301,-112
1050,488,-562,-768,805,-37,-183,1561,1638,1020,743,224
449,438,-10,-443,229,214,-240,-194,212,216,84,-7
-66,161,227,-47,-147,194,-282,-1367,-860,-438,-471,-368
-28,16,43,6,-36,29,-247,-664,-479,-311,-419,-482
-89,1,90,44,-90,46,-78,-297,-242,-136,-345,-469
-73,-20,53,46,-63,17,-18,-135,-126,-74,-308,-459
-87,-22,65,54,-76,21,20,-100,-98,-42,-305,-451
-98,-45,52,71,-75,4,41,-89,-90,-29,-305,-441
-117,-71,47,94,-82,-11,38,-70,-87,-23,-301,-437
-127,-80,47,103,-87,-16,42,-79,-94,-19,-300,-428
-116,-81,34,98,-75,-23,38,-56,-86,-12,-299,-423
-117,-79,38,98,-78,-20,41,-64,-94,-8,-295,-416
-108,-81,27,94,-68,-27,39,-48,-82,-2,-288,-411
-107,-80,27,93,-67,-26,46,-52,-82,4,-284,-407
-100,-76,24,88,-62,-26,47,-49,-75,8,-277,-404
-95,-70,25,82,-60,-22,57,-50,-71,14,-273,-400
-90,-64,26,77,-57,-19,64,-50,-67,21,-267,-396
-84,-60,24,72,-54,-18,53,-50,-62,24,-259,-393
-78,-52,26,64,-52,-13,45,-43,-54,27,-251,-387
-75,-52,23,63,-49,-14,35,-30,-48,22,-243,-381
-65,-47,18,56,-41,-15,26,-7,-41,35,-232,-374
-91,-59,32,75,-61,-13,20,9,-24,44,-223,-368
-108,-78,29,93,-68,-24,12,24,-1,53,-211,-358
-52,-41,12,46,-31,-14,7,59,14,74,-199,-347
-29,-25,3,27,-16,-11,-14,78,27,76,-187,-333
-10,-18,-8,14,-1,-12,-43,125,74,107,-164,-313
13,-6,-19,-3,16,-12,-43,177,116,137,-128,-287
56,25,-32,-40,44,-3,-56,215,147,159,-96,-258
126,85,-42,-105,84,21,-66,268,203,201,-64,-237
132,75,-57,-103,94,9,-72,298,251,235,-40,-227
156,99,-57,-127,106,20,-105,323,278,266,-41,-231
171,143,-29,-157,100,57,-105,340,292,293,-39,-229
158,140,-18,-148,88,60,-91,315,281,295,-42,-231
152,140,-12,-146,82,63,-84,270,264,270,-38,-229
102,115,13,-109,44,64,-67,219,225,228,-60,-231
49,75,27,-63,11,51,-49,163,149,199,-115,-263
8,34,27,-21,-10,30,-37,108,93,175,-155,-286
-35,2,37,16,-36,20,-28,38,57,118,-202,-328
-69,-6,63,38,-66,28,-17,-5,14,89,-224,-360
-99,-27,72,63,-86,22,-10,-12,-12,84,-248,-365
-115,-46,68,81,-91,11,-6,-27,-28,68,-269,-377
-112,-44,68,78,-90,12,-4,-44,-43,62,-267,-374
-101,-39,63,69,-82,11,1,-55,-44,56,-274,-374
-115,-46,68,80,-91,11,3,-55,-52,51,-281,-384
-137,-64,72,100,-104,4,12,-54,-61,48,-285,-389
-132,-64,68,98,-99,2,27,-56,-60,42,-280,-382
-111,-59,52,85,-81,-3,18,-55,-60,39,-277,-377
-109,-58,52,83,-80,-3,9,-52,-60,50,-274,-372
-135,-51,83,93,-109,16,1,-49,-60,57,-269,-364
-130,-51,80,90,-105,14,-10,-46,-56,53,-267,-370
-118,-54,64,86,-90,4,-15,-44,-50,61,-263,-375
-111,-55,56,83,-83,0,-20,-40,-42,66,-262,-370
-103,-55,48,79,-75,-3,-23,-41,-37,62,-258,-368
-101,-55,46,78,-73,-5,-28,-46,-27,60,-255,-363
-97,-55,43,76,-69,-6,-30,-44,-28,56,-255,-360
-95,-57,38,76,-66,-9,-30,-48,-31,55,-254,-356
-96,-61,35,78,-66,-12,-30,-50,-34,52,-268,-354
-94,-59,35,76,-64,-12,-30,-51,-55,47,-276,-355
-99,-64,35,81,-67,-15,-35,-52,-55,44,-275,-354
-114,-65,49,89,-81,-8,-35,-64,-50,40,-280,-356
-122,-65,57,93,-89,-4,-39,-81,-48,37,-280,-352
-124,-70,54,97,-89,-8,-41,-79,-62,33,-285,-365
-124,-69,55,96,-89,-6,-41,-82,-76,31,-285,-382
-134,-78,56,106,-95,-11,-59,-86,-78,28,-286,-379
-119,-66,52,92,-85,-7,-46,-84,-87,39,-291,-380
-114,-51,63,83,-88,6,-26,-89,-85,51,-289,-380
-125,-58,67,92,-96,4,-24,-90,-85,50,-293,-379
-107,-61,46,84,-77,-7,-37,-91,-85,50,-295,-384
-116,-77,39,96,-77,-18,-64,-94,-85,50,-294,-385
-122,-82,41,102,-81,-21,-66,-95,-85,50,-299,-385
-113,-73,39,93,-75,-16,-64,-94,-85,47,-300,-384
-116,-76,40,96,-78,-18,-66,-90,-83,42,-300,-385
-104,-64,40,84,-72,-12,-64,-90,-91,39,-300,-383
-124,-86,38,105,-81,-23,-66,-90,-97,36,-300,-379
-153,-117,36,134,-94,-40,-57,-90,-91,31,-300,-380
-118,-85,32,101,-75,-26,-48,-90,-90,29,-300,-377
-125,-74,51,99,-88,-11,-37,-86,-85,39,-300,-375
-141,-76,66,108,-103,-5,-31,-85,-85,39,-297,-375
-131,-77,54,104,-93,-11,-41,-85,-94,34,-294,-372
-142,-92,50,117,-96,-21,-50,-85,-95,32,-295,-368
-125,-82,42,103,-83,-20,-45,-85,-95,27,-295,-366
-104,-68,36,86,-70,-16,-37,-86,-95,25,-295,-360
-93,-58,35,75,-64,-11,-32,-90,-95,25,-294,-361
-108,-75,34,91,-71,-20,-23,-90,-94,25,-291,-382
-132,-93,39,112,-85,-27,-21,-90,-90,25,-288,-386
-134,-89,45,111,-90,-21,-35,-90,-90,25,-285,-380
-136,-91,45,113,-91,-22,-39,-90,-90,26,-282,-380
-133,-90,43,111,-88,-23,-32,-86,-90,24,-280,-375
-131,-90,41,110,-86,-25,-27,-85,-90,26,-279,-374
-125,-86,39,106,-82,-24,-22,-85,-92,23,-281,-370
-123,-79,44,101,-83,-17,-15,-80,-96,33,-279,-365
-120,-76,44,98,-82,-16,-22,-81,-95,57,-283,-360
-115,-69,46,91,-80,-11,-36,-79,-91,59,-291,-356
-109,-64,45,86,-76,-10,-35,-70,-85,61,-279,-351
-101,-57,44,79,-73,-6,-35,-61,-82,58,-264,-347
-68,-21,47,44,-57,13,-35,-54,-74,66,-253,-338
-33,31,64,1,-49,47,-35,-51,-45,95,-230,-311
-20,93,113,-36,-67,103,-35,-26,-13,134,-200,-274
65,137,72,-101,-4,105,-37,19,20,159,-182,-245
72,137,65,-105,3,101,-52,31,40,150,-180,-238
13,107,94,-60,-41,100,-53,41,42,138,-163,-244
-6,34,40,-14,-24,37,-46,-4,-3,96,-186,-275
-76,-49,27,62,-51,-11,-41,-65,-68,45,-249,-322
-105,-83,22,94,-63,-31,-37,-84,-98,1,-272,-347
-101,-82,19,91,-59,-31,-28,-95,-106,-14,-272,-341
-115,-108,6,111,-60,-51,-28,-81,-111,-16,-287,-340
-124,-111,13,117,-68,-49,-29,-104,-115,-8,-284,-335
-93,-107,-15,100,-39,-61,-31,-71,-94,-3,-280,-329
-112,-115,-2,114,-55,-58,-29,-115,-111,-5,-282,-334
-110,-101,9,105,-59,-46,11,-45,-76,13,-284,-330
-134,-120,14,127,-74,-53,88,34,-72,32,-298,-348
328,106,-222,-217,275,-58,24,833,797,646,247,-28
1018,450,-569,-734,794,-60,-197,1666,1753,1183,814,379
569,429,-140,-499,354,145,-314,-80,380,391,212,176
-1,127,129,-63,-65,128,-402,-1418,-893,-389,-454,-219
-48,-81,-33,64,-7,-57,-328,-699,-519,-254,-414,-339
-87,-79,8,83,-48,-35,-109,-298,-263,-59,-316,-329
-62,-76,-14,70,-23,-45,-59,-155,-171,-10,-275,-324
-78,-75,3,77,-40,-36,-49,-118,-138,40,-256,-320
-82,-69,13,75,-48,-28,-46,-115,-133,49,-255,-312
-100,-71,29,86,-65,-21,-46,-95,-115,42,-255,-310
-70,-49,21,59,-45,-14,-38,-109,-126,37,-255,-303
-84,-90,-5,87,-39,-47,-42,-87,-110,31,-257,-301
-113,-113,0,113,-56,-56,-20,-97,-116,26,-265,-297
-57,-69,-11,63,-22,-40,1,-83,-106,20,-258,-293
-48,-55,-7,51,-20,-31,12,-85,-106,12,-254,-290
-70,-79,-9,75,-31,-44,18,-79,-105,6,-248,-286
-76,-77,-1,77,-37,-39,14,-75,-102,-2,-242,-283
-71,-72,-2,71,-34,-37,2,-72,-100,-9,-238,-278
-73,-68,5,70,-39,-31,-4,-68,-100,-16,-230,-277
-66,-64,2,64,-33,-31,-15,-64,-96,-23,-224,-269
-82,-95,-13,89,-34,-54,-24,-62,-85,-21,-217,-275
-114,-94,20,104,-67,-37,-28,-42,-75,-9,-211,-274
-106,-65,40,85,-73,-13,-7,-1,-52,17,-203,-239
-76,-54,22,65,-49,-16,3,23,-35,42,-191,-224
-51,-41,10,45,-30,-15,-30,51,-24,61,-184,-215
-29,-31,-1,30,-14,-16,-40,82,6,85,-167,-205
0,-17,-18,9,9,-17,-42,123,39,115,-133,-186
49,43,-6,-46,27,18,-41,184,86,165,-93,-145
81,68,-13,-74,47,27,-59,232,131,200,-61,-122
127,70,-57,-98,92,7,-89,272,168,222,-32,-107
167,112,-54,-139,110,29,-101,309,217,247,-4,-87
164,125,-39,-144,101,43,-116,347,252,270,32,-79
191,151,-39,-171,115,56,-120,363,282,296,65,-79
209,170,-39,-190,124,65,-128,335,287,294,57,-76
176,149,-27,-162,101,60,-107,289,254,282,32,-73
127,111,-16,-119,71,47,-85,227,212,258,-8,-88
77,79,3,-78,37,41,-79,151,142,211,-53,-128
16,47,31,-32,-8,39,-67,91,71,163,-102,-163
-35,0,35,17,-35,18,-57,44,24,131,-137,-190
-63,-18,45,41,-54,13,-38,7,-11,118,-162,-210
-81,-29,52,55,-66,11,-27,-18,-30,100,-188,-222
-87,-38,49,63,-67,5,-21,-41,-51,84,-192,-243
-107,-56,51,81,-79,-2,-11,-46,-60,67,-196,-252
-119,-70,49,95,-84,-11,-5,-55,-74,48,-201,-249
-121,-70,51,96,-86,-10,3,-62,-89,37,-203,-254
-123,-68,54,95,-88,-7,8,-56,-90,29,-207,-255
-120,-65,56,92,-88,-5,15,-55,-101,20,-214,-254
-120,-65,55,92,-87,-5,20,-51,-96,10,-210,-250
-118,-63,55,90,-86,-3,14,-50,-91,5,-202,-250
-115,-59,55,86,-85,-2,8,-45,-88,0,-196,-249
-105,-52,53,78,-78,0,4,-38,-82,-5,-189,-244
-114,-65,49,89,-81,-7,-2,-34,-79,-9,-184,-245
-108,-66,42,87,-75,-11,-8,-28,-72,-14,-179,-242
-86,-34,52,60,-69,9,-12,-21,-68,-13,-173,-238
-77,-35,42,56,-59,3,-16,-30,-62,-6,-170,-235
-82,-70,12,75,-47,-28,-19,-42,-57,1,-165,-232
-89,-83,7,86,-48,-38,-23,-39,-50,7,-160,-227
-73,-79,-6,76,-33,-42,-25,-41,-52,15,-163,-226
-68,-80,-12,75,-28,-46,-20,-39,-65,18,-165,-235
-96,-80,16,88,-56,-32,-16,-41,-66,27,-164,-234
-113,-79,33,96,-73,-23,-14,-39,-63,41,-165,-231
-98,-76,22,87,-60,-27,-9,-43,-70,40,-164,-228
-93,-74,19,84,-56,-27,-6,-67,-80,40,-166,-225
-85,-76,9,80,-47,-33,-3,-71,-81,40,-170,-225
-82,-74,8,78,-45,-33,5,-69,-78,40,-170,-225
-112,-76,36,93,-73,-20,9,-75,-77,38,-170,-225
-109,-72,38,90,-73,-17,5,-74,-73,31,-170,-225
-98,-70,29,84,-64,-20,5,-76,-80,24,-169,-225
-92,-70,22,81,-57,-24,5,-81,-95,17,-171,-225
-83,-66,17,74,-49,-25,5,-79,-95,11,-169,-228
-76,-65,10,70,-42,-27,5,-84,-90,5,-174,-230
-73,-64,9,68,-40,-27,2,-91,-89,15,-181,-230
-81,-80,0,80,-40,-40,0,-88,-84,23,-175,-230
-63,-93,-30,78,-17,-61,-3,-85,-86,18,-170,-230
-75,-86,-11,81,-32,-49,-6,-83,-91,15,-166,-229
-103,-85,17,94,-59,-34,-9,-80,-94,12,-161,-224
-96,-81,14,88,-55,-33,-10,-78,-99,7,-157,-221
-89,-80,9,84,-49,-35,-5,-74,-100,4,-154,-218
-101,-77,24,89,-62,-26,-5,-72,-100,0,-155,-213
-116,-74,41,95,-78,-16,-4,-69,-100,-5,-151,-210
-107,-76,32,91,-69,-22,0,-65,-100,-9,-150,-210
-101,-75,26,87,-63,-24,0,-65,-98,-14,-150,-210
-95,-75,19,85,-56,-28,-2,-70,-95,-18,-145,-210
-87,-75,12,81,-49,-31,-6,-70,-95,-23,-145,-210
-83,-75,8,79,-45,-33,-4,-70,-95,-25,-143,-210
-79,-75,4,76,-41,-35,-9,-70,-95,-26,-140,-209
-80,-75,5,77,-42,-35,-10,-70,-95,-31,-140,-204
-80,-75,5,77,-42,-35,-10,-70,-98,-29,-140,-205
-80,-75,5,77,-42,-35,-17,-70,-100,-34,-140,-202
-84,-79,6,81,-45,-36,-24,-70,-100,-45,-140,-199
-90,-80,9,85,-49,-35,-32,-70,-100,-46,-140,-200
-91,-80,11,85,-51,-34,-32,-70,-101,-43,-140,-196
-96,-80,16,87,-56,-32,-30,-71,-99,-52,-140,-189
-92,-81,12,86,-52,-34,-22,-63,-94,-58,-134,-182
-73,-77,-4,75,-35,-40,-31,-65,-86,-48,-140,-176
-63,-78,-16,71,-23,-47,-32,-70,-83,-34,-146,-168
-56,-45,11,50,-33,-17,-12,-36,-61,-9,-115,-154
-37,33,69,2,-53,51,-17,-8,-19,32,-75,-124
-3,87,89,-42,-46,88,-13,9,14,79,-36,-91
36,125,89,-81,-27,107,-20,44,51,114,-8,-88
54,124,69,-90,-8,96,-23,69,59,129,-6,-92
43,49,6,-46,18,27,-29,64,34,94,-21,-87
12,-5,-18,-3,15,-11,-36,-1,-19,30,-63,-106
-35,-44,-9,39,-13,-27,-9,-36,-57,-17,-100,-142
-107,-113,-6,110,-50,-59,-4,-73,-88,-62,-133,-165
-93,-120,-27,107,-33,-73,-6,-79,-101,-72,-147,-168
-87,-115,-28,101,-29,-72,-5,-72,-110,-84,-153,-177
-100,-131,-30,116,-35,-80,-4,-76,-114,-101,-148,-175
-68,-139,-71,104,2,-105,-7,-49,-110,-104,-158,-184
-98,-123,-25,111,-37,-74,7,-80,-127,-93,-153,-181
-125,-144,-19,135,-53,-82,43,-4,-108,-128,-158,-192
-119,-128,-9,123,-55,-68,107,142,39,-14,-86,-149
552,203,-349,-378,450,-73,6,1285,1220,753,602,272
1016,475,-543,-746,780,-34,-212,1499,1643,970,902,549
370,318,-52,-344,211,133,-342,-714,-135,-47,94,207
43,12,-31,-27,37,-10,-425,-1310,-851,-538,-355,-122
6,-119,-125,57,66,-121,-232,-463,-345,-261,-220,-160
-73,-103,-29,88,-22,-65,-57,-235,-180,-106,-150,-142
-39,-106,-67,73,14,-87,-46,-95,-81,-52,-130,-130
-59,-97,-39,78,-10,-68,-5,-95,-102,-30,-127,-125
-42,-95,-53,69,6,-74,-11,-58,-83,-19,-119,-123
-78,-120,-42,100,-18,-81,9,-53,-78,-7,-112,-119
-82,-126,-45,104,-18,-85,12,-53,-76,2,-107,-117
-82,-124,-42,103,-19,-83,24,-39,-63,12,-101,-114
-94,-126,-32,110,-31,-79,27,-46,-69,23,-99,-112
-90,-124,-33,107,-28,-78,30,-30,-58,32,-110,-109
-103,-127,-24,115,-39,-75,61,-35,-62,27,-113,-106
-90,-113,-23,101,-33,-68,60,-22,-54,25,-103,-103
-94,-110,-16,103,-39,-63,59,-19,-55,22,-98,-100
-121,-124,-3,123,-59,-63,66,-10,-49,19,-90,-99
-103,-114,-12,109,-45,-63,73,-5,-39,25,-86,-93
-79,-107,-27,93,-26,-67,66,3,-33,35,-73,-87
-77,-94,-16,86,-30,-55,59,21,-24,44,-57,-81
-74,-84,-10,79,-32,-46,51,40,-18,46,-48,-77
-70,-72,-3,71,-33,-37,44,54,-9,42,-38,-68
-37,-70,-34,54,-1,-52,38,70,15,62,-26,-53
16,-55,-71,20,44,-63,27,112,35,85,-10,-41
38,-31,-69,-4,54,-50,18,150,56,97,17,-22
48,-22,-70,-13,59,-46,6,186,91,114,39,1
88,18,-70,-53,79,-25,-2,247,138,139,71,29
102,32,-70,-67,86,-19,-28,299,190,166,116,51
127,58,-69,-93,98,-5,-42,345,240,196,153,76
166,104,-62,-135,114,21,-43,388,282,227,191,130
168,112,-56,-140,112,28,-62,402,309,238,214,173
177,128,-49,-152,113,39,-58,406,320,247,232,184
171,128,-42,-149,106,43,-53,385,310,241,234,176
141,104,-36,-122,88,34,-52,324,289,201,198,163
101,70,-30,-85,65,20,-43,245,248,147,148,135
64,42,-22,-53,43,10,-20,172,180,94,101,106
26,12,-14,-19,20,-1,0,123,118,49,62,88
-25,-31,-6,28,-9,-18,4,71,76,11,32,53
-52,-51,1,52,-26,-25,30,30,34,-26,15,30
-57,-49,8,52,-32,-20,52,21,9,-53,-1,20
-65,-53,12,58,-38,-20,46,16,0,-60,-11,12
-89,-71,18,79,-53,-26,43,10,-13,-61,-9,8
-100,-77,23,88,-61,-26,41,5,-22,-58,-12,2
-103,-74,29,88,-65,-22,34,0,-33,-55,-15,-4
-103,-72,31,88,-67,-21,39,-2,-35,-52,-15,-9
-97,-69,28,83,-62,-20,54,-6,-35,-50,-13,-7
-111,-71,41,91,-76,-14,57,-9,-39,-47,-10,-4
-110,-65,45,87,-77,-10,52,-13,-41,-44,-10,-1
-105,-66,39,85,-72,-13,63,-15,-39,-45,-10,2
-100,-64,37,82,-68,-13,75,-15,-36,-45,-10,5
-92,-59,33,75,-62,-13,69,-15,-33,-45,-10,6
-90,-62,28,76,-59,-17,64,-15,-31,-44,-3,11
-87,-53,34,70,-60,-10,58,-15,-28,-39,7,16
-116,-66,50,91,-83,-8,52,-10,-24,-34,18,20
-111,-74,37,92,-74,-18,48,-10,-28,-29,25,25
-84,-65,19,74,-51,-22,44,-10,-30,-25,25,30
-75,-62,13,68,-44,-24,46,-10,-33,-20,25,34
-59,-54,5,56,-32,-24,41,-13,-36,-17,25,36
-60,-52,8,56,-34,-22,40,-15,-39,-14,25,40
-61,-47,14,54,-37,-16,40,-19,-41,-11,23,39
-83,-65,18,74,-51,-23,34,-20,-39,-8,18,35
-109,-86,23,97,-65,-32,29,-26,-41,-5,15,33
-109,-81,27,95,-68,-27,23,-22,-38,-6,12,30
-109,-77,32,93,-70,-23,18,-32,-47,-11,7,27
-108,-73,35,90,-71,-19,11,-56,-61,-14,5,24
-102,-68,35,84,-68,-16,16,-54,-60,-17,10,29
-77,-39,37,58,-57,-1,41,-56,-60,-22,10,30
-62,-21,41,42,-51,9,47,-60,-60,-25,11,32
-67,-29,39,48,-53,5,41,-60,-60,-21,15,35
-77,-30,46,53,-61,8,39,-58,-58,-20,15,36
-79,-29,51,54,-65,11,34,-54,-54,-20,15,40
-75,-25,50,50,-62,12,31,-52,-55,-20,15,40
-72,-22,50,47,-61,14,27,-48,-55,-20,15,40
-70,-20,50,45,-60,15,21,-46,-55,-20,15,40
-68,-18,50,43,-58,16,16,-44,-55,-20,15,40
-61,-14,47,37,-53,16,11,-53,-61,-20,15,44
-71,-27,44,48,-57,8,5,-67,-63,-20,19,45
-91,-45,46,67,-68,1,1,-63,-59,-20,23,47
-104,-41,63,72,-83,10,7,-61,-60,-20,28,50
-106,-34,72,70,-89,19,14,-57,-60,-20,30,51
-97,-28,69,62,-83,20,21,-56,-60,-36,30,57
-89,-21,68,55,-78,24,23,-52,-60,-38,30,65
-78,-14,64,46,-71,25,17,-48,-65,-41,30,69
-72,-7,65,39,-68,29,13,-64,-65,-70,29,70
-82,-1,81,41,-81,40,9,-66,-66,-76,26,70
-80,6,86,37,-84,46,3,-64,-70,-77,24,70
-71,12,84,29,-78,47,1,-61,-70,-80,26,70
-61,18,79,22,-71,48,4,-59,-68,-83,23,70
-62,20,82,21,-72,51,18,-59,-64,-91,31,74
-80,20,99,30,-89,59,6,-54,-65,-90,42,75
-80,21,100,30,-90,60,-17,-56,-65,-89,38,77
-76,19,95,28,-85,57,-14,-52,-65,-85,35,80
-73,21,94,26,-84,57,-12,-50,-65,-86,33,80
-66,24,90,21,-79,56,-9,-50,-60,-82,29,86
-64,26,90,19,-77,57,-5,-46,-52,-69,33,89
-64,27,91,19,-78,58,-4,-43,-49,-58,41,95
-39,66,105,-14,-72,85,0,-36,-36,-31,59,107
-17,133,150,-58,-84,141,4,-9,-2,14,104,134
35,183,148,-109,-57,165,8,47,47,71,148,185
102,218,115,-160,-7,166,17,80,87,97,150,222
86,177,91,-132,-2,134,28,85,91,91,140,215
66,119,53,-93,6,86,23,58,60,64,122,170
-15,68,82,-27,-49,75,16,7,14,26,86,139
-79,-10,70,44,-75,30,8,-28,-31,-12,63,120
-56,-21,35,38,-45,7,2,-77,-63,-35,45,110
-62,-28,33,44,-47,2,-7,-59,-47,-35,35,104
-95,-58,37,76,-66,-10,-10,-81,-63,-44,22,93
-94,-60,34,76,-63,-13,-9,-61,-47,-28,27,105
-110,-77,33,93,-71,-22,-12,-75,-61,-44,7,93
-102,-57,45,79,-74,-5,7,-71,-55,-24,19,115
-128,-70,58,98,-93,-6,75,16,-65,-26,-6,87
95,52,-43,-73,69,4,102,420,380,305,278,234
894,430,-464,-661,678,-17,-103,1624,1622,1030,994,694
868,553,-316,-711,592,118,-264,776,1058,687,780,701
167,281,113,-224,26,197,-332,-1280,-659,-299,-38,303
-3,17,20,-7,-12,18,-363,-1000,-660,-409,-167,132
-69,-35,34,52,-52,-1,-153,-338,-237,-146,-44,129
-82,-26,56,54,-69,15,-46,-188,-122,-57,6,130
-72,-33,39,52,-55,3,-52,-69,-43,-28,44,133
-77,-28,49,52,-63,10,-29,-86,-52,-25,48,136
-63,-32,31,47,-47,0,-30,-41,-25,-25,52,135
-64,-28,36,46,-50,4,-14,-60,-38,-22,54,142
-57,-25,32,41,-44,3,-13,-35,-22,-19,54,149
-83,-25,58,54,-70,16,-3,-36,-23,-21,62,155
-79,-25,54,51,-66,15,3,-31,-18,-27,77,157
-80,-26,55,52,-67,15,8,-25,-13,-26,74,169
-80,-25,56,52,-67,15,15,-28,-16,-20,75,181
-76,-22,54,48,-65,16,14,-18,-8,-16,75,179
-72,-19,53,46,-63,16,16,-22,-13,-11,76,182
-64,-15,49,40,-56,17,14,-14,-28,-7,68,185
-57,-15,42,35,-49,14,15,-5,-24,-2,59,184
-57,-8,49,32,-53,20,14,3,-12,6,83,189
-78,-14,64,45,-71,25,7,17,-3,14,98,196
-68,-12,56,40,-62,22,3,26,15,27,91,201
-42,7,48,17,-45,27,-4,65,41,59,102,227
-14,28,42,-7,-28,34,-8,93,67,87,114,252
8,42,34,-25,-13,37,-21,103,73,102,120,255
15,42,27,-29,-6,35,-43,157,109,128,143,274
51,76,25,-64,12,51,-55,200,153,162,171,299
67,90,23,-79,22,56,-73,251,191,191,199,325
91,120,29,-106,31,74,-82,309,243,222,236,357
172,156,-16,-164,93,70,-100,344,280,252,267,378
215,164,-51,-189,133,57,-124,370,316,271,296,407
211,198,-13,-204,112,92,-127,388,346,296,326,436
202,202,0,-202,101,101,-132,383,348,297,326,439
190,196,6,-193,92,100,-122,347,336,277,315,437
157,181,23,-169,67,102,-109,290,311,256,296,421
86,148,62,-118,12,105,-96,217,258,213,256,388
23,112,89,-68,-33,100,-81,157,188,168,207,349
-5,75,80,-35,-43,77,-70,101,130,121,155,318
-24,57,81,-16,-53,68,-60,60,98,80,116,307
-25,48,73,-12,-49,60,-50,29,77,69,100,295
-38,43,81,-3,-60,62,-39,10,59,68,95,284
-65,35,100,15,-83,67,-35,7,42,64,87,279
-70,30,101,20,-86,65,-33,2,31,63,79,276
-77,22,99,28,-88,60,-30,-1,27,58,72,272
-74,22,96,25,-85,59,-27,-6,22,65,69,268
-57,37,94,10,-76,65,-25,-12,18,80,71,265
-64,33,97,15,-81,65,-22,-15,15,80,69,261
-79,31,109,24,-94,70,-21,-20,15,79,71,259
-80,27,107,26,-94,67,-42,-25,15,83,69,261
-76,25,101,25,-89,62,-57,-22,15,92,72,277
-76,23,98,26,-87,60,-58,-18,15,104,74,286
-75,17,92,29,-84,54,-69,-14,18,119,73,288
-55,33,89,11,-72,61,-66,-11,36,143,96,306
-42,43,84,-1,-63,63,-59,-6,46,160,102,315
-42,39,81,1,-61,60,-53,-6,45,163,95,315
-40,37,78,1,-59,58,-45,-13,44,156,95,315
-40,33,73,3,-57,53,-41,-17,40,149,90,315
-39,31,70,4,-54,51,-33,-23,40,143,90,314
-41,29,70,6,-55,49,-46,-27,37,133,85,316
-44,26,70,9,-58,48,-62,-36,29,122,81,320
-47,23,70,12,-59,46,-60,-27,21,110,79,320
-50,20,70,15,-60,45,-59,-30,15,100,74,319
-52,18,70,18,-61,43,-70,-51,13,92,71,320
-54,14,69,20,-62,41,-73,-50,10,86,67,320
-49,15,64,16,-57,40,-55,-48,8,79,65,320
-43,15,58,14,-51,36,-47,-45,4,72,65,330
-40,16,56,12,-49,36,-38,-46,7,67,61,336
-33,14,48,9,-41,31,-37,-40,11,60,60,334
-33,16,49,8,-41,32,-62,-53,9,53,60,335
-19,14,33,2,-26,24,-72,-73,6,45,56,335
-23,9,32,6,-27,20,-69,-69,3,39,54,334
-49,15,64,17,-57,39,-70,-70,1,30,64,343
-48,8,57,20,-53,32,-70,-70,-3,27,69,351
-47,-3,45,25,-46,21,-68,-70,-6,30,62,345
-64,-23,41,43,-52,9,-76,-67,-3,29,57,342
-67,-43,25,55,-46,-9,-87,-62,0,36,52,339
-69,-37,32,53,-50,-2,-84,-59,3,32,45,333
-82,-32,49,57,-65,8,-85,-56,6,51,54,350
-73,-29,44,51,-59,7,-85,-50,9,75,61,361
-61,-23,38,42,-49,7,-84,-54,10,72,59,359
-55,-22,33,38,-44,6,-89,-70,5,86,60,360
-49,-22,27,35,-37,2,-89,-71,5,92,60,359
-58,-35,23,47,-40,-6,-93,-75,4,100,60,377
-55,-38,18,46,-36,-10,-95,-73,0,107,56,387
-52,-37,15,44,-33,-11,-95,-69,0,103,54,384
-65,-54,11,60,-38,-21,-103,-71,2,103,55,385
-64,-56,8,59,-35,-24,-104,-69,6,99,55,392
-58,-54,4,55,-30,-25,-96,-71,8,101,55,401
-55,-56,-1,56,-26,-28,-94,-68,11,107,55,407
-40,-54,-14,47,-12,-34,-88,-73,14,117,55,411
-41,-57,-16,49,-12,-36,-85,-85,16,118,55,416
-55,-60,-5,58,-25,-32,-90,-85,20,113,55,436
-67,-60,7,63,-37,-26,-90,-85,20,129,55,441
-93,-60,33,77,-63,-14,-91,-85,15,136,55,439
-91,-59,32,75,-62,-13,-88,-85,14,134,55,445
-72,-61,11,66,-42,-25,-94,-84,9,139,55,443
-56,-55,1,56,-29,-27,-104,-76,11,139,55,447
-48,-47,1,47,-24,-23,-99,-70,25,142,56,449
-56,-39,17,48,-37,-11,-93,-66,38,143,66,462
-23,18,41,2,-32,30,-88,-45,55,174,100,503
29,92,63,-61,-17,77,-82,-16,80,218,134,544
81,140,59,-111,11,99,-80,27,131,257,176,581
120,166,46,-143,37,106,-81,43,150,290,201,603
87,126,39,-107,24,82,-77,48,131,264,175,586
17,39,21,-28,-2,30,-96,10,113,217,121,547
-36,-26,10,31,-23,-8,-93,-61,69,183,82,520
-43,-58,-15,51,-14,-36,-68,-76,25,138,65,510
-32,-71,-40,51,4,-55,-63,-97,7,125,60,509
-54,-109,-55,81,1,-82,-74,-99,12,118,50,502
-82,-117,-34,100,-24,-75,-84,-128,-4,113,39,499
-70,-108,-38,89,-16,-73,-66,-93,10,111,37,494
-55,-97,-42,76,-6,-70,-66,-123,-18,96,15,494
-45,-97,-52,72,3,-74,-34,-73,18,109,23,501
-108,-151,-43,130,-32,-97,40,44,41,111,4,464
279,55,-224,-167,252,-84,-18,548,657,583,437,733
1006,400,-608,-703,807,-104,-236,1503,1714,1174,1063,1172
685,482,-204,-583,444,139,-286,371,783,644,635,1077
7,239,232,-123,-113,235,-274,-1269,-683,-180,-77,700
-45,-13,32,28,-38,10,-314,-876,-532,-220,-138,551
-42,-28,14,36,-28,-7,-164,-357,-193,-16,-42,555
-51,-62,-10,57,-20,-36,-68,-181,-67,78,5,555
-23,-80,-57,52,17,-68,-47,-110,-36,108,24,553
-19,-62,-43,41,12,-52,-24,-123,-49,108,31,557
-11,-68,-57,39,23,-62,-52,-98,-23,113,29,552
3,-57,-60,27,32,-58,-46,-119,-34,117,34,567
-7,-54,-47,31,20,-50,-43,-98,-14,126,55,593
-32,-62,-30,47,-1,-46,-38,-110,-19,111,55,596
-31,-83,-52,57,10,-67,-33,-101,-10,94,54,593
-24,-79,-55,52,15,-67,-30,-96,-9,88,51,596
-34,-82,-48,58,8,-65,-29,-90,-5,80,49,593
-38,-86,-48,62,6,-67,-31,-81,0,74,52,597
-43,-84,-41,64,0,-62,-29,-77,1,67,55,604
-42,-82,-40,62,-1,-60,-31,-69,10,61,55,605
-20,-71,-51,45,16,-60,-29,-63,14,64,60,604
-15,-65,-50,40,18,-57,-33,-54,15,65,59,607
-11,-54,-43,33,16,-49,-35,-46,14,65,64,626
-13,-46,-32,30,10,-39,-35,-34,17,65,71,634
21,-33,-54,7,38,-43,-39,-5,37,64,77,642
61,-21,-83,-20,72,-52,-40,25,68,83,101,667
69,-10,-79,-29,74,-45,-41,46,84,108,115,680
86,7,-79,-46,83,-36,-44,86,111,133,133,703
98,15,-83,-56,90,-33,-66,120,142,161,154,718
148,44,-104,-95,125,-30,-85,165,178,202,183,742
162,56,-106,-109,134,-25,-103,218,222,237,218,778
187,86,-101,-136,144,-7,-125,248,252,267,243,797
248,134,-113,-191,180,10,-119,287,294,312,281,831
247,142,-104,-194,176,19,-112,309,320,327,304,855
251,162,-89,-206,170,36,-107,300,311,320,298,854
226,150,-76,-187,150,37,-98,255,294,309,283,841
188,127,-61,-157,124,33,-94,203,267,297,257,824
150,101,-49,-125,99,26,-82,147,217,266,212,798
98,62,-36,-80,67,12,-71,77,149,216,170,760
73,48,-25,-60,49,11,-53,34,104,175,129,739
51,36,-15,-43,33,11,-23,-4,70,147,98,728
31,25,-5,-28,18,10,-14,-40,42,132,91,717
7,12,6,-10,0,9,-16,-54,25,118,84,714
-18,-6,13,12,-15,3,-14,-59,8,113,78,711
-41,-33,9,37,-25,-12,-16,-58,0,110,70,709
-50,-51,-1,51,-25,-26,-10,-55,-3,106,65,705
-63,-49,13,56,-38,-18,-1,-55,-7,102,70,704
-77,-50,26,63,-52,-12,8,-51,-10,100,69,710
-64,-50,15,57,-39,-17,14,-49,-15,105,77,709
-57,-50,7,54,-32,-21,9,-51,-13,108,86,711
-47,-49,-2,48,-22,-25,3,-48,-9,110,84,715
-32,-44,-12,39,-10,-28,0,-59,-7,118,85,714
-24,-41,-16,33,-4,-28,-5,-64,-4,121,85,715
-14,-38,-23,26,5,-30,-10,-57,-1,119,83,712
-7,-34,-27,21,10,-30,-6,-53,1,120,89,726
5,-29,-34,13,19,-31,-1,-46,5,120,96,742
5,-34,-39,15,22,-36,3,-42,10,120,95,738
0,-35,-35,17,18,-34,4,-35,14,114,95,742
14,-38,-52,12,34,-45,0,-32,13,108,95,745
21,-40,-62,10,41,-51,-2,-26,8,104,95,744
14,-40,-53,14,33,-46,-5,-27,5,97,92,749
-3,-55,-53,29,25,-54,-8,-46,2,93,87,749
-15,-62,-47,38,16,-54,-10,-52,-3,86,84,750
-15,-59,-44,37,14,-51,-7,-53,-5,72,81,754
-5,-61,-56,33,26,-58,-2,-57,-11,58,76,754
6,-59,-66,27,36,-62,0,-63,-17,49,76,756
5,-60,-65,28,35,-62,5,-64,-21,43,80,759
3,-60,-63,29,33,-61,8,-57,-27,39,80,762
2,-58,-61,28,31,-60,10,-57,-33,32,84,765
-9,-69,-59,39,25,-64,2,-50,-33,28,85,768
-25,-83,-58,54,17,-71,1,-52,-29,22,87,770
-48,-91,-43,69,-2,-66,-6,-72,-27,20,91,774
-54,-89,-35,72,-10,-61,-7,-72,-24,19,89,774
