I,II,III,aVR,aVL,aVF,V1,V2,V3,V4,V5,V6
439,15,-423,-226,430,-204,-75,589,-136,-144,-220,-27
507,20,-487,-263,497,-234,-120,578,-160,-167,-239,-37
485,13,-472,-249,478,-229,-111,564,-151,-162,-226,-35
522,10,-512,-266,517,-250,-107,560,-147,-160,-215,-20
479,26,-453,-252,466,-213,-98,554,-139,-155,-189,-8
447,11,-436,-229,442,-212,-94,549,-152,-151,-178,-14
461,6,-455,-233,458,-225,-88,543,-149,-149,-181,-17
481,49,-431,-265,456,-191,-85,539,-142,-141,-179,-1
485,44,-441,-264,463,-198,-80,532,-125,-134,-180,20
438,1,-437,-219,437,-217,-76,525,-119,-127,-180,23
458,65,-393,-261,426,-164,-79,526,-140,-121,-178,9
485,87,-398,-286,441,-155,-73,522,-110,-119,-175,44
436,64,-371,-250,403,-154,-57,534,-103,-120,-172,72
496,109,-387,-303,442,-139,-47,537,-107,-120,-170,81
523,104,-420,-313,471,-158,-88,513,-102,-120,-166,89
497,94,-403,-295,449,-154,-120,501,-109,-122,-165,80
508,73,-435,-290,471,-180,-117,493,-99,-129,-168,103
521,84,-437,-302,479,-176,-119,460,-142,-131,-171,116
491,117,-375,-304,433,-129,-113,424,-128,-126,-172,114
431,43,-387,-237,409,-172,-112,441,-119,-141,-175,116
437,-1,-438,-218,438,-220,-107,423,-166,-156,-176,113
391,-27,-418,-182,405,-222,-85,420,-150,-176,-166,118
343,-60,-403,-141,374,-232,-71,444,-151,-201,-176,105
302,-47,-348,-127,325,-197,-73,421,-123,-178,-158,100
293,-65,-358,-114,326,-211,-65,415,-142,-185,-173,82
330,-8,-337,-161,334,-172,-65,408,-169,-157,-148,96
340,56,-284,-198,312,-114,-59,410,-134,-86,-97,125
387,201,-186,-294,286,8,-44,399,-29,104,83,245
459,120,-339,-290,399,-109,5,700,315,183,152,243
541,-447,-988,-47,765,-717,37,959,325,-369,-445,-189
486,-479,-965,-3,725,-722,-131,313,-267,-697,-717,-299
345,-231,-576,-57,461,-404,-291,-262,-707,-573,-510,-109
311,-163,-475,-74,393,-319,-266,-69,-604,-453,-388,-64
277,-62,-339,-107,308,-200,-165,187,-320,-258,-220,30
294,-49,-342,-122,318,-195,-100,315,-202,-217,-188,69
295,-9,-303,-143,299,-156,-100,361,-176,-216,-170,113
270,-38,-309,-116,289,-173,-88,331,-155,-203,-140,136
268,-25,-293,-121,280,-159,-76,341,-147,-211,-137,119
235,-40,-275,-98,255,-157,-78,321,-176,-200,-133,125
246,-79,-325,-83,286,-202,-83,271,-206,-208,-131,124
234,-27,-261,-104,248,-144,-87,294,-218,-205,-131,126
263,-40,-303,-111,283,-172,-107,260,-211,-201,-114,105
308,-24,-332,-142,320,-178,-126,224,-218,-217,-85,113
314,33,-282,-173,298,-124,-149,239,-258,-202,-118,116
331,18,-313,-174,322,-147,-162,222,-261,-203,-119,108
348,29,-319,-188,334,-145,-151,238,-247,-237,-89,94
355,39,-317,-197,336,-139,-147,239,-245,-214,-61,116
310,23,-287,-166,298,-132,-139,228,-212,-206,-51,166
278,31,-248,-154,263,-108,-132,219,-186,-200,-60,137
345,66,-279,-205,312,-107,-126,224,-193,-191,-53,155
340,87,-253,-213,296,-83,-139,234,-180,-187,-44,176
349,50,-299,-199,324,-124,-171,217,-193,-178,-19,164
437,64,-373,-250,405,-154,-187,228,-184,-175,10,156
431,83,-349,-256,390,-133,-182,235,-151,-166,40,158
432,83,-349,-258,391,-133,-179,265,-157,-162,95,177
431,57,-374,-244,402,-159,-193,290,-153,-153,116,143
418,59,-359,-238,388,-150,-190,282,-127,-149,105,143
419,80,-339,-250,379,-129,-147,286,-106,-139,100,149
420,65,-355,-242,387,-145,-119,296,-104,-145,92,133
408,70,-338,-239,373,-134,-105,301,-101,-166,102,136
369,62,-308,-215,338,-123,-88,296,-98,-168,90,124
384,60,-324,-222,354,-131,-92,294,-95,-175,56,109
357,57,-300,-207,328,-121,-97,289,-96,-170,26,91
331,50,-281,-190,306,-115,-100,279,-100,-174,-3,83
398,50,-348,-224,373,-149,-105,275,-100,-192,-19,75
379,41,-338,-209,358,-148,-110,275,-105,-189,-33,63
367,36,-330,-201,348,-147,-112,277,-105,-191,-35,73
318,-20,-337,-149,327,-178,-124,267,-99,-187,-20,83
298,-26,-323,-136,311,-174,-129,255,-85,-179,4,71
369,57,-312,-213,340,-127,-122,266,-79,-171,22,61
278,29,-249,-153,263,-110,-118,249,-76,-163,59,84
287,19,-268,-152,277,-125,-110,236,-72,-159,101,105
344,53,-291,-198,318,-119,-107,222,-70,-151,90,93
321,47,-274,-184,297,-113,-99,239,-61,-153,109,95
325,45,-280,-184,302,-117,-91,272,-74,-154,138,88
326,52,-274,-189,300,-110,-77,272,-90,-156,140,84
357,73,-284,-215,321,-106,-82,260,-92,-157,155,111
363,58,-305,-210,334,-124,-135,220,-86,-163,122,103
374,51,-323,-212,348,-135,-160,209,-95,-156,76,88
395,47,-348,-220,371,-150,-150,183,-127,-152,48,70
352,5,-348,-178,350,-171,-143,161,-136,-178,11,46
310,-16,-326,-147,318,-171,-134,170,-119,-158,0,52
345,13,-332,-179,338,-159,-136,188,-135,-173,-17,57
272,-36,-308,-118,290,-172,-144,177,-161,-194,-39,37
215,-105,-320,-55,268,-212,-113,156,-155,-196,-74,9
221,-82,-303,-70,263,-192,-91,176,-146,-176,-50,41
218,-70,-288,-74,254,-179,-111,197,-132,-178,-61,25
272,-33,-305,-119,288,-169,-117,184,-143,-174,-60,-3
257,8,-249,-132,253,-120,-99,150,-162,-118,22,34
272,105,-166,-188,219,-30,-97,75,-148,-34,136,114
347,119,-227,-233,287,-54,-93,288,139,160,333,212
445,-337,-782,-54,613,-559,-27,728,358,-227,-102,-143
435,-553,-988,59,712,-770,-153,306,-96,-712,-558,-440
288,-331,-619,21,454,-475,-380,-451,-653,-629,-377,-279
197,-226,-423,15,310,-324,-334,-387,-629,-505,-241,-174
219,-101,-320,-59,269,-210,-202,-17,-313,-298,-41,-33
235,-69,-304,-82,269,-186,-135,108,-187,-195,55,41
204,-83,-288,-60,246,-185,-97,112,-157,-175,24,18
201,-64,-265,-68,234,-164,-90,128,-133,-145,32,20
180,-58,-238,-61,209,-147,-90,116,-146,-163,11,8
154,-59,-213,-47,184,-136,-90,106,-134,-147,2,17
140,-97,-236,-21,188,-166,-90,99,-135,-153,-33,35
148,-78,-226,-35,188,-152,-89,97,-158,-149,-62,49
158,-80,-237,-39,198,-158,-91,102,-156,-145,-89,34
180,-55,-235,-62,208,-145,-89,99,-149,-136,-83,24
200,-24,-224,-88,212,-124,-90,100,-147,-123,-71,31
158,-63,-221,-47,189,-142,-102,91,-141,-117,-54,42
169,-35,-204,-66,187,-119,-104,77,-137,-105,-27,50
184,-12,-196,-86,190,-104,-98,73,-128,-100,2,45
147,-49,-196,-49,172,-122,-97,77,-120,-103,40,50
179,-16,-195,-81,187,-106,-90,82,-111,-82,62,74
176,8,-168,-92,172,-80,-93,84,-104,-74,67,78
213,26,-186,-119,199,-80,-118,82,-98,-74,72,95
317,93,-224,-205,270,-65,-122,105,-94,-55,69,121
293,57,-236,-174,264,-89,-133,136,-87,-62,17,119
278,2,-276,-140,277,-137,-154,135,-83,-75,-41,116
277,10,-266,-143,271,-128,-142,127,-73,-59,-67,114
287,16,-271,-152,279,-127,-131,142,-36,-52,-78,110
330,38,-292,-184,310,-126,-119,153,-19,-56,-78,110
313,37,-277,-175,295,-120,-107,160,-21,-54,-76,109
287,12,-275,-149,281,-131,-101,177,-22,-59,-74,111
275,14,-261,-144,267,-123,-91,175,-32,-60,-76,102
254,0,-254,-127,254,-127,-84,173,-32,-59,-64,85
228,-9,-237,-109,233,-123,-77,170,-28,-55,-40,75
243,28,-214,-135,228,-93,-68,169,-22,-55,-18,65
242,30,-212,-136,227,-91,-62,169,-19,-54,1,61
228,15,-213,-121,220,-99,-63,159,-13,-50,9,54
197,11,-186,-104,191,-87,-67,156,-11,-50,18,51
224,25,-199,-124,211,-87,-69,145,-24,-52,-7,41
172,-19,-192,-76,182,-105,-73,146,-16,-62,-41,44
115,-61,-176,-27,146,-118,-76,165,-16,-60,-65,84
238,-16,-254,-111,246,-135,-72,149,-39,-52,-110,93
218,2,-216,-109,217,-107,-69,135,-31,-47,-109,88
223,38,-185,-130,204,-73,-61,135,-32,-37,-99,92
206,39,-167,-122,186,-64,-62,123,-22,-33,-90,89
147,32,-115,-90,131,-41,-45,138,8,-17,-75,91
246,62,-183,-154,214,-60,-37,159,3,-10,-87,90
277,99,-178,-188,227,-39,-33,140,16,4,-47,91
285,116,-169,-200,227,-26,-39,143,-9,14,-30,110
247,38,-209,-142,228,-85,-107,137,-50,-35,-29,103
227,10,-217,-118,222,-103,-121,97,-49,-53,-8,85
248,28,-220,-138,234,-96,-107,90,-73,-52,-42,86
208,26,-182,-117,195,-78,-89,81,-69,-52,-56,76
180,6,-175,-93,178,-84,-50,77,-56,-43,-60,64
157,-13,-170,-72,164,-91,-52,66,-61,-41,-62,60
129,-49,-179,-40,154,-114,-45,62,-58,-66,-84,36
114,-53,-166,-30,140,-109,-45,60,-63,-76,-104,24
115,-48,-163,-33,139,-105,-40,58,-56,-55,-102,28
90,-93,-183,1,137,-137,-39,70,-65,-64,-113,19
54,-43,-98,-5,76,-70,-53,30,-72,-17,-61,39
66,80,14,-73,26,47,-39,-77,-121,39,-3,93
174,203,29,-189,72,116,-39,20,59,241,195,238
289,-161,-449,-64,369,-305,13,552,443,55,-39,4
281,-543,-824,131,553,-683,-74,407,163,-520,-609,-405
195,-345,-541,75,368,-443,-326,-478,-533,-586,-595,-321
86,-208,-294,61,190,-250,-331,-570,-628,-439,-418,-183
76,-138,-214,32,145,-176,-173,-171,-280,-234,-262,-92
85,-76,-160,-4,123,-118,-83,-12,-120,-93,-145,-15
17,-69,-85,26,51,-77,-49,36,-86,-65,-128,1
47,-57,-103,5,75,-80,-45,45,-60,-33,-112,31
108,-35,-143,-37,126,-88,-45,40,-69,-88,-110,19
75,-26,-101,-24,88,-63,-46,-7,-81,-77,-130,8
70,-35,-104,-17,87,-69,-44,-2,-111,-78,-162,0
96,-16,-112,-40,104,-64,-46,15,-99,-73,-165,28
35,-69,-104,17,70,-86,-40,-35,-94,-62,-195,36
34,-22,-56,-6,46,-39,-41,-35,-107,-63,-185,22
98,49,-49,-74,74,0,-34,-28,-95,-48,-171,23
67,6,-61,-36,64,-27,-37,-29,-95,-50,-151,12
72,15,-56,-43,64,-20,-70,-20,-117,-35,-147,-3
105,47,-58,-76,82,-6,-62,-22,-99,-35,-120,19
15,45,29,-30,-7,37,-19,5,-76,-8,-68,63
30,56,26,-43,2,41,-12,36,-82,37,-65,82
120,66,-54,-92,86,6,-34,34,-76,20,-53,86
102,66,-36,-84,69,15,-49,27,-57,33,-61,85
156,72,-84,-114,120,-6,-64,56,-39,49,-67,84
180,77,-104,-128,141,-13,-62,85,-16,44,-90,87
143,76,-67,-109,105,5,-58,121,5,43,-109,81
152,96,-56,-124,103,20,-55,130,36,50,-116,91
181,91,-90,-136,135,1,-50,131,61,68,-157,103
226,102,-125,-163,175,-11,-45,152,59,59,-162,89
193,98,-95,-145,144,2,-21,152,70,58,-144,80
129,65,-64,-97,96,1,-10,134,64,53,-131,69
101,57,-45,-79,73,6,-6,125,50,50,-122,56
112,35,-77,-74,94,-20,-3,124,40,44,-123,46
146,74,-72,-109,109,1,4,99,34,27,-106,37
135,65,-70,-99,102,-2,10,94,34,16,-112,36
101,46,-55,-73,77,-4,14,73,27,7,-111,27
88,76,-11,-82,50,32,50,88,37,24,-94,39
104,69,-35,-87,70,17,62,124,42,29,-127,51
95,72,-23,-83,58,25,45,100,35,37,-127,39
80,64,-16,-72,48,24,28,88,14,49,-140,26
14,39,24,-27,-5,31,37,82,25,39,-176,20
21,48,27,-34,-3,37,57,73,47,41,-167,11
79,72,-8,-76,43,32,47,69,38,34,-167,8
24,62,39,-43,-7,50,45,59,34,38,-160,39
46,77,31,-61,7,54,41,57,30,64,-154,48
105,118,13,-111,45,65,34,66,26,65,-149,40
82,122,40,-102,21,81,41,57,16,65,-136,41
56,107,51,-82,3,78,49,71,38,65,-127,34
87,124,36,-106,25,80,39,78,58,65,-104,36
86,113,27,-100,29,70,28,56,45,65,-70,41
72,81,10,-77,30,45,25,43,42,47,-72,53
84,105,21,-95,31,63,17,22,33,36,-79,48
108,114,5,-111,52,59,14,11,14,2,-72,52
107,77,-30,-92,69,23,5,0,2,-5,-97,40
9,19,10,-14,-1,14,13,-4,-29,17,-110,-11
-61,-16,46,38,-53,15,33,-4,-28,-7,-99,-3
-38,-11,27,25,-33,8,49,16,-1,-19,-126,-9
-27,10,36,8,-32,23,61,1,-37,6,-140,-27
-48,-20,27,34,-37,3,56,-24,-55,-27,-171,-45
-45,-22,23,33,-34,1,54,-4,-57,-25,-165,-42
-57,37,94,10,-76,65,49,-33,-39,36,-103,-5
-49,132,181,-42,-115,156,48,-103,-7,124,2,77
44,219,175,-132,-66,197,84,92,238,341,215,207
120,-228,-348,54,234,-288,131,535,460,-11,-194,-129
144,-532,-676,194,410,-604,12,170,10,-540,-719,-474
6,-266,-273,130,140,-269,-178,-635,-574,-479,-562,-304
-151,-159,-8,155,-71,-83,-178,-616,-589,-364,-392,-189
-116,-53,63,84,-89,5,-77,-263,-261,-187,-237,-120
-79,21,100,29,-90,61,-9,-82,-64,-53,-132,-59
-106,5,111,50,-108,58,34,-21,-57,-39,-105,-48
-126,16,142,55,-134,79,76,-56,-47,-18,-60,-26
-107,16,124,45,-115,70,81,-75,-39,-20,-72,-30
-100,35,135,32,-118,85,64,-60,-37,-4,-59,-2
-126,17,143,54,-134,80,52,-62,-53,-6,-72,-15
-167,-35,132,101,-149,48,63,-70,-78,2,-90,-22
-177,-28,150,102,-163,61,71,-62,-73,5,-89,-17
-202,9,211,96,-206,110,61,-64,-60,32,-74,-28
-177,25,202,75,-189,113,60,-41,-53,41,-77,-3
-113,62,174,25,-144,118,52,-49,-50,31,-75,4
-105,73,178,16,-142,125,51,-67,-44,30,-41,19
-81,94,175,-7,-128,135,39,-49,-42,31,-24,22
-132,72,204,29,-168,138,68,-49,-33,59,-5,34
-144,45,189,49,-166,116,74,-33,-36,56,-1,88
-158,45,203,56,-181,124,40,-55,-36,58,13,84
-180,28,208,75,-194,118,55,-60,-43,95,51,57
-49,109,158,-30,-104,134,48,2,-51,102,56,89
15,130,115,-73,-50,122,36,-15,-20,99,43,108
-17,108,125,-46,-71,117,39,-6,10,101,53,96
-59,105,165,-23,-112,135,30,43,36,99,87,94
-61,75,136,-7,-98,105,30,51,46,99,103,88
-28,92,120,-32,-75,106,24,73,68,84,117,86
-37,84,121,-24,-79,103,31,80,81,66,124,72
-62,88,150,-13,-106,119,60,74,68,62,116,56
-70,94,164,-12,-117,129,62,65,61,38,107,37
-102,79,181,11,-142,130,77,76,65,53,115,45
-101,73,173,14,-137,123,79,64,48,62,115,15
-68,65,132,1,-100,98,54,44,34,18,89,-26
-142,45,186,48,-164,115,76,58,43,-1,83,-14
-118,57,176,31,-147,116,84,50,31,5,73,-41
-61,99,160,-19,-110,129,75,46,25,27,62,-43
-71,78,149,-3,-111,113,70,47,18,31,59,-31
-60,69,129,-5,-94,99,61,35,12,30,55,-31
-104,71,175,16,-139,123,57,49,53,24,51,-30
-115,58,173,28,-145,115,65,68,73,29,50,-22
-114,78,192,18,-153,135,69,46,55,12,36,-38
-110,82,192,14,-151,137,56,48,66,-15,61,-46
-122,74,196,24,-159,135,55,36,52,22,83,-16
-107,86,193,10,-150,139,43,24,44,33,88,-31
-36,119,155,-42,-96,137,45,45,71,27,129,-30
-38,134,172,-49,-105,153,74,36,72,33,141,-12
-22,125,147,-52,-85,136,58,29,66,26,141,-16
-35,123,158,-45,-97,141,30,22,73,32,168,14
-55,116,171,-31,-113,143,16,20,65,27,174,19
-23,116,138,-47,-81,127,6,18,30,-4,151,-7
-38,103,142,-32,-90,122,1,9,16,-40,134,-23
-38,102,140,-32,-89,120,-5,-5,9,-46,130,-40
-65,74,139,-4,-103,106,8,-13,-3,-35,112,-39
-96,45,141,26,-119,93,26,-30,-12,-44,92,-57
-103,36,139,34,-121,87,46,-36,-19,-58,87,-79
-133,6,139,63,-136,72,44,-28,-26,-65,64,-78
-97,32,129,32,-113,80,35,-26,-9,-53,111,-62
-138,-8,130,72,-134,61,35,-9,-13,-67,126,-68
-158,15,173,71,-166,94,19,-28,6,-7,152,-45
-123,133,256,-5,-190,194,65,-49,24,70,237,0
-121,210,331,-45,-227,270,81,-5,146,237,421,95
31,-40,-71,5,51,-56,89,386,458,154,312,-32
100,-486,-586,193,343,-535,71,445,298,-417,-279,-455
-22,-383,-361,203,170,-372,-109,-337,-324,-546,-352,-460
-160,-151,9,155,-85,-70,-192,-659,-590,-413,-161,-262
-229,-120,109,175,-169,-6,-123,-356,-354,-292,-67,-206
-195,-63,131,129,-163,34,-37,-138,-104,-99,92,-124
-160,-31,129,95,-144,49,5,-75,-66,-68,97,-100
-165,13,178,76,-172,95,32,-88,-56,-37,131,-92
-141,27,169,57,-156,98,41,-71,-44,-59,129,-92
-186,-32,154,108,-170,61,21,-73,-41,-71,99,-89
-179,-31,147,105,-163,58,29,-64,-33,-58,112,-84
-126,-2,124,64,-125,61,19,-60,-28,-58,111,-87
-218,-43,175,131,-196,65,10,-53,-29,-36,112,-91
-170,17,187,76,-178,102,26,-50,-46,-30,121,-83
-160,23,183,68,-171,103,47,-71,-46,-7,135,-66
-230,-15,214,122,-222,99,45,-68,-33,13,150,-73
-198,5,203,96,-200,104,40,-86,-51,-8,151,-71
-190,14,203,87,-197,109,39,-89,-60,-11,178,-62
-147,55,201,46,-174,128,24,-80,-48,17,193,-54
-138,42,179,48,-159,110,8,-79,-47,14,168,-46
-139,31,170,54,-155,100,-6,-72,-39,17,166,-39
-111,48,159,31,-135,103,-14,-70,-35,35,159,-34
-116,40,156,37,-136,98,-25,-54,-23,34,154,-32
-98,43,141,27,-120,92,-34,-44,-18,39,146,-15
-46,80,126,-17,-87,103,-26,-24,0,68,140,20
-32,101,133,-35,-83,116,-40,-31,46,88,130,41
-27,92,119,-33,-74,106,-64,-10,68,90,142,39
-24,75,99,-25,-62,87,-57,43,90,86,192,44
-13,74,87,-30,-50,80,-56,39,99,85,197,29
-60,74,134,-7,-98,104,-46,33,92,80,193,6
-105,57,161,24,-133,109,3,34,93,81,203,-4
-60,52,111,4,-86,81,18,31,88,73,196,-33
-115,53,168,31,-141,110,36,47,89,68,203,-25
-112,42,154,34,-134,98,76,64,110,95,203,-39
-72,49,121,11,-97,85,74,32,116,95,174,-71
-105,60,165,22,-135,112,65,35,108,84,165,-57
-87,60,146,13,-116,103,58,55,108,80,159,-59
-126,51,177,37,-151,114,52,47,102,68,142,-52
-172,-4,168,88,-170,82,40,51,100,69,98,-50
-130,-5,125,67,-127,59,43,44,93,67,58,-58
-110,33,143,39,-127,88,63,46,90,73,62,-37
-124,37,161,44,-143,99,59,45,85,79,59,-15
-91,40,132,25,-112,86,58,45,80,81,60,-26
-84,89,173,-3,-129,130,55,45,94,80,61,-40
-150,68,218,41,-185,143,53,45,102,78,59,-25
-154,27,181,63,-168,104,68,46,100,96,75,-20
-69,89,158,-10,-114,124,72,43,98,100,91,-1
-103,88,190,7,-147,139,63,64,119,120,119,21
-113,77,190,18,-152,133,56,61,117,131,127,13
-73,75,149,-1,-111,111,55,36,100,108,109,4
-120,61,181,29,-151,121,54,27,107,106,102,-5
-111,52,164,29,-137,108,51,10,83,88,73,-11
-68,55,122,6,-95,88,50,-3,73,84,45,-31
-89,25,114,32,-102,69,50,-17,77,65,31,-56
-184,-53,131,118,-157,38,60,-9,73,62,23,-50
-204,-69,135,136,-169,32,49,18,74,84,-20,-73
-215,-73,143,144,-179,35,50,7,56,92,-26,-69
-223,-89,134,156,-178,22,90,7,59,98,1,-47
-188,-71,117,129,-153,23,97,-5,36,91,-13,-51
-210,-5,205,107,-208,100,94,-43,26,116,41,-15
-202,125,327,38,-265,226,109,-137,8,164,131,37
-92,200,292,-54,-192,246,97,-19,193,362,340,155
23,-207,-231,92,127,-219,123,510,537,120,35,-107
-13,-580,-567,297,278,-573,13,287,211,-441,-529,-483
-126,-402,-276,264,75,-339,-230,-578,-472,-477,-475,-381
-180,-233,-53,207,-63,-143,-217,-608,-517,-339,-319,-243
-224,-142,81,183,-152,-30,-41,-185,-158,-109,-151,-143
-256,-89,167,172,-211,39,54,-35,-16,42,-46,-78
-223,-61,162,142,-193,50,61,-23,7,31,-16,-63
-239,-58,181,148,-209,61,85,-26,56,86,1,-60
-200,-44,156,122,-178,55,98,-18,47,79,-18,-83
-184,3,186,90,-185,94,82,-3,35,75,24,-70
-279,-68,211,173,-244,71,85,-32,25,70,3,-68
-271,-75,196,173,-233,60,76,-53,18,61,-10,-58
-246,-52,194,149,-220,71,75,-28,16,63,-8,-52
-286,-81,205,183,-245,62,86,-13,21,74,17,-20
-276,-54,222,165,-249,84,90,-40,29,105,19,-33
-233,-11,221,122,-227,105,70,-71,20,110,35,-68
-248,-13,235,130,-241,111,70,-61,22,110,68,-41
-237,-29,208,133,-222,89,79,-53,27,110,71,-22
-173,25,197,74,-185,111,62,-49,31,112,91,-15
-167,52,219,57,-193,135,57,-35,56,132,97,-3
-163,32,195,65,-179,113,48,-21,51,117,88,-3
-179,25,204,77,-192,114,52,2,54,110,91,13
-208,-16,192,112,-200,88,90,44,94,147,96,48
-126,34,160,46,-143,96,87,56,93,151,62,37
-91,77,169,7,-130,123,73,83,116,147,62,54
-114,35,149,39,-131,91,52,109,138,145,68,54
-85,54,139,15,-112,96,26,99,133,144,62,28
-83,66,150,8,-117,108,54,99,154,163,69,48
-72,70,142,0,-108,106,67,93,147,162,60,29
-81,62,143,9,-113,102,64,90,128,147,86,11
-106,65,171,20,-139,118,65,86,118,138,87,3
-66,73,139,-4,-103,106,77,80,107,128,99,-6
-142,26,167,57,-154,96,96,74,97,123,131,-16
-191,2,192,94,-192,97,92,70,88,117,122,-52
-137,16,153,61,-145,84,86,62,84,113,113,-56
-164,47,211,59,-188,128,83,60,86,107,107,-54
-179,3,182,88,-181,93,77,45,85,103,99,-57
-172,-18,153,95,-162,67,75,43,85,99,67,-52
-182,1,183,91,-183,92,96,61,106,94,65,-50
-133,33,167,50,-150,100,102,51,113,114,64,-37
-104,72,176,16,-140,123,91,65,102,124,38,-36
-134,42,175,46,-155,108,81,63,90,119,32,-18
-113,61,173,26,-143,117,89,51,103,143,27,-14
-104,69,173,17,-139,121,103,57,123,158,17,-52
-138,47,186,45,-162,116,96,55,119,154,5,-47
-147,46,193,51,-170,119,96,54,118,154,27,-32
-102,69,170,16,-136,119,90,57,115,148,48,-27
-107,68,175,19,-141,122,91,49,114,151,75,-10
-87,80,167,4,-128,123,77,39,117,161,90,-2
-65,97,162,-16,-114,129,50,20,112,148,83,-2
-128,54,182,37,-156,118,58,-16,108,132,78,-12
-107,48,155,29,-131,101,57,-48,83,121,60,-47
-150,4,154,73,-152,79,46,-60,48,119,55,-63
-212,-18,194,115,-203,88,54,-31,52,107,39,-43
-201,-7,194,104,-198,93,86,-47,53,109,16,-50
-209,-90,120,149,-164,15,106,-69,26,106,-39,-100
-159,-63,95,111,-127,16,100,-60,33,112,-45,-82
-180,-22,157,101,-168,67,100,-49,58,110,-42,-77
-176,-23,153,99,-164,65,93,-40,52,105,-45,-81
-176,23,199,76,-188,111,92,-76,38,134,-3,-32
-229,129,358,50,-294,243,90,-149,42,230,104,56
-61,170,231,-54,-146,200,136,118,333,396,254,143
7,-328,-335,161,171,-332,159,526,497,-42,-243,-255
-31,-546,-515,289,243,-530,-34,-26,-66,-519,-713,-558
-158,-296,-138,227,-10,-217,-216,-778,-610,-401,-516,-338
-308,-234,74,271,-191,-80,-166,-569,-470,-274,-368,-222
-188,-84,104,136,-146,10,0,-191,-125,-53,-204,-145
-211,-38,173,124,-191,67,92,-93,-20,52,-114,-87
-214,-26,188,120,-201,81,96,-56,-11,52,-111,-81
-209,2,211,103,-210,106,114,-72,21,96,-77,-65
-313,-53,260,182,-286,103,107,-91,49,71,-92,-74
-258,-27,230,142,-244,101,96,-84,40,76,-55,-61
-290,-21,269,155,-279,123,96,-96,30,66,-55,-61
-264,-38,226,151,-245,94,76,-96,10,68,-58,-67
-249,0,249,124,-249,124,102,-77,33,103,-16,-46
-307,-7,300,156,-303,147,127,-115,49,127,-51,-70
-251,-38,213,144,-232,87,103,-131,12,113,-45,-75
-270,-20,251,145,-260,115,98,-109,18,114,-17,-43
-226,16,242,105,-234,129,94,-107,10,118,-16,-50
-230,52,282,88,-256,167,86,-104,24,118,10,-54
-271,36,307,117,-290,171,83,-104,21,122,5,-45
-209,46,255,82,-233,150,79,-107,4,119,17,-36
-192,73,265,60,-229,169,77,-95,41,130,31,-16
-162,72,234,44,-198,153,74,-55,58,107,37,7
-134,95,229,19,-182,162,71,-57,71,112,43,27
-113,84,197,14,-155,140,69,-47,86,132,37,37
-160,11,171,74,-166,91,65,3,86,133,42,28
-158,43,202,57,-180,122,64,15,109,176,75,43
-101,113,214,-6,-158,163,66,42,138,179,94,46
-138,80,217,28,-178,148,62,44,157,170,83,33
-141,85,226,28,-184,155,84,41,135,170,93,31
-185,76,261,54,-223,168,108,40,133,160,105,15
-155,59,213,48,-184,136,123,18,158,156,101,9
-121,69,189,26,-155,129,129,9,137,133,96,-22
-174,78,252,48,-213,165,119,-37,131,129,89,-48
-142,92,235,25,-189,163,117,-45,116,124,82,-42
-172,44,216,64,-195,130,109,-32,96,115,76,-39
-210,41,251,84,-231,146,106,-33,104,119,70,-34
-205,60,264,72,-235,162,115,-32,96,118,64,-31
-185,45,230,70,-208,137,128,-41,108,123,73,-27
-189,26,214,81,-202,120,134,-35,119,116,56,-24
-206,42,248,82,-228,145,139,-38,116,130,40,-17
-149,83,232,33,-191,157,136,-29,112,121,40,-40
-156,31,187,62,-172,109,122,-52,102,89,0,-40
-211,21,232,95,-222,126,147,-84,126,123,9,6
-184,80,263,52,-224,171,128,-79,107,120,51,12
-112,108,220,2,-166,164,108,-85,91,93,57,0
-130,113,243,8,-187,178,126,-85,116,120,51,-12
-162,118,279,22,-221,198,143,-79,142,160,73,0
-98,116,214,-9,-156,164,158,-58,152,162,108,15
-72,120,192,-24,-133,156,119,-66,115,134,94,10
-91,130,221,-20,-156,176,107,-73,105,133,81,30
-95,105,200,-5,-148,152,98,-89,93,110,74,9
-108,68,176,20,-142,121,83,-128,56,52,61,-40
-138,43,180,47,-159,111,66,-103,56,73,61,-37
-177,24,201,76,-189,112,63,-117,59,91,46,-44
-191,53,244,69,-217,148,124,-126,71,86,46,-36
-184,34,218,75,-201,126,131,-104,59,69,34,-44
-267,-31,236,149,-251,102,125,-112,45,68,54,-43
-259,-51,208,155,-233,78,112,-101,68,102,58,-43
-217,-53,164,134,-190,55,112,-102,48,81,20,-71
-269,8,276,130,-272,142,149,-111,55,113,57,-12
-233,69,302,82,-268,185,123,-143,80,180,118,37
-182,159,341,11,-262,250,165,38,357,411,361,200
-33,-190,-157,112,62,-173,233,453,592,156,73,-46
-4,-557,-553,281,275,-555,150,216,215,-411,-510,-456
-179,-323,-143,251,-18,-233,-22,-563,-368,-376,-395,-310
-262,-211,52,236,-157,-79,-87,-739,-550,-302,-259,-231
-300,-157,143,228,-221,-7,-4,-396,-243,-156,-122,-152
-286,-87,198,187,-242,55,71,-175,-24,23,49,-53
-268,-101,167,184,-217,33,101,-139,-3,26,71,-55
-276,-106,169,191,-222,31,91,-144,11,31,106,-25
-274,-109,165,191,-219,28,107,-134,31,30,124,-33
-296,-92,203,194,-249,55,145,-136,52,76,171,-19
-280,-86,194,183,-237,54,138,-135,25,74,169,-8
-259,-37,222,148,-241,93,118,-131,37,63,154,3
-267,-78,189,172,-228,55,78,-171,27,61,152,-30
-294,-127,167,210,-230,20,73,-193,7,48,140,-56
-289,-113,175,201,-232,31,94,-174,10,46,138,-39
-285,-122,163,203,-224,20,88,-176,-2,37,134,-32
-290,-94,195,192,-242,50,91,-163,-2,29,112,-23
-190,-29,161,109,-175,66,89,-163,9,65,135,-16
-251,-47,204,149,-227,78,91,-204,20,95,158,11
-265,-54,211,159,-237,78,83,-210,40,81,166,38
-104,25,129,39,-117,77,62,-205,42,82,200,37
-180,-10,170,95,-175,80,23,-192,22,76,207,32
-203,-69,134,136,-168,32,20,-181,27,74,230,36
-115,-37,78,76,-97,20,24,-189,34,73,238,35
-125,-36,89,80,-107,26,-4,-175,34,65,250,33
-126,-51,76,88,-101,12,13,-158,75,101,300,61
-90,-37,53,63,-71,8,11,-120,101,118,327,75
-86,-35,51,60,-68,8,-3,-98,97,115,325,58
-80,-5,75,42,-77,35,4,-102,105,101,314,39
-21,53,74,-16,-48,63,41,-97,126,99,320,47
-97,-16,81,56,-89,33,58,-91,110,89,292,11
-144,-61,83,102,-113,11,37,-84,83,62,261,-25
-119,-27,92,72,-105,32,86,-78,118,103,265,15
-183,-75,108,129,-145,16,98,-71,101,86,241,-12
-156,-74,82,115,-119,3,67,-65,80,59,214,-36
-143,-44,98,93,-120,27,71,-60,104,82,216,-26
-179,-49,130,114,-154,40,84,-60,116,86,217,-31
-155,-41,115,98,-135,37,67,-58,119,91,215,-24
-151,-46,104,99,-127,29,54,-55,109,82,220,-25
-172,-57,115,114,-144,29,81,-54,110,82,218,-32
-178,-73,104,126,-141,15,79,-59,100,75,207,-45
-159,-84,76,122,-117,-4,75,-72,102,77,200,-44
-171,-61,111,115,-140,25,74,-69,116,99,239,-36
-162,-53,109,107,-135,28,69,-65,118,107,270,-34
-111,-32,79,72,-95,23,72,-62,110,104,250,-26
-103,-9,94,56,-99,42,80,-56,106,105,254,-26
-95,8,103,43,-99,55,95,-57,133,124,279,-18
-86,15,101,35,-94,58,78,-55,130,125,278,0
-71,18,89,26,-80,53,62,-85,130,111,284,5
-97,-18,78,57,-87,30,57,-116,128,103,266,16
-150,-75,75,112,-113,1,25,-106,80,93,224,2
-129,-67,61,98,-95,-3,28,-120,58,83,214,-28
-149,-79,70,114,-109,-5,17,-137,58,76,204,-43
-102,-43,59,73,-81,8,7,-119,53,66,191,-55
-80,-39,41,59,-60,1,53,-124,50,65,183,-47
-158,-96,62,127,-110,-17,65,-110,45,66,173,-51
-180,-94,87,137,-133,-3,82,-86,53,68,172,-51
-216,-130,85,173,-150,-22,98,-103,77,89,184,-47
-226,-178,48,202,-137,-65,92,-110,63,52,164,-74
-213,-117,96,165,-154,-10,89,-121,79,75,182,-35
-183,3,187,90,-185,95,88,-197,57,142,220,5
-118,128,246,-5,-183,187,81,-162,154,325,416,141
-12,-151,-139,82,64,-145,115,299,497,227,286,9
55,-586,-641,265,348,-613,88,316,329,-335,-322,-441
-48,-456,-408,252,180,-432,-133,-477,-301,-448,-381,-413
-207,-276,-69,242,-68,-173,-220,-751,-533,-320,-194,-236
-207,-220,-13,213,-97,-116,-95,-415,-269,-176,-91,-182
-207,-148,59,178,-133,-44,19,-196,-16,8,78,-81
-246,-155,90,200,-168,-32,53,-145,8,27,91,-58
-220,-136,84,178,-152,-26,51,-132,22,60,97,-51
-239,-139,101,189,-170,-19,70,-121,36,57,110,-52
-248,-128,120,188,-184,-3,73,-120,40,75,120,-46
-238,-126,112,182,-175,-7,91,-112,62,95,136,-40
-234,-117,117,175,-175,0,92,-106,55,93,119,-39
-244,-107,136,175,-190,14,84,-117,43,98,105,-29
-221,-101,120,161,-171,9,80,-139,29,92,88,-29
-234,-110,124,172,-179,7,73,-128,30,98,72,-17
-215,-118,97,167,-156,-10,68,-132,31,92,96,-17
-185,-63,122,124,-154,30,58,-127,42,105,125,-5
-220,-63,158,141,-189,47,47,-132,32,94,147,18
-164,-60,104,112,-133,22,32,-158,28,93,175,-2
-210,-51,158,130,-184,53,55,-137,64,126,186,21
-247,-81,166,164,-207,42,43,-135,67,112,165,46
-161,-59,102,110,-131,21,24,-133,63,114,149,37
-158,-65,93,112,-126,13,38,-111,65,127,140,41
-139,-49,90,94,-115,20,27,-92,74,118,114,53
-96,-21,74,58,-85,26,25,-66,85,114,107,74
-72,-38,34,55,-53,-2,21,-53,101,134,101,69
-48,-21,27,35,-37,3,12,-41,124,148,88,70
-95,-36,59,65,-77,12,36,-27,149,137,89,87
-116,-59,57,87,-86,-1,38,-25,150,125,70,89
-109,-45,64,77,-86,10,41,12,148,137,95,86
-71,-31,40,51,-55,5,75,26,170,162,151,60
-86,-41,44,63,-65,1,80,-12,152,149,149,28
-139,-39,99,89,-119,30,82,-15,136,137,153,25
-136,-29,107,82,-121,39,89,-6,132,128,164,22
-146,-26,120,86,-133,47,89,-2,125,124,153,18
-94,-15,79,54,-86,31,90,-14,122,126,148,17
-121,-50,71,85,-96,10,90,-23,114,120,142,13
-174,-76,99,125,-136,11,90,-14,110,121,114,12
-170,-78,92,124,-131,7,90,-16,125,119,93,7
-144,-58,86,101,-115,13,95,-10,138,121,80,6
-151,-51,99,101,-125,24,95,-10,131,118,45,6
-160,-30,130,95,-145,49,96,-26,131,123,44,16
-132,-18,115,75,-123,48,100,-18,126,121,30,37
-141,-31,109,86,-124,39,101,-28,124,117,30,42
-114,20,134,47,-124,76,97,-43,148,152,72,39
-84,23,107,30,-96,64,90,-38,152,162,80,37
-49,31,80,8,-65,56,81,-42,141,149,87,35
-99,4,103,47,-101,53,78,-37,136,151,82,32
-127,-41,85,84,-106,22,53,-40,126,142,103,39
-68,15,82,26,-75,48,41,-28,124,141,135,53
-59,20,79,20,-69,49,50,-50,136,156,125,39
-94,-17,77,55,-85,30,33,-68,127,151,123,29
-91,-10,81,50,-86,35,47,-64,113,151,127,35
-62,-36,27,49,-44,-4,50,-101,107,119,89,-6
-156,-61,95,108,-125,17,57,-108,92,104,76,-19
-179,-37,142,108,-160,52,89,-100,88,120,88,3
-150,-76,75,113,-112,-1,57,-109,71,77,40,-8
-164,-110,54,137,-109,-28,41,-108,72,80,38,-10
-199,-104,94,151,-146,-5,76,-108,54,91,45,-34
-184,-39,145,111,-164,53,85,-116,55,125,72,-3
-139,58,197,41,-168,127,98,-171,43,163,112,47
-140,179,318,-20,-229,248,84,-159,146,355,305,190
9,-52,-60,22,34,-56,127,312,527,295,195,60
69,-532,-601,232,335,-566,90,353,370,-307,-432,-407
-30,-431,-401,231,186,-416,-167,-518,-332,-476,-532,-400
-167,-253,-85,210,-41,-169,-241,-792,-547,-311,-336,-223
-225,-218,6,221,-115,-106,-101,-387,-230,-138,-190,-141
-187,-109,78,148,-133,-15,5,-167,0,45,-13,-36
-253,-104,149,178,-201,22,61,-134,32,66,17,-21
-261,-91,170,176,-215,39,76,-139,58,94,37,4
-227,-85,141,156,-184,28,75,-136,51,85,16,4
-233,-73,160,153,-196,43,73,-143,50,85,9,5
-209,-57,151,133,-180,47,66,-143,44,78,-6,-3
-187,-49,138,118,-162,44,88,-146,53,96,-2,18
-219,-90,129,155,-174,19,111,-151,76,136,18,49
-285,-108,177,197,-231,34,91,-147,61,123,-4,35
-286,-94,192,190,-239,49,77,-146,54,127,-28,35
-248,-94,154,171,-201,30,70,-141,49,123,-41,26
-239,-61,177,150,-208,58,62,-141,48,127,-20,45
-212,-27,185,119,-199,79,56,-135,41,120,12,75
-200,2,202,99,-201,102,46,-136,50,131,52,72
-145,19,164,63,-155,91,42,-141,62,158,70,76
-157,-9,148,83,-152,69,54,-115,41,148,58,69
-172,-3,170,87,-171,83,62,-104,55,148,48,63
-122,14,136,54,-130,75,59,-85,83,138,45,89
-159,-23,135,91,-147,56,61,-61,77,153,18,95
-111,11,122,50,-116,66,60,-60,109,178,30,117
-89,34,123,27,-106,79,60,-27,152,165,39,124
-33,38,70,-3,-52,53,66,16,149,162,3,99
-28,32,60,-2,-44,46,63,20,151,153,28,110
-75,39,114,18,-95,76,67,21,148,149,40,106
-13,46,59,-17,-36,52,61,12,157,145,30,83
-55,35,90,10,-73,62,75,19,159,170,64,85
-129,45,174,41,-152,110,126,36,143,197,69,97
-163,2,164,80,-164,83,126,2,148,162,30,82
-118,26,144,46,-131,85,116,-17,132,145,8,76
-94,42,137,26,-116,89,112,-36,129,143,1,65
-157,-13,144,85,-150,65,103,-52,131,132,13,52
-190,-35,155,112,-172,60,100,-36,128,129,16,56
-176,-34,143,104,-159,54,91,-34,132,120,9,56
-193,-50,144,121,-168,47,89,-25,126,124,9,51
-179,-30,149,104,-164,59,77,-18,135,130,2,67
-135,2,137,66,-136,69,104,-47,132,139,1,60
-194,-30,164,112,-179,67,142,-66,111,153,-15,30
-153,-13,139,83,-146,63,134,-59,108,143,-18,40
-133,31,163,51,-148,97,126,-54,130,159,-7,84
-183,35,218,74,-201,126,123,-48,154,188,0,90
-99,34,132,32,-116,83,111,-42,148,183,7,55
-83,39,123,22,-103,81,117,-37,152,187,17,61
-69,68,137,0,-103,102,123,-35,148,182,30,60
-49,102,151,-27,-101,126,119,-26,152,189,47,96
-81,61,143,10,-112,102,107,-49,139,175,47,95
-64,39,103,12,-84,71,71,-87,88,145,42,65
-102,18,120,41,-111,69,68,-100,58,146,34,94
-113,9,122,52,-117,65,58,-100,38,166,24,95
-89,14,102,37,-96,58,74,-101,60,158,33,86
-128,-33,95,80,-112,31,104,-91,85,103,17,56
-154,-5,150,79,-152,72,86,-37,66,84,-2,44
-171,-56,116,113,-143,30,107,-4,53,80,-9,57
-212,-89,122,150,-167,17,127,54,61,95,-12,57
-178,-34,144,106,-161,55,124,83,41,77,-20,49
-148,1,149,73,-148,75,124,95,65,120,30,66
-200,85,285,57,-243,185,136,80,88,204,92,88
-148,180,328,-17,-238,254,151,134,254,384,293,235
-10,-128,-118,69,54,-123,173,586,554,242,115,72
72,-540,-612,234,343,-576,117,523,282,-358,-520,-392
-44,-362,-318,203,137,-339,-68,-308,-357,-418,-534,-341
-198,-182,16,190,-107,-83,-137,-560,-548,-278,-341,-162
-193,-157,36,175,-115,-60,-39,-192,-253,-163,-205,-86
-214,-75,139,144,-176,32,63,52,-25,56,-44,-2
-206,-44,161,125,-183,58,112,119,18,85,-31,8
-203,-35,168,118,-185,67,105,132,44,94,7,30
-223,-57,166,140,-194,55,99,126,32,94,10,28
-237,-68,169,152,-203,50,85,117,33,93,37,36
-277,-55,222,166,-249,83,73,106,14,85,23,21
-264,-29,235,146,-249,103,129,131,53,111,47,39
-239,-26,213,132,-226,93,138,129,64,109,68,71
-224,-23,202,123,-213,89,111,93,16,84,24,64
-262,-58,204,160,-233,73,117,109,34,92,49,76
-230,-15,215,122,-222,100,115,107,50,90,81,72
-181,39,220,71,-201,130,122,66,40,112,96,51
-245,1,246,121,-246,124,103,72,9,107,73,70
-186,31,217,77,-202,124,92,90,21,97,75,82
-154,3,157,75,-156,80,80,87,39,103,96,75
-232,-16,216,123,-224,100,55,91,32,97,82,71
-191,38,229,77,-210,133,49,90,37,105,90,74
-129,68,197,30,-163,132,39,88,32,121,124,101
-120,85,205,17,-163,145,36,98,44,127,150,100
-78,72,151,3,-115,111,25,109,53,124,156,89
-41,60,100,-10,-71,80,33,127,75,125,191,122
3,72,69,-37,-33,70,40,143,90,119,216,134
-36,71,107,-18,-72,89,33,150,97,114,226,126
-108,41,149,34,-129,95,33,164,141,139,244,137
-5,85,91,-40,-48,88,19,182,156,152,253,136
-72,94,166,-12,-119,130,67,174,158,150,246,131
-185,37,222,74,-204,130,84,150,132,120,170,82
-104,39,143,32,-124,91,53,150,78,83,130,40
-63,61,124,1,-94,92,67,150,84,85,128,45
-113,17,130,48,-122,73,67,142,102,85,104,36
-180,-6,174,93,-177,84,70,138,99,84,95,36
-145,29,174,58,-159,101,71,131,101,86,74,28
-107,42,149,32,-128,95,69,126,98,84,85,35
-97,64,161,16,-129,112,71,133,111,80,122,55
-60,57,117,1,-89,87,69,132,120,80,147,55
-108,38,146,35,-127,92,70,124,110,78,153,55
-155,42,198,56,-177,120,71,118,107,75,172,55
-125,34,159,45,-142,96,75,111,100,74,205,55
-98,47,144,25,-121,95,73,104,98,78,200,54
-69,69,138,0,-104,103,65,103,92,82,221,45
-100,23,123,39,-112,73,63,121,90,86,234,39
-103,38,140,32,-122,89,56,119,108,92,226,34
-59,86,145,-14,-102,116,53,104,112,78,232,22
-52,91,143,-19,-98,117,48,118,102,94,212,54
-19,100,119,-41,-69,109,17,98,91,95,197,85
26,120,94,-73,-35,107,20,76,92,75,189,73
-3,83,86,-40,-45,84,3,71,73,59,172,60
-71,22,93,24,-82,57,-22,42,47,32,171,51
-88,20,107,34,-98,63,-1,33,33,18,163,13
-77,2,79,37,-78,41,11,23,34,12,159,-15
-89,-12,77,50,-82,32,32,26,49,10,158,-14
-114,-54,61,84,-87,4,43,25,41,-16,143,-28
-142,-63,79,102,-110,8,36,27,51,-1,180,-22
-176,-73,104,124,-140,15,49,36,46,-8,183,-32
-103,-23,80,63,-92,28,40,4,54,35,217,-3
-109,86,194,11,-152,140,44,-36,38,115,283,46
-105,191,296,-43,-201,243,77,1,148,294,474,181
66,-25,-91,-21,79,-58,90,397,468,241,389,75
135,-496,-631,181,383,-564,66,497,343,-335,-229,-369
68,-400,-467,166,268,-433,-115,-263,-258,-496,-356,-402
-164,-258,-94,211,-35,-176,-259,-675,-579,-373,-189,-250
-223,-219,5,221,-114,-107,-169,-373,-348,-263,-78,-160
-155,-49,107,102,-131,29,-48,-105,-72,-32,98,-51
-198,-69,128,133,-163,29,3,-38,-14,8,118,-51
-175,-59,115,117,-145,28,21,-45,13,18,154,-45
-203,-63,141,133,-172,39,22,-37,9,26,154,-47
-133,-23,109,78,-120,43,13,-35,15,16,161,-40
-79,-2,76,40,-78,37,37,-31,13,40,171,-34
-190,-54,135,122,-163,40,42,-32,7,39,147,-33
-181,-55,126,118,-153,35,19,-52,6,20,151,-24
-158,-59,99,109,-129,20,21,-65,0,22,149,-24
-135,-37,98,86,-116,30,20,-66,-6,28,155,-18
-148,-42,106,95,-127,32,19,-64,-27,37,156,-9
-151,-3,149,77,-150,73,13,-66,-23,60,160,3
-101,32,133,34,-117,82,6,-64,-20,62,160,10
-138,22,160,58,-150,91,2,-68,-17,65,160,22
-124,5,129,59,-127,67,-7,-72,-12,70,160,39
-125,-16,110,70,-117,47,-17,-66,-11,67,159,39
-73,35,108,19,-91,71,-33,-59,9,85,163,60
-41,33,74,3,-58,53,-48,-49,16,94,147,72
-63,6,69,28,-67,37,-52,-44,13,71,122,54
-11,57,68,-24,-40,62,-54,-31,48,97,148,80
25,82,57,-54,-16,69,-60,-25,54,110,156,81
72,79,7,-76,33,43,-59,0,54,99,148,79
41,69,28,-55,6,48,-52,39,95,135,186,108
30,31,1,-31,14,16,-42,32,96,132,188,81
45,53,8,-49,18,30,-35,24,87,112,176,64
11,53,42,-32,-16,47,-25,14,80,109,165,63
-16,18,34,-1,-25,26,-15,17,80,101,171,52
-66,49,115,8,-91,82,-4,36,98,98,168,49
-56,65,122,-5,-89,93,44,51,107,92,149,40
-13,38,50,-13,-32,44,74,46,119,83,144,44
-41,24,65,8,-53,44,66,33,114,96,129,51
-49,43,92,3,-71,67,65,29,107,117,119,55
-46,22,68,12,-58,45,61,11,104,114,103,55
-50,0,51,25,-51,25,57,9,96,117,105,55
-28,20,48,4,-38,33,54,12,96,121,105,55
-21,30,51,-4,-37,40,56,8,95,120,106,56
-23,30,53,-3,-38,41,54,-6,94,116,110,50
-27,20,48,3,-37,34,57,-20,109,115,110,47
-54,20,74,17,-64,47,51,-30,113,109,108,36
-64,53,117,5,-91,85,49,-25,106,117,110,46
-7,54,61,-24,-35,57,69,-17,101,137,119,82
6,62,56,-34,-25,58,61,-11,95,129,105,79
-4,75,79,-36,-42,77,47,-6,90,126,91,82
14,62,48,-38,-17,55,18,-34,83,121,84,85
46,78,32,-62,7,55,-10,-50,76,117,71,86
21,75,53,-48,-16,64,0,-77,69,106,63,76
-20,64,84,-22,-52,74,-16,-104,63,60,55,34
30,61,31,-45,-1,46,-35,-98,54,63,53,37
10,55,45,-33,-17,49,-25,-99,54,71,52,39
-75,-6,69,40,-72,31,-12,-109,42,56,43,19
-72,-21,52,46,-62,15,24,-112,44,61,51,18
-42,2,44,19,-43,23,39,-113,30,42,35,-8
-79,-24,55,51,-66,15,32,-119,25,52,42,-11
-41,-2,39,21,-40,19,37,-121,37,24,16,-14
-16,11,27,2,-22,19,27,-134,29,50,24,8
-123,31,154,46,-139,93,32,-200,1,105,69,49
-107,182,290,-38,-199,236,34,-254,25,250,216,174
103,75,-28,-89,66,23,60,153,388,306,242,156
205,-410,-615,103,410,-512,51,415,446,-233,-358,-285
76,-474,-550,200,314,-512,-170,-353,-219,-521,-621,-420
-23,-213,-190,118,84,-201,-297,-859,-609,-396,-407,-231
-66,-148,-82,107,9,-115,-171,-519,-360,-242,-275,-152
-103,-91,12,97,-57,-39,-50,-248,-92,-29,-99,-58
-107,-10,97,58,-102,43,2,-180,-32,11,-55,-15
-98,6,104,46,-101,55,16,-175,11,52,0,6
-56,17,73,20,-65,45,48,-190,31,43,38,27
-38,27,65,6,-52,46,58,-189,14,47,-3,22
-89,0,89,44,-89,44,50,-191,-1,82,-9,10
-83,12,95,35,-89,53,51,-189,-4,60,-17,-6
-47,21,68,13,-58,44,44,-191,-16,63,-41,1
-119,-16,103,67,-111,43,46,-190,-17,50,-45,39
-129,6,135,62,-133,70,37,-203,-24,51,-50,53
-129,-3,125,66,-127,61,28,-215,-46,50,-62,48
-145,-20,126,82,-135,53,16,-212,-29,50,-38,51
-83,35,118,24,-101,76,13,-218,-22,50,-28,49
-41,59,100,-9,-71,79,15,-207,-19,65,-32,50
-18,68,86,-25,-52,77,16,-197,-9,78,-29,53
-53,48,101,2,-77,74,13,-185,-10,67,-31,61
-6,75,81,-35,-44,78,-14,-161,12,80,-26,76
5,82,77,-44,-36,79,-16,-148,44,88,-18,92
-26,47,73,-11,-50,60,1,-140,61,93,-43,99
71,101,30,-87,21,65,-13,-131,61,85,-59,90
49,89,39,-69,5,64,-15,-112,69,98,-49,103
90,101,10,-95,40,55,14,-88,112,126,-46,114
124,136,12,-130,56,73,14,-60,119,110,-39,95
20,73,53,-47,-17,63,-15,-66,106,113,-36,80
55,84,30,-70,12,57,-4,-91,107,107,-41,66
102,119,17,-111,42,67,26,-94,96,90,-43,66
73,112,40,-93,16,76,33,-98,98,85,-47,64
13,79,67,-46,-27,73,50,-104,80,78,-50,46
19,55,36,-38,-9,45,58,-104,41,78,-55,31
7,46,40,-27,-17,43,58,-106,53,74,-74,21
-18,42,61,-12,-40,51,63,-108,63,71,-85,29
9,72,62,-41,-27,67,64,-112,58,70,-98,38
33,71,38,-52,-3,54,67,-115,62,65,-113,42
15,41,27,-28,-6,34,70,-117,57,64,-123,37
-41,32,73,4,-57,52,73,-122,63,60,-138,37
6,59,53,-33,-23,55,77,-115,49,57,-131,34
35,68,33,-51,0,50,80,-131,62,56,-141,26
18,47,28,-33,-5,37,76,-152,70,47,-156,46
-45,28,73,8,-60,50,73,-145,40,77,-136,52
-6,91,97,-43,-52,94,69,-142,74,100,-112,49
52,91,38,-72,7,64,66,-139,89,92,-98,50
32,50,18,-41,6,33,60,-133,80,97,-85,51
86,100,14,-93,36,57,62,-133,80,94,-49,49
71,132,60,-102,6,96,67,-132,75,96,-36,62
11,119,109,-65,-49,114,38,-145,75,98,-49,86
71,112,40,-92,15,76,19,-168,55,83,-42,77
126,87,-39,-106,82,24,2,-197,13,44,-64,65
7,5,-2,-6,5,2,-26,-248,-30,8,-73,48
39,11,-28,-25,33,-8,-9,-255,-23,10,-65,41
67,24,-43,-45,55,-10,12,-241,-19,24,-84,15
-47,12,59,17,-53,35,50,-243,1,27,-66,21
-15,-12,3,14,-9,-4,69,-237,21,3,-104,31
8,13,5,-10,2,9,47,-241,8,4,-122,23
-29,15,44,7,-37,29,86,-228,1,-19,-127,19
6,3,-3,-5,4,0,93,-226,15,6,-100,11
-38,58,96,-10,-67,77,77,-281,26,61,-48,35
-65,172,236,-54,-151,204,69,-331,67,208,103,163
116,134,18,-125,49,76,73,0,356,286,180,180
202,-379,-581,88,392,-480,87,294,394,-228,-386,-267
143,-459,-602,158,373,-531,-68,-367,-180,-527,-677,-444
12,-202,-213,95,113,-207,-192,-970,-615,-432,-476,-246
-66,-148,-83,107,9,-115,-141,-736,-477,-329,-358,-167
-18,-39,-21,28,1,-29,-48,-407,-152,-88,-167,-72
-79,-29,50,54,-65,11,33,-279,-43,-44,-117,-40
-90,18,108,36,-99,62,43,-275,-43,-38,-93,7
-55,17,72,19,-64,44,55,-285,-31,-29,-85,11
-71,-34,37,52,-54,1,66,-305,-34,-46,-116,-25
-71,-8,63,39,-67,27,45,-304,-13,-6,-80,-3
-92,19,111,37,-102,65,56,-318,-45,-33,-107,-39
-36,52,89,-8,-63,70,70,-345,-71,-45,-105,-33
-58,24,82,16,-70,53,58,-338,-52,-22,-86,-1
-65,16,82,24,-74,49,36,-350,-49,-23,-93,14
-31,49,79,-9,-55,64,46,-334,-22,-35,-79,26
-149,10,159,69,-155,84,50,-346,-54,-26,-74,2
-84,41,125,21,-105,83,6,-361,-76,-28,-66,0
-8,83,91,-38,-50,87,24,-351,-45,-25,-53,38
-44,53,97,-5,-71,74,37,-362,-56,10,-34,65
24,106,81,-65,-29,93,1,-359,-47,22,-22,55
46,122,77,-84,-15,99,3,-355,-29,8,-14,41
55,123,68,-89,-7,96,2,-340,-44,15,-1,52
6,138,131,-72,-63,134,12,-331,-21,45,14,82
6,116,110,-61,-52,113,16,-320,-1,44,51,104
87,115,28,-101,29,72,-2,-319,-2,38,67,91
87,104,17,-95,35,60,-17,-298,27,37,57,92
118,93,-26,-105,72,34,-30,-266,44,30,55,108
108,87,-21,-97,64,33,-48,-278,51,30,50,104
114,113,-2,-113,58,55,-41,-272,50,13,45,83
154,141,-13,-147,83,64,2,-267,46,-1,49,53
81,122,41,-102,19,82,29,-272,44,-10,50,46
54,98,44,-77,5,71,18,-275,46,-34,50,42
43,73,30,-58,6,51,1,-276,27,-32,50,34
41,84,43,-63,-1,63,25,-283,18,-28,50,31
63,99,36,-82,13,68,33,-271,25,-21,49,22
15,71,57,-43,-21,64,40,-251,10,-22,44,16
85,107,22,-96,31,64,38,-293,15,-52,41,6
108,100,-8,-104,58,46,12,-298,8,-52,38,-12
85,87,3,-86,41,45,17,-284,11,-43,33,-14
89,97,8,-94,40,53,13,-285,29,-42,30,-4
21,56,35,-39,-7,46,10,-268,20,-30,27,5
84,96,11,-90,36,53,9,-282,16,-38,20,12
68,96,28,-82,19,62,16,-279,13,-56,19,16
52,95,43,-74,4,69,32,-289,6,-54,10,13
133,132,-1,-132,67,65,22,-311,7,-55,18,18
97,129,32,-113,32,80,12,-302,30,-55,63,41
73,118,46,-96,13,82,3,-283,41,-55,68,47
120,116,-4,-118,62,56,-12,-261,25,-53,66,43
197,151,-46,-174,121,52,-23,-223,17,-35,83,39
156,129,-26,-143,91,51,-46,-177,2,-46,85,34
75,89,14,-82,30,51,-67,-131,-42,-82,74,30
139,88,-51,-113,94,18,-64,-51,-64,-103,69,20
164,60,-105,-112,134,-22,-66,16,-51,-96,60,-18
80,44,-37,-62,58,4,-62,79,-33,-114,58,-16
41,32,-9,-37,25,12,-45,153,-43,-114,94,-9
79,-9,-88,-34,83,-48,-36,161,-84,-116,75,-68
88,38,-51,-62,69,-6,-13,158,-64,-101,78,-55
30,17,-13,-23,21,2,-14,196,-56,-103,58,-49
45,-6,-51,-19,48,-29,-38,197,-43,-96,56,-37
25,78,52,-51,-14,65,-36,193,-32,-38,101,-5
45,202,157,-124,-56,179,-18,166,-23,84,225,85
217,168,-48,-192,132,60,-4,432,279,211,359,145
282,-333,-615,26,449,-474,0,790,393,-251,-145,-253
253,-454,-707,101,480,-580,-102,272,-113,-615,-491,-463
150,-181,-331,16,241,-256,-272,-398,-606,-507,-312,-294
2,-153,-155,76,79,-153,-266,-269,-561,-447,-224,-230
-23,-70,-46,47,12,-58,-135,65,-235,-228,-35,-111
86,17,-68,-51,77,-25,-60,221,-108,-127,63,-67
103,29,-75,-66,88,-23,-59,234,-108,-122,77,-76
58,13,-45,-35,51,-16,-57,219,-99,-90,82,-63
52,20,-32,-35,42,-6,-41,239,-102,-92,60,-67
-16,21,37,-3,-27,29,-45,233,-93,-71,65,-57
35,25,-11,-30,23,7,-45,237,-97,-70,48,-58
78,70,-8,-74,43,31,-45,223,-94,-81,35,-48
58,42,-16,-50,37,13,-46,198,-95,-106,18,-46
20,0,-20,-10,20,-10,-67,185,-97,-95,20,-39
-23,17,41,2,-32,29,-83,201,-82,-84,21,-34
73,41,-31,-57,52,5,-78,220,-103,-76,17,-29
69,57,-12,-63,41,22,-81,206,-114,-67,31,-24
90,77,-13,-84,51,32,-79,200,-100,-66,67,-21
131,77,-53,-104,92,12,-81,201,-98,-59,78,-15
95,67,-28,-81,62,19,-83,198,-89,-56,79,-4
133,76,-57,-104,95,9,-92,203,-86,-51,109,30
141,92,-49,-117,95,21,-96,225,-81,-49,97,48
141,79,-62,-110,101,8,-100,233,-76,-46,91,42
162,74,-88,-117,125,-7,-101,232,-73,-43,109,38
201,111,-90,-156,146,11,-93,239,-62,-40,92,52
223,95,-129,-159,175,-17,-128,238,-59,-37,83,67
219,74,-145,-146,182,-36,-122,243,-23,-33,79,61
222,94,-128,-157,175,-17,-97,245,11,-31,74,59
209,88,-121,-149,165,-16,-97,250,7,-26,70,55
194,87,-108,-140,151,-10,-65,270,27,-25,61,51
167,79,-88,-123,127,-4,-48,269,31,-24,57,47
152,83,-70,-117,110,6,-43,264,23,-25,48,42
139,70,-69,-104,103,1,-33,262,24,-25,44,39
113,42,-71,-77,92,-14,-17,260,15,-21,36,29
150,68,-82,-109,116,-8,-40,266,18,-46,19,21
175,81,-94,-128,134,-6,-44,260,14,-53,9,8
122,42,-80,-82,100,-19,-14,252,22,-35,2,6
155,53,-101,-104,128,-24,-40,244,37,-32,-3,14
185,81,-103,-133,144,-11,-47,237,30,-25,-13,4
147,63,-84,-105,115,-10,-40,231,25,-14,-10,3
175,92,-82,-133,129,5,-40,223,22,-12,0,17
150,86,-64,-118,106,11,-35,219,15,-15,-2,8
136,60,-77,-98,106,-8,-36,205,21,-11,-13,3
199,132,-67,-165,133,32,-29,196,40,13,-15,35
198,119,-80,-158,139,19,-29,174,39,17,-26,41
152,75,-76,-114,114,0,-14,182,42,5,-27,41
159,126,-32,-142,95,47,-5,216,54,24,11,54
241,140,-101,-190,171,19,-18,195,54,16,0,47
239,110,-128,-174,183,-9,-45,171,47,13,-10,39
211,116,-95,-163,153,11,-64,167,27,19,-1,31
222,100,-122,-161,172,-11,-71,129,-6,-21,-44,24
173,43,-130,-108,151,-43,-86,94,-42,-57,-80,18
205,81,-124,-143,164,-21,-58,98,-44,-59,-51,17
199,69,-131,-134,165,-31,-42,81,-39,-63,-65,8
112,11,-101,-61,106,-45,-47,81,-34,-54,-96,2
105,-6,-111,-50,108,-58,-38,96,-31,-58,-104,-26
114,11,-102,-62,108,-45,-40,77,-24,-52,-96,-29
150,33,-117,-92,133,-41,-34,75,-33,-60,-102,-20
173,27,-146,-100,159,-59,-34,63,-51,-74,-99,-10
87,64,-23,-75,55,21,-29,15,-43,-15,-49,36
27,181,154,-105,-63,167,-19,-91,-75,85,47,104
176,212,36,-194,69,124,-21,123,184,254,222,193
310,-256,-566,-27,438,-410,3,597,454,-103,-201,-150
273,-509,-781,118,527,-645,-132,157,-11,-618,-703,-479
178,-274,-451,48,315,-362,-338,-623,-609,-570,-582,-311
48,-197,-245,75,147,-221,-277,-498,-545,-413,-426,-213
76,-89,-164,7,120,-126,-131,-135,-209,-223,-248,-128
130,-33,-162,-48,146,-97,-86,-40,-107,-127,-164,-53
39,-32,-71,-3,55,-51,-55,-21,-93,-118,-143,-48
91,32,-59,-61,75,-13,-25,-6,-80,-94,-106,-29
139,34,-105,-86,122,-36,-23,-7,-82,-87,-121,-30
106,44,-62,-75,84,-9,-24,-29,-75,-63,-115,-20
100,17,-82,-58,91,-32,-16,-34,-73,-53,-135,-9
67,-12,-79,-27,73,-45,-26,-45,-71,-55,-148,-17
63,-2,-65,-30,64,-33,-52,-74,-90,-81,-165,-33
57,-2,-59,-27,58,-30,-57,-86,-87,-62,-155,-11
86,46,-40,-65,63,3,-48,-86,-81,-54,-137,-11
76,77,2,-76,36,39,-51,-93,-78,-51,-126,-11
65,35,-30,-50,47,3,-70,-94,-71,-40,-100,5
80,30,-50,-55,65,-10,-74,-97,-71,-38,-75,5
118,87,-31,-102,74,28,-64,-93,-69,-28,-62,23
149,101,-48,-124,98,26,-65,-98,-71,-24,-67,57
106,93,-13,-100,59,40,-56,-82,-59,4,-60,65
190,112,-78,-150,133,17,-55,-53,-38,15,-60,59
221,92,-129,-156,175,-18,-69,-26,-17,2,-91,60
198,91,-107,-144,152,-8,-68,-7,-10,-9,-118,67
231,88,-143,-159,187,-27,-66,-18,-8,-19,-149,80
244,98,-147,-171,195,-24,-59,8,12,-10,-154,82
259,121,-138,-190,198,-8,-68,31,32,-1,-145,83
240,105,-135,-172,187,-15,-80,41,57,11,-142,97
211,92,-119,-152,165,-13,-65,41,63,11,-133,76
200,88,-111,-144,155,-11,-52,29,50,0,-132,48
236,106,-130,-171,182,-11,-46,-2,45,-11,-118,50
193,72,-121,-132,157,-24,-42,-37,33,-42,-138,44
180,78,-102,-128,141,-12,-32,-43,28,-45,-162,46
193,77,-117,-135,155,-20,-34,-76,16,-38,-161,37
159,39,-120,-99,139,-40,-11,-72,10,-34,-156,24
184,67,-118,-125,151,-25,-18,-69,-4,-30,-174,9
132,63,-69,-97,100,-3,-22,-61,-18,-25,-188,5
112,59,-54,-85,83,2,-4,-67,30,-8,-195,43
136,24,-112,-80,123,-44,-16,-111,23,-32,-231,52
151,42,-109,-96,130,-33,10,-103,9,-42,-230,42
135,59,-77,-97,106,-9,23,-97,39,-17,-204,43
