I,II,III,aVR,aVL,aVF,V1,V2,V3,V4,V5,V6
-44,130,174,-44,-109,151,5,290,595,30,260,545
-48,130,178,-41,-113,154,5,290,593,30,260,543
-49,126,175,-39,-112,150,5,286,589,30,260,537
-13,124,137,-55,-76,130,5,284,587,34,260,534
-25,121,146,-48,-86,133,5,280,581,35,260,528
-45,118,164,-37,-105,141,6,280,580,35,260,525
-35,121,156,-43,-96,138,11,285,578,34,265,529
-27,145,172,-59,-100,158,30,296,586,40,269,529
-19,168,187,-75,-104,178,55,308,601,54,273,534
-16,163,179,-74,-97,171,57,312,596,55,276,532
0,191,191,-96,-95,191,48,325,609,76,297,548
21,218,197,-120,-89,208,42,326,623,90,310,565
18,201,184,-110,-83,192,33,313,605,77,300,554
8,183,175,-96,-84,179,28,306,591,70,295,550
-6,160,165,-77,-86,162,19,291,571,60,284,539
-41,124,165,-42,-103,144,16,278,554,52,263,516
-70,95,165,-13,-118,130,8,258,533,43,242,499
-77,83,160,-3,-119,121,5,251,522,39,231,485
-77,83,160,-3,-118,121,-2,240,509,28,215,472
-79,80,159,-1,-119,120,-8,232,498,24,215,467
-80,74,154,2,-117,114,-8,226,495,15,206,457
-77,79,156,-1,-117,117,-22,209,471,10,204,455
-89,66,154,11,-122,110,-10,226,493,12,200,442
-80,75,155,2,-118,115,-29,197,455,6,190,443
-100,55,155,22,-128,105,11,229,495,16,203,438
-50,106,156,-28,-103,131,-11,192,441,12,181,442
-13,148,162,-68,-88,155,82,384,592,136,316,508
118,220,101,-169,8,160,272,971,1224,558,758,742
371,539,168,-455,101,353,457,1964,2724,1597,1795,1283
110,479,369,-295,-130,423,870,2659,3986,1790,1992,1245
-279,75,354,102,-317,214,938,1887,2179,246,438,418
-391,-144,248,268,-319,52,999,1182,360,-547,-365,-1
-386,-164,222,275,-304,29,1207,900,333,-403,-216,53
-376,-170,206,273,-291,18,1459,389,90,-427,-252,68
-462,-278,184,370,-323,-47,1766,147,65,-361,-204,72
-473,-324,150,398,-311,-87,1700,70,58,-361,-192,96
-407,-281,126,344,-267,-77,1252,84,92,-304,-135,145
-240,-124,115,181,-177,-5,498,103,241,-183,-17,245
-113,-2,111,57,-112,54,107,169,308,-124,57,309
-86,23,109,32,-98,66,58,195,346,-102,77,318
-64,39,104,12,-85,72,-6,180,326,-101,73,321
-69,32,101,18,-85,66,-19,185,341,-92,76,319
-61,36,97,12,-79,66,-54,171,328,-89,69,320
-60,35,95,12,-78,65,-57,171,330,-82,71,320
-60,35,95,12,-78,65,-65,163,330,-82,68,317
-63,32,95,15,-79,63,-89,156,321,-90,61,307
-71,24,95,23,-83,59,-96,145,314,-96,53,299
-74,21,95,26,-84,57,-94,134,304,-100,44,290
-76,13,89,31,-83,51,-108,125,295,-114,37,280
-73,9,82,32,-78,45,-128,114,277,-122,27,274
-72,4,76,34,-75,39,-138,104,268,-137,10,267
-70,-1,69,35,-69,34,-149,94,266,-150,-5,261
-69,-6,63,37,-65,28,-164,69,259,-155,-14,254
-68,-11,57,39,-63,23,-190,50,257,-162,-21,247
-67,-15,52,41,-59,19,-214,39,249,-167,-27,245
-68,-20,48,44,-58,13,-242,16,255,-171,-27,245
-58,-15,43,36,-51,14,-286,-13,287,-154,-12,245
-44,-5,39,24,-41,17,-332,-41,332,-129,14,245
-29,5,33,11,-31,19,-388,-54,397,-88,52,245
-16,16,32,0,-24,23,-426,-53,460,-27,103,271
0,29,28,-14,-14,28,-420,-45,521,36,164,311
17,49,32,-33,-7,40,-411,-40,587,99,227,348
49,77,28,-62,10,52,-387,-28,640,151,281,375
69,104,36,-87,16,70,-320,3,654,188,314,398
39,107,68,-73,-15,87,-217,40,630,198,312,404
34,99,65,-67,-16,82,-105,80,582,187,303,391
11,95,83,-54,-36,89,8,131,530,168,288,383
-18,88,106,-35,-63,97,113,185,490,137,257,369
-10,84,94,-37,-52,89,179,225,453,101,221,347
-22,68,90,-23,-56,79,215,269,427,67,181,327
-33,47,81,-7,-57,64,212,286,408,38,148,307
-43,31,74,6,-59,52,196,285,395,22,132,295
-53,15,68,19,-60,41,185,296,390,12,122,284
-55,9,64,22,-59,36,169,295,382,-1,110,272
-55,11,66,22,-60,38,158,295,374,-9,101,265
-57,7,64,24,-61,36,147,295,367,-16,100,260
-61,5,65,28,-64,35,138,295,365,-22,100,255
-60,5,65,27,-63,35,127,293,365,-30,95,251
-57,8,65,24,-61,36,116,289,365,-34,95,246
-52,13,65,19,-59,39,105,291,365,-26,95,247
-50,15,65,17,-58,40,93,286,365,-18,95,250
-45,20,65,12,-55,42,81,285,364,-10,95,250
-42,23,65,9,-54,44,67,285,356,-2,95,250
-40,27,66,6,-53,46,53,274,348,-3,95,250
-33,30,63,1,-48,46,44,260,339,-6,95,249
-27,30,57,-2,-43,44,39,247,333,-5,91,245
-22,30,52,-4,-37,41,34,238,323,-5,86,241
-17,30,47,-7,-32,38,28,217,308,-5,81,239
-10,30,40,-10,-25,35,23,191,295,-6,77,234
-19,26,46,-4,-33,36,17,175,279,-11,73,231
-30,25,55,2,-43,40,11,159,262,-14,68,227
-34,25,59,5,-47,42,6,145,248,-17,65,224
-37,20,58,9,-48,39,1,135,236,-22,62,225
-21,20,42,0,-32,31,-5,122,225,-25,60,221
-37,19,56,9,-47,37,-10,113,214,-29,56,219
-58,15,73,21,-66,43,-15,106,206,-31,55,220
-51,13,63,19,-57,38,-19,101,197,-30,52,214
-52,10,61,21,-56,35,-21,96,188,-30,47,208
-50,6,56,21,-53,31,-26,90,180,-29,44,204
-46,5,51,21,-49,28,-29,85,172,-32,41,197
-46,1,48,22,-47,24,-33,79,166,-35,36,193
-44,0,44,22,-44,21,-35,72,158,-35,33,187
-46,0,46,23,-46,22,-35,66,150,-39,30,185
-48,-4,44,26,-45,20,-39,59,144,-40,27,185
-53,-6,48,29,-50,21,-40,53,139,-43,25,181
-62,-4,58,33,-60,27,-40,47,136,-46,21,180
-56,0,56,28,-56,28,-45,45,133,-45,20,180
-49,0,49,24,-49,24,-45,45,128,-45,17,175
-44,2,46,21,-45,24,-46,41,125,-45,14,171
-30,6,36,12,-34,21,-50,40,121,-45,15,169
-35,4,40,15,-38,22,-50,40,115,-45,15,164
-58,9,67,24,-63,38,-50,35,110,-45,15,161
-61,10,71,26,-66,41,-50,31,104,-45,14,157
-59,10,69,24,-64,40,-50,28,99,-45,10,155
-61,15,75,23,-68,45,-50,24,94,-45,10,155
-60,15,75,22,-68,45,-50,20,89,-45,10,151
-59,15,74,22,-67,44,-50,20,91,-46,10,150
-55,15,70,20,-63,42,-45,20,87,-54,10,150
-53,15,68,19,-61,41,-45,20,85,-55,6,146
-50,15,65,17,-58,40,-45,20,85,-55,0,143
-46,15,61,16,-54,38,-45,20,82,-60,-5,140
-45,15,60,15,-53,37,-45,20,79,-60,-11,137
-45,11,56,16,-51,33,-45,16,76,-60,-17,135
-45,9,55,17,-50,32,-45,11,73,-60,-19,133
-45,10,55,17,-50,32,-45,9,70,-60,-14,129
-40,10,50,15,-45,30,-45,4,68,-60,-11,127
-40,10,50,15,-45,30,-45,1,65,-60,-8,124
-40,9,49,16,-45,29,-45,-3,65,-60,-3,121
-39,5,44,17,-42,24,-45,-5,63,-56,0,119
-34,5,39,14,-37,22,-45,-5,59,-55,-3,115
-29,5,34,12,-32,20,-45,-9,60,-55,-8,115
-26,5,31,10,-29,17,-44,-10,56,-55,-11,114
-18,5,23,6,-21,14,-48,-10,49,-55,-14,109
-29,5,34,12,-32,19,-55,-15,43,-54,-19,111
-41,5,46,18,-44,26,-54,-15,36,-50,-20,107
-40,5,44,17,-42,25,-56,-16,29,-50,-20,104
-40,5,45,17,-43,25,-60,-20,23,-50,-20,105
-40,5,45,17,-43,25,-60,-20,20,-50,-20,101
-39,6,45,16,-42,25,-57,-20,20,-50,-20,100
-35,11,46,12,-41,28,-54,-20,18,-46,-20,100
-36,14,50,11,-44,32,-55,-20,15,-45,-17,100
-32,18,50,7,-41,33,-51,-20,15,-45,-12,100
-29,21,50,4,-40,36,-50,-31,15,-45,-10,100
-24,25,49,0,-37,36,-50,-34,15,-46,-6,100
-20,29,49,-5,-35,39,-50,-26,14,-44,-2,100
-19,41,60,-11,-40,50,-50,-20,14,-41,1,100
-11,47,58,-19,-35,53,-51,-13,15,-37,5,100
-12,41,53,-15,-33,47,-50,-6,14,-35,5,100
20,71,52,-45,-16,61,-49,-10,7,-32,5,108
45,90,45,-68,0,67,-61,-19,2,-28,5,110
32,77,45,-55,-7,61,-74,-29,-7,-35,5,102
29,64,36,-47,-4,50,-75,-37,-12,-33,0,96
-3,35,38,-16,-21,36,-76,-46,-19,-41,-14,88
-34,29,63,2,-48,45,-78,-53,-25,-54,-23,84
-37,29,66,3,-52,47,-78,-57,-35,-56,-36,76
-31,32,63,-1,-47,47,-84,-71,-54,-55,-40,75
-43,27,70,8,-56,48,-71,-63,-42,-54,-38,68
-41,34,75,3,-58,54,-82,-79,-60,-58,-46,68
-50,25,75,12,-63,50,-67,-60,-38,-50,-40,62
-40,34,74,2,-57,54,-78,-80,-62,-63,-52,59
-48,27,74,10,-61,50,-65,-62,-40,-45,-36,62
-55,31,86,11,-71,59,-69,-61,-62,-69,-55,57
-7,101,107,-47,-57,104,-38,3,-14,15,30,115
74,124,50,-99,11,87,169,478,490,323,336,252
336,399,63,-368,136,231,296,1350,1730,1231,1246,745
221,477,255,-349,-17,366,689,2287,3384,1929,1949,993
-185,89,274,48,-230,181,905,1918,2378,656,676,253
-313,-173,140,243,-226,-17,879,1045,134,-559,-558,-354
-344,-212,132,278,-238,-40,1070,732,-205,-484,-482,-345
-364,-201,163,282,-263,-19,1293,253,-342,-476,-472,-309
-422,-285,137,353,-279,-74,1648,-75,-478,-440,-438,-277
-453,-352,100,402,-276,-126,1741,-191,-430,-419,-413,-263
-428,-341,87,384,-257,-127,1420,-185,-415,-387,-390,-228
-271,-202,69,236,-170,-66,678,-162,-275,-247,-254,-137
-113,-49,64,80,-88,8,99,-143,-194,-168,-173,-72
-92,-12,80,52,-86,34,2,-90,-144,-142,-147,-41
-67,13,80,27,-73,46,-72,-100,-155,-145,-151,-38
-62,14,76,24,-69,45,-99,-91,-141,-132,-140,-34
-55,18,74,18,-65,46,-127,-99,-138,-129,-137,-31
-45,25,70,10,-58,47,-138,-100,-133,-120,-131,-26
-48,22,70,13,-59,46,-144,-99,-126,-124,-133,-25
-52,18,71,17,-62,44,-165,-105,-126,-125,-136,-36
-57,12,69,23,-63,40,-174,-110,-125,-127,-134,-40
-65,9,74,28,-70,42,-181,-118,-125,-130,-137,-40
-75,3,78,36,-77,40,-182,-125,-127,-133,-144,-44
-68,0,68,34,-68,33,-200,-143,-141,-145,-154,-56
-66,-6,60,35,-62,27,-206,-149,-139,-148,-159,-64
-61,-12,50,36,-56,19,-221,-152,-134,-156,-167,-73
-58,-16,42,37,-50,13,-244,-176,-131,-162,-179,-88
-60,-22,38,41,-49,8,-253,-182,-126,-164,-175,-91
-60,-28,32,44,-46,2,-278,-195,-124,-166,-170,-88
-57,-28,29,42,-43,0,-308,-219,-112,-163,-164,-95
-40,-17,23,28,-31,3,-353,-242,-87,-168,-158,-94
-28,-8,20,18,-24,6,-398,-268,-38,-154,-152,-80
-17,2,19,7,-18,11,-443,-277,27,-103,-106,-64
2,23,21,-13,-10,22,-496,-288,93,-51,-55,-39
29,48,19,-38,5,33,-503,-284,157,9,3,-4
44,70,26,-57,8,48,-493,-271,221,76,72,27
61,92,31,-76,14,61,-471,-264,279,131,124,53
96,124,28,-110,34,75,-420,-240,307,178,168,85
84,135,51,-110,17,93,-337,-209,301,207,174,117
56,125,68,-91,-6,96,-219,-176,259,210,162,116
33,120,87,-77,-27,103,-105,-133,203,181,150,92
13,110,97,-62,-42,103,-5,-82,157,140,120,67
16,105,89,-60,-37,96,82,-33,123,107,92,40
7,96,89,-52,-41,92,121,9,104,78,65,17
-3,80,83,-39,-43,81,113,36,91,52,38,-1
-16,64,80,-24,-49,72,104,52,80,34,19,-23
-24,52,76,-15,-50,64,96,61,74,18,5,-40
-23,46,69,-12,-46,57,85,67,69,5,-7,-50
-24,39,63,-8,-44,51,80,75,65,5,-12,-59
-24,31,55,-4,-40,43,72,80,60,5,-15,-60
-26,24,50,1,-38,36,66,82,55,1,-18,-60
-22,22,44,0,-33,33,59,93,59,0,-23,-64
-31,26,56,3,-44,41,53,98,66,1,-25,-66
-47,28,75,9,-61,51,47,95,74,7,-20,-63
-45,31,75,7,-60,52,37,96,75,13,-17,-60
-34,40,74,-3,-55,57,29,91,75,17,-14,-60
-26,50,76,-12,-51,62,20,90,75,24,-9,-60
-14,60,74,-24,-44,67,11,90,75,28,-6,-60
-12,66,78,-28,-45,72,-1,83,75,34,-2,-60
-19,64,83,-23,-52,73,-16,73,70,35,0,-63
-15,65,81,-25,-49,73,-27,60,60,35,3,-66
-15,65,79,-25,-48,71,-41,37,50,39,6,-65
-15,65,80,-25,-48,73,-45,20,39,41,9,-65
-10,70,80,-30,-45,74,-46,10,28,38,10,-65
-10,70,80,-30,-45,75,-50,-3,16,35,5,-66
-8,70,78,-31,-43,73,-50,-12,5,35,5,-70
-3,70,73,-34,-38,71,-55,-23,-5,35,5,-70
-1,70,70,-34,-35,70,-59,-30,-13,35,5,-70
6,72,66,-40,-30,69,-63,-41,-19,35,5,-70
12,75,63,-44,-26,69,-66,-48,-27,38,5,-70
17,75,58,-46,-21,66,-70,-55,-34,41,5,-74
14,75,61,-45,-24,68,-70,-69,-41,40,5,-75
0,75,75,-38,-38,75,-71,-72,-46,40,5,-75
0,75,75,-38,-38,75,-75,-74,-44,39,5,-75
6,80,74,-43,-34,76,-75,-78,-48,41,5,-74
4,80,77,-42,-36,78,-77,-80,-50,45,10,-76
7,80,73,-44,-33,76,-80,-84,-50,45,10,-80
0,80,80,-40,-40,80,-83,-86,-54,47,11,-80
4,80,75,-42,-36,78,-86,-89,-60,50,15,-80
7,80,73,-44,-33,76,-89,-101,-72,50,15,-80
-11,80,91,-34,-51,85,-90,-106,-76,50,15,-80
-5,80,85,-38,-45,82,-90,-104,-74,50,15,-80
0,80,80,-40,-40,80,-90,-102,-76,50,15,-80
3,80,77,-42,-37,78,-89,-99,-74,50,15,-80
9,80,70,-45,-31,75,-92,-101,-76,50,15,-80
7,75,69,-41,-31,72,-95,-105,-79,51,15,-79
13,75,62,-44,-25,69,-94,-105,-80,55,19,-81
13,74,61,-43,-24,67,-99,-106,-84,55,20,-85
14,70,56,-42,-21,63,-100,-110,-85,55,20,-85
17,70,52,-44,-18,61,-100,-110,-87,55,20,-87
23,72,50,-47,-14,61,-105,-110,-90,55,19,-91
26,75,49,-51,-12,62,-105,-110,-90,59,23,-90
3,75,71,-39,-34,73,-105,-110,-90,60,25,-87
-4,79,83,-37,-44,81,-105,-110,-90,60,25,-84
4,80,76,-42,-36,78,-104,-110,-89,60,25,-85
5,80,75,-43,-35,77,-107,-111,-86,59,25,-85
8,80,72,-44,-32,76,-110,-114,-85,61,25,-85
11,80,68,-46,-28,74,-110,-115,-85,65,20,-86
3,80,77,-42,-37,78,-110,-119,-85,65,20,-90
-10,80,90,-35,-50,85,-110,-120,-85,65,19,-93
-7,80,87,-36,-47,83,-110,-122,-85,65,15,-94
2,82,80,-42,-39,81,-115,-126,-85,65,15,-108
7,85,79,-46,-36,82,-115,-125,-85,61,15,-116
14,84,71,-49,-29,77,-116,-129,-85,60,15,-114
17,89,72,-53,-28,80,-120,-130,-85,60,15,-115
6,90,84,-48,-39,87,-120,-130,-85,60,15,-115
6,90,84,-48,-39,87,-120,-130,-90,60,15,-115
17,95,78,-56,-31,86,-120,-130,-90,59,15,-110
17,95,78,-57,-31,86,-120,-130,-90,69,20,-110
27,95,68,-61,-21,81,-120,-130,-90,77,20,-109
18,95,77,-57,-30,85,-119,-129,-89,72,21,-105
-4,95,99,-46,-52,97,-121,-132,-93,70,25,-104
-1,95,96,-47,-49,95,-124,-135,-95,66,25,-113
6,95,89,-51,-42,92,-125,-135,-95,64,25,-122
9,95,86,-52,-39,90,-125,-135,-95,69,25,-117
19,95,76,-57,-29,85,-125,-135,-95,70,25,-115
15,95,80,-56,-33,87,-125,-135,-95,70,25,-111
0,95,95,-48,-48,95,-122,-135,-90,70,25,-109
5,100,95,-53,-45,97,-120,-135,-90,70,25,-114
9,100,90,-55,-40,95,-119,-134,-89,69,30,-115
12,101,89,-57,-38,95,-128,-141,-84,65,30,-115
21,105,85,-64,-32,95,-136,-144,-85,63,31,-115
20,104,84,-62,-33,94,-130,-135,-83,58,35,-115
29,108,79,-68,-25,93,-128,-130,-76,66,34,-114
36,111,76,-74,-20,93,-123,-123,-73,86,36,-109
46,118,73,-82,-14,95,-120,-116,-66,91,41,-103
49,117,68,-83,-9,92,-123,-119,-60,89,43,-100
64,130,65,-98,-1,97,-127,-121,-56,92,46,-94
89,150,61,-120,14,105,-139,-122,-59,105,58,-92
80,140,60,-110,9,100,-141,-126,-64,102,55,-84
79,132,53,-106,13,92,-142,-125,-65,94,48,-78
59,122,64,-91,-3,93,-153,-137,-85,88,40,-102
28,115,87,-72,-30,100,-158,-151,-99,81,32,-120
23,108,84,-66,-31,96,-151,-152,-106,76,26,-135
24,108,84,-66,-30,95,-160,-166,-137,74,19,-135
20,100,80,-60,-30,90,-149,-157,-122,77,23,-135
21,101,79,-61,-29,90,-162,-177,-140,71,15,-136
10,93,83,-52,-37,88,-157,-167,-133,80,19,-133
14,98,84,-57,-35,91,-158,-172,-147,69,10,-140
16,103,87,-60,-35,94,-146,-160,-148,79,20,-136
7,96,89,-52,-41,92,-128,-153,-139,62,10,-148
25,171,146,-99,-61,158,-125,-132,-135,122,66,-97
87,194,108,-141,-11,151,73,305,301,374,317,19
383,441,58,-412,162,249,205,1104,1346,1143,1091,452
353,688,335,-520,8,511,535,2052,3038,2013,1955,866
-86,394,480,-154,-283,437,808,1905,2598,1101,1048,303
-295,1,296,146,-295,148,813,1020,256,-302,-358,-452
-352,-133,220,242,-285,43,1008,674,-329,-392,-446,-534
-336,-120,216,228,-276,48,1237,184,-400,-338,-386,-481
-375,-189,186,281,-280,-1,1565,-199,-613,-329,-393,-489
-422,-281,141,351,-281,-69,1677,-287,-527,-274,-337,-458
-378,-288,90,333,-234,-98,1402,-287,-526,-259,-312,-421
-236,-161,75,198,-155,-43,693,-238,-388,-144,-198,-341
-80,6,86,37,-83,46,77,-219,-286,-63,-117,-259
-34,54,88,-10,-62,71,-49,-159,-222,-16,-73,-220
-12,66,78,-27,-45,72,-126,-158,-216,-3,-67,-214
-1,72,73,-36,-37,72,-151,-151,-215,12,-59,-216
14,80,66,-47,-26,73,-169,-149,-213,11,-52,-211
23,81,58,-52,-17,69,-174,-147,-217,4,-46,-210
18,78,60,-48,-21,69,-171,-143,-214,2,-40,-210
7,76,68,-42,-31,72,-180,-150,-229,-5,-34,-215
13,74,61,-44,-24,67,-181,-149,-236,-8,-46,-223
20,73,53,-47,-17,63,-194,-155,-240,-13,-62,-225
19,65,46,-42,-14,56,-194,-154,-240,-19,-59,-229
21,59,38,-40,-9,49,-213,-166,-245,-24,-65,-230
19,52,33,-36,-7,42,-231,-186,-250,-30,-71,-236
19,46,27,-33,-4,36,-241,-195,-244,-36,-80,-257
17,40,22,-29,-3,31,-259,-206,-238,-39,-89,-261
17,36,19,-27,-1,27,-273,-211,-235,-46,-96,-258
20,33,13,-27,3,23,-292,-229,-229,-49,-100,-255
21,30,10,-26,6,20,-324,-255,-227,-41,-93,-250
23,27,4,-26,10,15,-356,-264,-211,-37,-92,-248
23,25,2,-24,10,13,-394,-278,-168,-23,-76,-242
14,27,13,-21,0,20,-446,-295,-112,9,-42,-241
43,51,8,-47,17,29,-500,-306,-42,60,6,-225
77,78,1,-78,38,39,-526,-306,22,122,67,-186
107,101,-7,-104,56,47,-525,-295,81,175,117,-151
140,134,-5,-137,72,64,-497,-284,152,237,178,-108
133,156,23,-145,55,89,-443,-258,180,290,230,-76
141,170,29,-155,55,99,-373,-227,164,292,234,-74
142,176,34,-159,54,104,-273,-197,132,281,223,-75
113,167,54,-140,29,110,-152,-150,89,274,217,-75
87,161,74,-124,6,118,-38,-100,53,258,200,-79
68,153,85,-111,-9,119,44,-51,15,232,160,-101
58,133,75,-95,-9,104,89,-9,-12,198,127,-132
43,113,69,-78,-13,91,95,26,-24,172,108,-148
36,98,63,-67,-14,80,84,54,-34,156,94,-161
29,85,56,-58,-13,70,77,61,-48,140,84,-173
27,79,52,-53,-13,65,69,61,-57,132,72,-178
24,74,49,-49,-13,61,62,65,-62,128,65,-188
19,70,50,-44,-16,60,54,66,-70,122,60,-195
15,65,50,-40,-18,57,48,69,-67,116,55,-195
10,60,50,-35,-20,55,40,81,-63,111,51,-196
13,63,50,-38,-19,56,32,89,-60,106,46,-200
16,66,50,-41,-17,57,26,86,-55,104,46,-200
19,69,50,-44,-16,60,18,85,-55,122,55,-198
22,72,50,-47,-14,61,11,84,-55,132,59,-194
25,75,50,-50,-13,62,4,80,-55,129,64,-192
25,75,50,-50,-13,62,-4,81,-55,131,75,-189
25,75,50,-50,-13,62,-11,78,-55,134,75,-186
25,75,50,-50,-13,62,-17,67,-55,138,75,-184
25,75,50,-50,-13,62,-28,58,-60,142,74,-181
28,79,51,-53,-12,65,-35,44,-63,149,79,-176
33,80,47,-57,-7,64,-38,30,-66,150,86,-174
25,80,55,-53,-15,67,-44,15,-82,150,85,-169
34,80,46,-57,-6,63,-48,-12,-105,150,85,-165
63,80,17,-72,23,49,-67,-27,-129,149,85,-165
52,79,26,-66,13,53,-77,-32,-129,151,85,-165
29,74,45,-52,-9,60,-73,-42,-132,147,83,-165
29,71,42,-50,-6,56,-79,-49,-138,144,79,-165
32,68,36,-50,-2,52,-80,-57,-135,145,81,-165
30,63,33,-47,-2,48,-80,-66,-156,141,76,-164
33,60,26,-47,4,43,-85,-64,-161,140,75,-160
34,60,26,-47,4,43,-84,-69,-160,140,75,-160
30,60,30,-45,0,45,-87,-80,-159,135,70,-160
30,60,30,-45,0,45,-90,-80,-170,131,67,-160
30,60,30,-45,0,45,-91,-84,-187,128,63,-159
31,60,30,-45,0,45,-89,-84,-184,125,60,-162
28,59,31,-44,-1,44,-92,-93,-189,120,55,-165
26,55,29,-40,-2,41,-104,-107,-197,122,57,-165
24,55,31,-40,-4,43,-106,-104,-199,125,60,-169
25,53,28,-39,-2,40,-104,-108,-201,125,60,-170
15,49,34,-32,-9,42,-106,-110,-197,125,60,-170
23,50,28,-37,-3,39,-104,-109,-208,125,60,-170
50,46,-4,-48,26,21,-107,-114,-221,125,59,-170
51,45,-6,-47,28,19,-110,-115,-219,120,56,-170
49,45,-4,-46,26,20,-110,-115,-222,120,55,-170
44,40,-4,-42,23,18,-110,-120,-225,119,55,-170
39,40,1,-40,19,21,-110,-120,-225,115,54,-167
39,39,-1,-39,20,19,-110,-120,-225,115,56,-164
38,35,-3,-36,20,16,-106,-120,-226,117,52,-165
41,35,-5,-37,23,15,-105,-119,-223,120,50,-165
40,35,-5,-37,22,15,-105,-125,-230,120,50,-165
45,35,-10,-40,27,12,-105,-130,-245,120,50,-166
45,35,-10,-40,27,12,-105,-130,-245,120,63,-164
41,32,-10,-37,25,11,-106,-132,-244,120,66,-168
39,29,-10,-34,25,9,-110,-136,-246,115,61,-175
36,26,-10,-31,22,8,-110,-133,-243,115,60,-175
33,23,-10,-28,21,6,-110,-133,-248,114,55,-173
34,20,-13,-27,23,3,-110,-145,-260,110,55,-170
35,18,-16,-26,25,1,-110,-142,-260,110,55,-170
34,15,-19,-24,26,-1,-114,-138,-259,110,55,-172
37,15,-22,-26,29,-3,-115,-135,-261,110,55,-178
40,15,-25,-27,32,-5,-115,-130,-259,110,55,-180
40,15,-25,-27,32,-5,-120,-133,-263,110,56,-179
40,15,-24,-27,32,-5,-120,-135,-265,110,52,-184
37,11,-26,-23,31,-7,-120,-135,-265,110,46,-185
34,10,-24,-21,29,-6,-120,-135,-268,110,41,-185
39,10,-29,-24,34,-9,-120,-135,-271,110,36,-185
46,5,-41,-26,43,-17,-120,-134,-269,110,29,-185
44,5,-39,-25,41,-17,-120,-142,-265,110,26,-185
44,4,-40,-24,42,-18,-120,-151,-265,110,31,-185
39,-1,-40,-19,39,-20,-120,-149,-265,108,31,-185
36,-4,-40,-16,39,-22,-120,-150,-266,103,29,-185
49,-7,-57,-21,53,-32,-120,-150,-263,97,31,-185
46,-12,-58,-17,52,-35,-120,-150,-272,94,29,-185
36,-15,-51,-10,44,-32,-120,-147,-286,88,31,-185
28,-19,-46,-4,37,-32,-118,-144,-285,86,27,-185
19,-20,-40,1,30,-30,-115,-146,-285,95,24,-185
15,-20,-35,3,25,-27,-112,-144,-285,93,26,-185
20,-20,-40,0,30,-30,-110,-146,-285,88,21,-185
19,-20,-40,1,29,-30,-106,-144,-283,86,20,-185
21,-18,-39,-1,30,-29,-105,-138,-278,80,19,-185
41,-15,-56,-13,49,-35,-102,-133,-275,81,24,-186
49,-13,-62,-18,56,-37,-100,-128,-273,93,39,-183
63,-10,-72,-26,67,-41,-101,-122,-268,97,43,-178
70,-7,-76,-31,73,-41,-100,-115,-264,102,48,-172
67,-4,-71,-31,70,-37,-101,-120,-270,113,52,-169
59,-10,-69,-25,64,-39,-101,-119,-268,119,57,-163
48,-18,-66,-15,58,-42,-106,-121,-274,119,60,-161
38,-25,-63,-6,51,-44,-105,-119,-274,111,54,-164
27,-34,-61,4,44,-48,-105,-121,-277,100,42,-166
36,-41,-77,3,57,-59,-122,-144,-311,90,33,-185
21,-58,-78,19,50,-68,-117,-144,-314,82,24,-198
9,-61,-70,26,40,-65,-124,-163,-329,77,16,-193
2,-67,-69,33,36,-68,-115,-155,-321,79,18,-198
-3,-64,-61,34,30,-62,-124,-165,-335,68,7,-200
-3,-64,-61,34,29,-62,-116,-155,-321,76,13,-199
2,-68,-70,33,37,-69,-112,-162,-324,63,-2,-199
3,-58,-61,28,32,-59,-113,-162,-328,77,17,-190
-2,-57,-55,30,27,-55,-87,-125,-302,63,12,-199
46,17,-29,-31,37,-6,-115,-133,-339,92,37,-150
70,26,-44,-48,57,-9,71,232,39,322,265,-54
358,235,-123,-296,240,56,209,981,986,1038,988,346
422,427,5,-424,209,215,518,2056,2804,2009,1956,765
-57,97,154,-21,-105,125,846,2105,2781,1246,1190,240
-296,-224,72,260,-184,-76,826,1114,323,-282,-337,-509
-332,-322,11,327,-171,-155,983,718,-501,-444,-498,-609
-328,-298,30,313,-179,-134,1169,328,-506,-368,-418,-551
-367,-343,24,355,-195,-160,1506,-79,-736,-383,-438,-533
-404,-450,-46,427,-179,-248,1682,-246,-679,-331,-385,-510
-360,-468,-109,414,-125,-288,1454,-280,-698,-329,-384,-496
-256,-366,-109,311,-73,-237,842,-234,-568,-204,-260,-415
-67,-177,-110,122,22,-143,162,-220,-468,-108,-154,-315
-8,-118,-110,63,51,-114,-4,-168,-399,-56,-106,-266
-2,-111,-110,57,54,-111,-63,-178,-394,-45,-101,-254
3,-107,-110,52,57,-109,-116,-163,-397,-45,-100,-256
-3,-113,-110,58,53,-111,-131,-159,-392,-45,-100,-252
2,-108,-110,53,56,-109,-158,-153,-403,-49,-101,-249
-1,-111,-110,56,54,-111,-164,-149,-397,-50,-99,-250
0,-110,-110,55,55,-110,-176,-159,-403,-50,-102,-249
-6,-116,-110,61,53,-112,-175,-157,-404,-51,-106,-251
-4,-115,-110,60,53,-112,-183,-165,-410,-48,-102,-246
-9,-118,-109,64,50,-114,-188,-175,-413,-59,-111,-256
6,-121,-127,58,66,-124,-209,-184,-425,-84,-129,-265
18,-120,-137,52,77,-128,-224,-200,-435,-92,-147,-279
-1,-135,-134,69,67,-134,-230,-220,-430,-100,-165,-302
-7,-148,-141,78,67,-144,-246,-232,-424,-105,-168,-299
-2,-153,-152,78,75,-152,-262,-249,-421,-109,-173,-299
5,-159,-164,77,85,-162,-286,-265,-415,-113,-173,-304
10,-165,-174,78,93,-170,-308,-276,-413,-108,-163,-303
2,-173,-175,86,89,-174,-336,-295,-401,-106,-158,-297
6,-170,-176,82,92,-173,-385,-319,-368,-102,-151,-290
33,-160,-194,64,114,-177,-440,-349,-317,-72,-123,-288
51,-149,-199,49,125,-174,-484,-356,-247,-24,-74,-270
65,-124,-190,30,128,-157,-497,-348,-175,39,-10,-229
90,-95,-185,3,138,-140,-483,-347,-112,106,54,-190
105,-72,-177,-16,141,-124,-473,-333,-48,155,102,-156
115,-57,-172,-29,144,-114,-436,-301,-16,203,151,-131
108,-55,-163,-26,136,-108,-345,-260,-29,226,171,-129
87,-55,-142,-16,115,-98,-247,-217,-45,212,171,-131
82,-52,-134,-15,108,-92,-141,-174,-82,198,161,-134
86,-49,-136,-18,111,-92,-31,-125,-136,176,120,-136
82,-50,-132,-16,107,-91,62,-75,-171,143,84,-137
65,-65,-129,0,97,-97,110,-31,-192,107,57,-158
44,-86,-130,21,88,-108,106,-9,-215,71,39,-174
24,-109,-133,43,79,-121,99,4,-244,43,11,-192
13,-125,-138,56,76,-131,93,14,-261,29,-28,-216
5,-135,-141,65,73,-138,84,16,-268,19,-39,-214
7,-141,-147,67,77,-144,78,19,-282,7,-45,-217
19,-139,-159,60,89,-149,70,22,-289,0,-64,-216
13,-144,-157,65,85,-150,60,25,-285,0,-70,-214
5,-145,-151,70,79,-148,52,26,-279,-1,-63,-214
2,-144,-146,71,74,-145,43,33,-274,-5,-59,-209
-1,-140,-140,71,70,-140,33,32,-268,-5,-52,-211
0,-134,-135,67,68,-135,23,24,-266,-3,-48,-207
-1,-131,-129,66,64,-130,11,21,-270,2,-42,-202
-3,-126,-123,65,61,-124,0,14,-275,8,-40,-197
-2,-121,-119,62,58,-120,-10,9,-278,11,-40,-194
-5,-117,-113,61,54,-115,-20,4,-283,17,-36,-189
-8,-114,-106,62,50,-110,-28,-5,-286,20,-34,-185
-1,-112,-111,57,55,-111,-37,-14,-292,15,-36,-185
5,-109,-113,52,59,-111,-47,-28,-304,15,-39,-185
2,-106,-108,52,55,-107,-50,-48,-315,14,-40,-185
-5,-104,-99,55,48,-101,-50,-55,-324,10,-40,-185
13,-100,-114,44,64,-107,-53,-66,-335,10,-40,-185
36,-100,-136,32,86,-118,-56,-83,-349,13,-40,-182
36,-99,-134,32,85,-116,-54,-77,-350,15,-42,-179
40,-95,-135,28,88,-115,-58,-90,-361,15,-46,-180
40,-95,-135,28,88,-115,-77,-114,-383,19,-44,-176
38,-97,-135,30,86,-116,-81,-116,-385,21,-45,-174
33,-100,-133,34,83,-116,-80,-114,-387,19,-44,-176
29,-100,-129,35,79,-114,-85,-117,-390,15,-46,-179
31,-100,-131,35,81,-115,-85,-128,-391,10,-49,-180
26,-100,-126,37,76,-113,-83,-131,-395,6,-50,-180
25,-100,-125,38,75,-112,-80,-130,-395,1,-54,-180
25,-100,-125,38,75,-112,-79,-130,-393,-4,-55,-179
20,-100,-120,40,70,-110,-81,-142,-407,-8,-61,-183
20,-100,-120,40,70,-110,-79,-151,-417,-10,-66,-185
19,-100,-119,40,69,-109,-83,-150,-412,-13,-65,-185
14,-100,-115,44,64,-107,-102,-148,-409,-16,-63,-185
18,-97,-115,40,67,-106,-106,-144,-407,-20,-60,-185
18,-94,-113,38,66,-103,-105,-145,-403,-20,-60,-185
14,-95,-109,41,62,-102,-110,-144,-410,-15,-64,-180
20,-91,-111,36,65,-101,-110,-151,-424,-15,-65,-180
16,-90,-106,37,61,-97,-109,-156,-425,-15,-65,-179
15,-90,-105,38,60,-97,-105,-155,-424,-15,-69,-175
20,-85,-105,33,63,-95,-105,-153,-425,-15,-70,-175
19,-85,-104,34,62,-94,-105,-149,-424,-17,-70,-175
37,-85,-122,24,80,-103,-105,-150,-425,-20,-70,-175
47,-85,-132,19,90,-108,-105,-154,-425,-20,-70,-175
44,-85,-129,21,87,-106,-105,-161,-425,-24,-70,-175
46,-85,-131,20,89,-107,-105,-165,-425,-25,-70,-175
45,-85,-130,20,88,-107,-105,-164,-425,-25,-70,-174
45,-85,-130,20,88,-107,-105,-168,-425,-25,-70,-170
40,-85,-125,23,83,-105,-104,-170,-425,-25,-70,-170
36,-85,-121,24,79,-103,-106,-170,-425,-25,-70,-170
34,-85,-119,26,77,-101,-110,-170,-425,-25,-70,-170
29,-85,-114,29,72,-99,-110,-170,-425,-25,-70,-170
27,-85,-112,29,70,-98,-110,-170,-425,-27,-71,-167
21,-85,-106,32,64,-95,-110,-170,-422,-32,-75,-164
29,-85,-113,29,71,-99,-110,-170,-419,-35,-75,-165
36,-85,-122,24,80,-103,-106,-169,-420,-40,-75,-161
34,-82,-117,24,76,-99,-105,-165,-420,-40,-75,-160
36,-80,-115,23,75,-97,-105,-165,-420,-40,-75,-160
31,-80,-111,25,71,-96,-105,-162,-419,-40,-79,-155
30,-80,-110,25,70,-95,-105,-159,-415,-40,-80,-155
26,-80,-106,28,66,-93,-106,-160,-415,-40,-80,-154
26,-79,-105,27,65,-92,-110,-160,-415,-40,-80,-149
29,-76,-105,24,67,-90,-110,-160,-415,-40,-80,-151
33,-73,-106,20,70,-89,-110,-160,-415,-40,-79,-147
48,-71,-119,11,83,-95,-110,-160,-412,-40,-75,-144
54,-67,-121,6,88,-94,-110,-160,-409,-40,-75,-145
54,-65,-119,6,87,-92,-106,-158,-407,-35,-75,-141
53,-62,-116,5,85,-89,-104,-155,-404,-35,-75,-140
55,-60,-115,3,85,-87,-105,-155,-401,-35,-75,-140
54,-60,-114,3,84,-87,-100,-155,-399,-35,-72,-140
53,-56,-109,2,82,-83,-100,-155,-395,-35,-67,-140
56,-55,-110,0,84,-82,-99,-155,-389,-33,-64,-140
53,-54,-108,1,81,-81,-92,-152,-386,-27,-61,-140
43,-61,-104,10,74,-83,-86,-146,-381,-23,-56,-140
44,-62,-106,9,75,-83,-78,-142,-377,-19,-57,-138
52,-50,-101,-1,77,-75,-74,-138,-373,-14,-61,-129
60,-40,-100,-10,80,-69,-65,-133,-368,-9,-60,-121
69,-31,-100,-19,85,-66,-65,-129,-362,-5,-60,-112
65,-29,-94,-18,80,-61,-87,-125,-358,2,-60,-106
68,-29,-97,-19,82,-63,-107,-125,-353,7,-60,-109
69,-23,-91,-23,80,-57,-123,-124,-349,14,-64,-112
67,-29,-95,-19,82,-62,-119,-133,-356,10,-65,-114
61,-53,-114,-4,88,-84,-122,-166,-379,-14,-71,-119
40,-65,-105,13,72,-85,-119,-169,-389,-30,-67,-136
36,-60,-97,12,67,-78,-120,-176,-396,-38,-66,-142
31,-59,-90,14,60,-74,-125,-175,-396,-33,-63,-138
19,-63,-81,22,50,-72,-123,-170,-390,-34,-66,-140
23,-56,-79,16,51,-67,-141,-191,-404,-30,-65,-131
4,-66,-70,31,37,-68,-122,-172,-382,-28,-63,-138
20,-51,-71,15,46,-61,-139,-191,-407,-31,-66,-127
6,-55,-61,25,34,-57,-108,-156,-368,-17,-52,-124
53,-11,-64,-21,58,-37,-131,-185,-415,-35,-69,-111
88,28,-60,-58,74,-15,-31,2,-249,93,56,-45
183,101,-82,-141,132,10,166,599,402,513,479,174
454,412,-42,-433,247,185,328,1560,1899,1539,1511,711
174,351,177,-263,-2,264,754,2262,3148,1789,1748,698
-228,-59,170,143,-199,55,855,1573,1415,239,197,-137
-287,-265,23,275,-155,-121,899,857,-427,-595,-638,-558
-323,-277,46,300,-184,-115,1108,554,-484,-435,-487,-488
-321,-282,39,301,-180,-121,1362,52,-708,-467,-511,-474
-388,-388,0,388,-194,-194,1684,-202,-765,-397,-455,-450
-383,-438,-54,411,-164,-246,1650,-290,-722,-392,-449,-430
-290,-385,-96,338,-97,-240,1200,-244,-661,-339,-370,-373
-160,-224,-65,192,-47,-144,421,-208,-522,-202,-248,-264
-47,-102,-55,75,5,-78,18,-158,-444,-136,-184,-205
-5,-78,-73,42,34,-75,-38,-113,-395,-125,-151,-185
14,-61,-75,24,45,-68,-111,-118,-400,-125,-152,-181
8,-67,-76,30,42,-71,-115,-112,-386,-117,-144,-179
17,-62,-79,22,48,-70,-144,-117,-390,-115,-146,-174
21,-60,-81,19,51,-70,-159,-114,-382,-109,-140,-171
18,-60,-78,21,48,-69,-173,-126,-379,-116,-140,-168
12,-63,-75,26,44,-69,-180,-131,-385,-113,-147,-163
8,-68,-76,31,42,-72,-185,-139,-393,-124,-156,-174
1,-71,-72,36,36,-71,-200,-151,-395,-136,-162,-186
-5,-76,-71,40,34,-73,-217,-155,-396,-138,-170,-188
-7,-74,-67,41,30,-70,-217,-163,-395,-139,-175,-189
4,-85,-89,41,47,-87,-231,-177,-400,-151,-185,-198
25,-97,-122,36,74,-110,-252,-183,-403,-171,-199,-211
13,-106,-119,46,66,-112,-257,-189,-393,-169,-201,-209
9,-111,-120,51,65,-116,-293,-203,-385,-171,-205,-216
10,-110,-120,50,65,-115,-313,-205,-376,-175,-203,-219
13,-108,-121,47,67,-114,-340,-205,-363,-176,-198,-209
26,-104,-130,39,79,-117,-386,-203,-330,-168,-196,-205
24,-106,-130,41,78,-117,-421,-199,-273,-136,-166,-197
35,-95,-130,30,83,-112,-482,-201,-211,-93,-117,-185
55,-70,-126,8,91,-98,-523,-193,-138,-41,-67,-159
78,-46,-124,-16,102,-85,-525,-179,-75,18,-7,-121
108,-17,-125,-45,117,-71,-515,-164,-7,74,51,-81
125,11,-114,-68,120,-51,-493,-132,45,126,96,-56
146,36,-110,-90,128,-37,-436,-93,39,162,135,-54
145,56,-89,-100,117,-16,-343,-58,31,164,144,-55
109,54,-56,-81,82,-1,-227,-23,2,153,135,-57
96,41,-55,-68,75,-6,-108,9,-49,139,123,-60
85,30,-55,-57,70,-12,-4,52,-86,117,86,-60
77,20,-57,-49,67,-18,74,105,-117,90,56,-62
70,9,-61,-39,65,-25,101,133,-127,63,31,-74
42,-18,-60,-12,51,-39,96,143,-146,42,2,-98
17,-39,-57,11,37,-47,89,146,-156,29,-11,-102
5,-49,-54,23,30,-52,83,145,-154,24,-17,-108
26,-56,-82,15,55,-69,76,142,-176,19,-24,-117
28,-70,-98,22,63,-84,70,140,-183,13,-31,-112
19,-73,-92,27,56,-82,65,141,-172,7,-38,-111
28,-63,-91,17,60,-77,57,143,-162,7,-38,-107
29,-58,-87,15,58,-73,51,156,-153,11,-32,-105
35,-50,-85,8,60,-67,44,169,-146,10,-28,-103
38,-45,-83,4,61,-64,38,177,-139,14,-23,-99
38,-40,-78,1,58,-59,33,171,-133,15,-19,-100
35,-40,-75,3,55,-57,23,161,-125,15,-14,-96
33,-39,-72,3,52,-55,14,153,-120,21,-11,-95
33,-34,-67,1,50,-51,5,143,-114,28,-6,-94
29,-36,-65,4,47,-50,-4,133,-112,30,-4,-91
33,-33,-65,0,49,-49,-10,121,-105,30,0,-88
37,-28,-65,-4,51,-46,-18,107,-109,30,5,-85
43,-22,-65,-10,54,-43,-24,88,-126,30,3,-83
46,-19,-65,-13,56,-41,-32,67,-133,29,-1,-79
51,-14,-65,-18,59,-39,-36,48,-146,26,-3,-83
54,-9,-63,-22,58,-36,-49,31,-158,23,-6,-85
37,-20,-58,-8,48,-39,-61,15,-171,21,-9,-85
27,-28,-55,1,42,-42,-59,5,-179,17,-11,-85
28,-23,-51,-2,40,-37,-65,0,-181,16,-14,-85
28,-20,-48,-4,38,-34,-64,-8,-186,12,-15,-85
26,-17,-43,-4,35,-30,-69,-16,-184,11,-15,-80
36,-12,-48,-12,42,-29,-81,-23,-185,24,-15,-80
48,-10,-59,-19,54,-34,-80,-28,-185,25,-15,-79
41,-15,-56,-13,49,-35,-80,-38,-185,19,-15,-75
34,-15,-49,-9,42,-32,-79,-47,-182,17,-15,-75
30,-15,-45,-7,38,-29,-86,-55,-179,12,-15,-75
24,-15,-39,-4,32,-27,-91,-61,-180,10,-15,-75
17,-15,-32,-1,25,-23,-89,-60,-179,10,-15,-75
30,-15,-45,-7,38,-30,-90,-60,-181,10,-15,-75
43,-15,-57,-13,50,-36,-90,-60,-178,10,-15,-75
39,-15,-54,-11,47,-35,-90,-60,-175,10,-15,-75
38,-15,-53,-12,46,-34,-94,-64,-175,11,-15,-70
34,-15,-49,-9,42,-32,-95,-71,-173,7,-15,-70
36,-14,-50,-11,43,-32,-95,-75,-169,5,-15,-69
39,-11,-50,-14,45,-31,-100,-76,-170,5,-12,-65
42,-8,-50,-17,46,-29,-100,-79,-173,5,-10,-65
45,-5,-50,-20,48,-27,-101,-80,-175,5,-10,-63
47,-2,-50,-23,49,-26,-105,-83,-175,5,-10,-59
50,0,-50,-25,50,-25,-105,-86,-175,10,-10,-60
50,0,-50,-25,50,-25,-107,-89,-175,10,-11,-60
50,0,-50,-25,50,-25,-111,-92,-173,11,-14,-60
50,0,-50,-25,50,-25,-110,-95,-170,15,-15,-60
50,0,-50,-25,50,-25,-107,-95,-167,15,-15,-55
50,0,-50,-25,50,-25,-104,-97,-165,15,-15,-55
50,0,-50,-25,50,-25,-101,-100,-161,15,-15,-54
47,0,-47,-23,47,-23,-98,-100,-160,15,-13,-50
44,0,-44,-21,44,-21,-95,-96,-157,15,-10,-50
41,0,-41,-21,41,-21,-95,-95,-154,15,-7,-50
38,0,-38,-19,38,-19,-95,-95,-155,15,-4,-50
35,0,-35,-17,35,-17,-95,-91,-155,10,-1,-50
35,0,-35,-17,35,-17,-95,-89,-155,10,0,-50
34,0,-34,-17,34,-16,-95,-91,-154,9,-5,-50
39,0,-39,-19,39,-19,-95,-95,-150,5,-5,-50
51,0,-50,-25,51,-25,-95,-95,-150,5,-5,-50
50,0,-50,-25,50,-25,-95,-97,-150,8,-5,-50
50,1,-50,-25,50,-25,-95,-101,-150,10,-5,-50
55,4,-50,-30,52,-22,-95,-99,-150,10,-5,-50
55,5,-50,-30,52,-22,-95,-104,-150,13,-5,-50
53,5,-48,-29,50,-22,-95,-105,-159,16,-5,-47
48,5,-43,-26,45,-19,-95,-105,-159,14,-5,-45
46,5,-41,-26,43,-17,-95,-105,-154,11,-5,-45
39,3,-36,-20,37,-16,-95,-104,-152,10,-4,-41
32,0,-32,-16,32,-16,-95,-106,-147,10,-1,-40
30,0,-30,-15,30,-15,-95,-110,-144,10,2,-40
24,0,-24,-12,24,-12,-99,-110,-140,10,5,-40
35,0,-35,-17,35,-17,-100,-110,-140,12,7,-40
40,1,-40,-20,40,-20,-100,-110,-139,16,11,-40
35,4,-31,-20,33,-13,-100,-110,-135,15,7,-40
35,5,-30,-20,32,-12,-100,-107,-135,15,5,-40
28,5,-23,-16,25,-9,-99,-104,-137,15,5,-37
26,6,-20,-16,22,-7,-93,-101,-140,15,5,-35
30,4,-26,-17,28,-11,-87,-98,-140,20,5,-35
40,8,-32,-23,36,-12,-82,-95,-140,20,5,-35
54,14,-40,-34,47,-13,-76,-94,-140,20,10,-35
62,18,-44,-40,53,-12,-71,-90,-139,20,15,-35
72,24,-47,-48,59,-11,-73,-86,-137,21,19,-30
78,29,-48,-53,63,-9,-76,-83,-132,36,23,-22
95,36,-59,-66,77,-11,-75,-79,-129,47,28,-16
104,38,-67,-71,85,-14,-75,-75,-125,41,33,-8
95,47,-48,-71,71,0,-77,-79,-120,39,39,-3
98,54,-44,-76,70,5,-82,-80,-120,34,35,5
96,49,-47,-72,71,1,-93,-81,-119,31,27,11
88,38,-50,-63,68,-5,-104,-100,-124,28,22,-5
69,11,-59,-40,64,-24,-117,-128,-141,20,13,-21
43,-7,-50,-18,47,-28,-114,-123,-147,16,9,-36
37,-4,-42,-16,40,-23,-115,-126,-165,6,1,-42
30,-4,-34,-13,33,-19,-117,-132,-167,2,1,-38
20,-7,-27,-6,24,-17,-111,-125,-162,-5,-4,-42
24,-2,-25,-11,25,-13,-120,-136,-192,-1,-6,-38
15,-8,-23,-3,19,-15,-93,-112,-165,2,-8,-42
28,7,-21,-18,24,-7,-110,-142,-193,-4,-13,-32
11,-8,-19,-1,15,-13,-71,-105,-157,7,-1,-35
42,37,-5,-40,23,16,-101,-122,-182,-8,-1,-16
70,81,10,-75,29,45,-15,38,-32,115,114,51
210,151,-59,-180,134,46,196,637,597,520,509,255
455,504,50,-479,202,277,357,1574,2017,1516,1516,812
168,538,370,-353,-101,454,761,2252,3283,1817,1808,886
-214,119,332,47,-273,225,853,1590,1669,364,350,76
-313,-190,123,251,-218,-33,931,909,-181,-515,-525,-412
-355,-240,115,297,-234,-62,1169,621,-249,-399,-409,-370
-355,-238,116,296,-235,-61,1428,78,-490,-431,-441,-357
-416,-337,79,376,-247,-129,1724,-179,-554,-385,-395,-337
-433,-413,20,423,-226,-197,1640,-252,-500,-352,-362,-306
-335,-365,-30,350,-152,-197,1201,-209,-450,-285,-297,-253
-146,-186,-40,166,-53,-113,435,-176,-303,-175,-182,-163
-35,-75,-40,54,3,-57,42,-137,-234,-108,-112,-109
-7,-49,-42,29,17,-45,12,-94,-177,-76,-78,-89
10,-36,-46,13,28,-41,-70,-105,-180,-76,-76,-86
2,-43,-44,21,23,-43,-87,-96,-171,-74,-73,-80
11,-35,-46,13,28,-40,-114,-103,-177,-76,-78,-76
9,-35,-45,13,28,-40,-120,-98,-175,-75,-80,-71
10,-35,-45,13,28,-40,-131,-101,-174,-75,-80,-69
5,-40,-45,18,25,-42,-140,-99,-180,-78,-83,-71
-4,-48,-45,26,21,-46,-144,-101,-179,-81,-85,-68
8,-51,-59,22,34,-55,-161,-117,-181,-85,-89,-79
11,-56,-67,23,39,-62,-169,-124,-185,-94,-91,-92
5,-59,-64,28,34,-61,-182,-126,-186,-98,-97,-90
2,-64,-66,31,34,-64,-190,-138,-185,-114,-115,-90
-3,-68,-65,36,32,-66,-197,-148,-178,-123,-121,-90
-5,-69,-64,38,29,-66,-221,-158,-175,-131,-127,-93
7,-76,-83,35,45,-79,-243,-175,-169,-145,-137,-104
16,-81,-97,33,57,-88,-259,-188,-166,-140,-140,-109
18,-77,-94,30,56,-85,-294,-206,-153,-131,-134,-103
22,-73,-95,26,59,-84,-332,-216,-121,-127,-132,-95
24,-71,-95,24,60,-83,-375,-232,-78,-116,-116,-91
36,-59,-95,12,66,-76,-428,-255,-8,-79,-73,-77
59,-32,-91,-13,75,-61,-474,-266,58,-27,-26,-48
78,-2,-80,-37,79,-41,-479,-268,122,32,32,-8
100,28,-73,-64,86,-23,-467,-248,191,89,91,27
117,54,-64,-85,90,-5,-449,-227,251,141,147,58
107,78,-29,-92,68,24,-381,-204,282,180,185,93
105,85,-20,-95,62,32,-302,-176,262,173,178,94
100,78,-22,-89,61,28,-194,-142,226,162,167,85
82,73,-9,-77,46,31,-72,-88,185,154,159,80
65,68,3,-67,31,35,31,-34,145,128,133,73
39,59,20,-49,9,40,112,4,117,94,100,58
26,37,11,-31,7,24,139,39,97,60,70,28
23,19,-4,-21,13,7,153,67,82,40,47,15
19,5,-14,-12,17,-5,145,81,68,30,28,10
16,-8,-23,-4,20,-15,121,94,60,17,19,2
18,-10,-29,-4,23,-19,107,95,59,8,13,-5
24,-13,-37,-5,31,-25,90,96,55,3,5,-13
29,-16,-45,-6,37,-30,83,101,53,-3,-3,-15
29,-19,-48,-5,39,-34,76,99,49,-6,-9,-15
25,-20,-45,-2,35,-32,69,102,53,-12,-5,-15
28,-14,-42,-7,36,-28,63,116,64,-15,-5,-15
31,-9,-40,-11,36,-24,56,122,76,-10,-4,-15
33,-3,-36,-15,35,-19,51,117,81,-10,1,-14
38,3,-35,-20,36,-16,45,115,80,-9,-1,-9
38,7,-31,-23,34,-12,41,111,80,-4,3,-4
36,12,-25,-24,31,-6,34,111,80,-6,5,0
35,15,-20,-25,27,-2,29,103,80,-2,5,5
33,18,-15,-25,24,2,24,85,79,0,5,10
31,23,-8,-27,19,7,16,68,70,0,5,13
31,25,-6,-28,18,9,9,48,61,0,4,18
33,20,-12,-26,22,4,2,33,53,0,0,21
37,20,-18,-28,28,1,-6,20,43,0,0,24
43,20,-22,-31,33,-1,-13,7,36,-5,0,29
49,20,-29,-34,39,-4,-19,-3,30,-5,0,31
54,21,-34,-37,44,-6,-21,-15,25,-6,0,35
49,17,-32,-33,41,-7,-24,-25,19,-10,0,35
42,15,-27,-28,34,-6,-27,-34,14,-10,0,35
39,15,-25,-27,32,-5,-30,-41,9,-12,0,35
36,15,-20,-25,27,-2,-35,-46,5,-15,0,35
31,15,-17,-23,23,-1,-39,-50,3,-18,0,43
29,16,-13,-22,21,1,-40,-53,0,-21,-1,46
29,19,-10,-24,19,5,-40,-58,-4,-24,-4,41
31,21,-10,-26,20,5,-45,-61,-5,-25,-7,40
29,19,-10,-24,19,5,-45,-68,-9,-20,-10,35
32,22,-10,-27,21,6,-46,-74,-10,-20,-13,35
40,30,-10,-35,25,10,-50,-76,-10,-20,-16,39
36,30,-7,-33,22,11,-49,-79,-15,-20,-13,41
29,25,-4,-27,16,10,-53,-81,-15,-20,-9,46
25,24,-1,-24,13,11,-55,-91,-15,-20,-10,42
18,19,2,-19,8,10,-55,-96,-15,-20,-10,40
16,21,5,-19,5,13,-55,-94,-15,-20,-10,40
22,25,4,-24,8,14,-55,-95,-15,-20,-10,40
25,25,0,-25,12,12,-55,-95,-15,-20,-5,40
27,25,-2,-26,14,11,-55,-95,-15,-21,-5,40
30,25,-5,-27,17,10,-55,-91,-19,-24,-4,44
33,25,-8,-29,20,8,-54,-90,-20,-25,0,45
36,25,-11,-30,23,7,-50,-90,-20,-25,0,45
31,25,-6,-28,18,9,-50,-85,-20,-25,-2,45
30,25,-5,-27,17,10,-50,-85,-20,-25,-7,44
30,25,-5,-27,17,10,-50,-84,-19,-25,-13,47
30,25,-5,-27,17,10,-50,-79,-15,-26,-16,54
31,25,-6,-28,18,9,-46,-80,-15,-24,-22,60
39,25,-14,-32,26,6,-45,-78,-15,-29,-25,60
47,24,-22,-35,34,1,-45,-74,-15,-35,-20,61
48,26,-22,-37,34,1,-40,-77,-15,-29,-15,66
40,24,-16,-31,27,4,-40,-75,-12,-24,-11,63
38,26,-11,-32,24,7,-40,-96,-9,-18,-6,70
44,36,-8,-40,25,14,-40,-96,-6,-12,-1,85
35,33,-2,-34,18,16,-40,-63,-3,-12,-2,85
31,30,-1,-31,16,14,-40,-66,-1,-18,-7,85
33,28,-5,-30,19,11,-40,-79,2,-23,-10,85
32,24,-7,-28,19,8,-40,-80,5,-26,-13,85
36,25,-10,-31,23,7,-44,-80,5,-31,-18,85
38,25,-13,-31,25,6,-45,-80,7,-36,-20,85
41,25,-16,-33,28,5,-45,-80,10,-39,-20,85
39,25,-14,-31,26,5,-45,-81,10,-40,-20,85
42,25,-16,-33,28,4,-45,-85,6,-40,-20,85
45,25,-20,-35,32,2,-45,-84,5,-40,-20,85
40,20,-20,-30,30,0,-45,-87,5,-40,-19,80
40,20,-20,-30,30,0,-45,-90,1,-40,-23,80
40,20,-20,-30,30,0,-45,-90,-1,-40,-27,79
40,20,-20,-30,30,0,-45,-86,2,-40,-25,74
39,20,-19,-29,29,1,-45,-85,5,-40,-25,76
35,20,-15,-27,25,2,-41,-85,5,-40,-25,72
35,20,-15,-27,25,2,-40,-80,7,-40,-25,71
35,20,-15,-27,25,2,-40,-80,11,-35,-25,84
35,20,-15,-27,25,2,-35,-79,9,-35,-20,86
35,19,-15,-27,25,2,-35,-72,15,-35,-16,84
39,21,-18,-30,28,1,-34,-66,23,-35,-14,86
45,24,-21,-34,32,1,-29,-60,30,-36,-10,82
55,30,-24,-42,39,3,-26,-53,38,-33,-7,99
69,43,-27,-56,48,8,-23,-47,45,-29,-2,121
72,41,-30,-57,51,5,-19,-48,53,-30,2,119
87,58,-30,-72,58,14,-15,-54,50,-29,7,124
100,69,-31,-85,65,19,-20,-55,43,-30,10,125
89,60,-29,-75,59,15,-31,-62,35,-30,-1,117
82,49,-32,-65,57,8,-41,-62,30,-30,-14,111
65,23,-42,-44,53,-9,-60,-79,19,-49,-33,103
38,10,-28,-24,33,-9,-61,-94,15,-66,-53,99
23,8,-15,-15,19,-3,-58,-98,11,-77,-68,91
16,7,-9,-11,12,0,-63,-109,1,-73,-63,92
10,0,-11,-5,10,-5,-55,-105,11,-78,-68,84
13,4,-9,-8,11,-3,-67,-119,-14,-82,-71,86
7,-3,-10,-2,8,-6,-45,-95,10,-77,-67,79
23,12,-11,-18,17,1,-66,-120,-20,-82,-72,80
4,6,2,-5,1,4,-44,-89,21,-66,-54,92
18,39,21,-29,-2,30,-52,-104,-9,-86,-70,98
31,92,60,-62,-15,76,14,19,99,29,51,171
150,132,-18,-141,84,57,216,542,662,385,409,355
447,435,-12,-441,229,212,355,1460,1989,1350,1378,880
241,465,225,-353,8,345,762,2331,3561,1834,1863,1014
-183,64,247,59,-215,155,912,1750,2209,432,454,229
-322,-198,124,260,-223,-37,936,939,79,-619,-599,-298
-353,-237,116,295,-234,-61,1150,689,-75,-523,-504,-272
-335,-230,104,282,-219,-63,1374,199,-250,-536,-513,-246
-381,-322,59,351,-220,-131,1701,-110,-373,-492,-469,-210
-438,-415,23,426,-230,-195,1714,-224,-338,-451,-440,-188
-395,-383,12,389,-203,-186,1325,-215,-291,-400,-387,-151
-208,-207,1,207,-105,-103,589,-188,-155,-282,-260,-47
-75,-86,-11,81,-32,-48,122,-126,-76,-212,-187,22
-38,-54,-17,46,-10,-35,53,-96,-21,-179,-154,60
-5,-28,-23,17,9,-25,-21,-113,-36,-181,-157,73
-3,-32,-29,18,13,-30,-39,-99,-16,-179,-153,69
-2,-29,-27,16,13,-28,-63,-110,-17,-176,-151,68
-6,-30,-24,19,9,-27,-79,-101,-7,-174,-149,64
-4,-30,-26,18,11,-27,-91,-111,-6,-176,-151,65
-6,-30,-24,19,9,-27,-95,-108,-14,-182,-160,62
-9,-35,-26,23,9,-30,-96,-113,-16,-189,-167,57
-13,-38,-25,26,6,-31,-114,-127,-23,-197,-176,55
-11,-43,-32,27,11,-37,-119,-138,-26,-212,-191,50
-18,-47,-28,32,5,-37,-126,-147,-32,-209,-193,46
-19,-50,-31,35,6,-40,-146,-153,-37,-215,-196,43
10,-56,-65,23,38,-60,-160,-177,-39,-244,-213,40
6,-63,-68,29,37,-65,-171,-194,-30,-252,-221,41
-11,-72,-60,42,25,-66,-198,-208,-24,-262,-236,37
-16,-73,-56,45,20,-64,-219,-216,-18,-261,-239,35
-17,-67,-50,42,17,-58,-247,-235,-10,-250,-233,34
-19,-64,-44,42,13,-54,-280,-264,5,-243,-229,39
-3,-58,-56,31,26,-57,-327,-277,49,-235,-214,40
37,-55,-92,9,65,-73,-390,-300,104,-207,-177,42
46,-44,-89,-1,68,-66,-429,-302,175,-152,-119,82
56,-20,-76,-18,66,-48,-448,-288,240,-98,-68,124
73,4,-69,-38,71,-32,-436,-281,307,-32,-5,161
79,25,-53,-52,66,-14,-401,-268,377,28,54,200
94,54,-40,-74,67,7,-341,-237,380,63,90,226
94,66,-27,-80,60,19,-250,-199,365,68,100,236
80,57,-23,-68,52,16,-145,-162,349,55,87,225
69,49,-20,-59,44,14,-17,-111,316,51,74,217
58,41,-17,-49,37,12,90,-54,280,26,49,208
45,33,-12,-39,28,10,163,-7,243,-14,15,198
23,13,-10,-18,16,2,197,37,222,-41,-19,175
8,-8,-16,0,12,-11,191,64,207,-77,-49,154
1,-22,-23,11,12,-22,183,69,197,-105,-74,148
-6,-35,-29,21,12,-32,175,70,191,-119,-87,141
-6,-43,-36,25,15,-39,168,71,179,-136,-101,133
-12,-54,-42,33,15,-48,159,75,178,-145,-111,125
-8,-54,-47,31,20,-50,147,75,180,-143,-116,120
-7,-49,-43,29,18,-46,136,76,180,-139,-125,119
-4,-47,-43,26,20,-45,125,80,181,-136,-120,121
14,-42,-56,15,35,-49,115,90,178,-131,-115,118
14,-40,-54,13,34,-46,106,100,198,-128,-109,129
15,-34,-50,9,33,-42,98,94,211,-124,-103,141
19,-29,-48,5,34,-38,88,89,213,-118,-99,140
21,-24,-45,2,33,-34,80,84,219,-115,-95,145
25,-18,-43,-3,34,-30,73,77,210,-110,-96,144
28,-12,-39,-8,34,-25,66,73,204,-105,-92,156
24,-12,-37,-6,31,-24,58,66,196,-108,-90,167
19,-16,-34,-1,27,-25,51,55,189,-114,-90,164
16,-15,-30,0,23,-22,44,43,182,-114,-94,166
15,-15,-30,0,23,-22,40,29,173,-120,-95,164
20,-15,-35,-2,28,-25,38,15,166,-126,-95,165
20,-15,-35,-2,28,-25,35,2,157,-124,-99,168
20,-15,-35,-2,28,-25,31,-6,151,-126,-100,171
20,-15,-35,-2,28,-25,30,-12,144,-124,-99,174
21,-15,-35,-2,28,-25,26,-20,139,-132,-102,176
17,-15,-32,-1,25,-24,25,-28,134,-141,-110,180
15,-14,-30,-1,23,-22,25,-34,127,-139,-110,180
9,-18,-26,5,18,-22,20,-41,122,-143,-111,182
1,-23,-24,12,13,-24,20,-47,117,-145,-116,186
0,-21,-21,11,10,-21,20,-54,115,-145,-114,184
0,-20,-20,10,10,-20,20,-61,115,-145,-118,189
19,-20,-39,1,29,-29,20,-68,115,-145,-120,190
27,-20,-46,-3,37,-33,20,-70,115,-145,-120,190
24,-20,-44,-2,34,-31,20,-70,115,-145,-120,195
27,-22,-49,-2,38,-35,20,-74,115,-145,-120,194
25,-25,-50,0,38,-37,17,-75,115,-146,-120,196
25,-25,-49,0,37,-37,14,-75,115,-150,-120,200
21,-25,-46,3,34,-35,11,-79,115,-150,-120,200
16,-25,-41,5,29,-33,8,-80,114,-150,-120,200
14,-25,-39,6,27,-31,5,-80,117,-150,-120,200
9,-25,-34,8,22,-30,5,-80,120,-149,-120,200
5,-25,-30,10,18,-27,5,-80,120,-154,-120,196
7,-25,-32,9,20,-28,5,-79,120,-155,-120,194
10,-25,-35,8,23,-30,5,-89,120,-155,-120,195
21,-24,-45,2,33,-34,5,-90,120,-154,-120,195
24,-28,-52,2,39,-40,5,-85,124,-157,-127,195
16,-30,-47,7,31,-38,5,-84,125,-168,-138,196
15,-30,-45,8,30,-37,5,-79,125,-170,-140,200
11,-30,-41,9,26,-36,5,-82,125,-170,-140,204
9,-30,-39,11,24,-35,5,-85,124,-170,-140,209
14,-35,-49,10,32,-41,5,-85,128,-170,-140,210
14,-35,-48,11,32,-41,5,-85,130,-170,-140,209
6,-36,-42,15,24,-39,5,-85,130,-170,-140,211
-1,-40,-39,21,19,-39,5,-85,134,-170,-139,217
-7,-40,-33,24,13,-36,5,-81,135,-170,-142,224
-10,-40,-30,25,10,-35,5,-80,135,-170,-151,225
-5,-40,-35,23,15,-37,5,-80,135,-169,-149,225
9,-40,-49,16,29,-44,9,-80,135,-180,-150,225
16,-40,-56,12,36,-48,10,-80,134,-186,-149,224
8,-40,-47,16,27,-43,10,-81,137,-184,-151,226
5,-40,-45,18,25,-42,15,-85,149,-186,-147,230
-1,-40,-39,20,19,-40,15,-85,150,-184,-138,229
-4,-40,-36,22,16,-37,15,-85,149,-195,-155,232
6,-40,-46,17,26,-43,15,-85,150,-201,-167,235
9,-40,-49,16,29,-44,15,-85,149,-199,-164,235
-1,-40,-39,21,19,-40,15,-81,151,-200,-166,235
-2,-40,-37,21,18,-38,15,-79,155,-200,-164,235
-12,-40,-29,26,9,-34,15,-80,155,-199,-165,235
-15,-40,-26,28,5,-32,19,-80,155,-204,-169,235
2,-39,-42,19,22,-40,20,-80,155,-204,-170,234
0,-47,-47,24,23,-47,20,-79,155,-207,-170,237
12,-51,-63,20,38,-57,20,-74,158,-220,-174,240
21,-50,-70,15,45,-60,20,-69,161,-218,-176,241
6,-50,-56,22,31,-53,19,-65,181,-213,-173,244
5,-50,-55,23,30,-52,14,-60,186,-211,-170,245
-6,-50,-44,28,19,-46,28,-56,183,-206,-168,248
-2,-45,-42,24,20,-43,53,-51,203,-204,-165,256
19,-38,-57,9,38,-47,51,-50,211,-199,-162,268
25,-34,-59,5,43,-46,44,-50,211,-194,-160,272
40,-27,-67,-6,53,-46,38,-46,217,-190,-157,277
47,-23,-70,-12,59,-46,30,-45,223,-185,-154,281
48,-17,-65,-15,56,-41,25,-47,220,-180,-156,274
50,-11,-61,-20,56,-36,20,-51,211,-181,-154,270
25,-34,-59,4,42,-46,16,-54,206,-197,-160,264
-16,-66,-51,42,18,-58,13,-62,198,-222,-180,258
1,-65,-67,32,35,-66,10,-68,193,-240,-200,253
20,-59,-79,20,50,-69,5,-75,189,-246,-215,249
-20,-63,-43,42,11,-53,7,-80,189,-245,-217,250
-15,-49,-34,32,10,-41,11,-74,191,-244,-213,250
-11,-63,-52,38,21,-57,15,-77,187,-247,-219,250
6,-51,-57,22,32,-53,18,-73,192,-243,-211,250
-33,-75,-41,54,4,-58,23,-78,190,-244,-218,254
0,-40,-40,20,20,-39,26,-73,196,-231,-203,273
-36,-36,-1,36,-17,-18,35,-44,192,-226,-180,284
-175,-163,12,169,-93,-75,150,252,503,-10,38,398
