I,II,III,aVR,aVL,aVF,V1,V2,V3,V4,V5,V6
-47,17,64,15,-56,40,10,-60,0,-65,-6,-45
-69,12,80,28,-75,45,14,-62,-4,-75,-13,-49
-57,-6,51,31,-54,22,21,-67,-18,-93,-21,-54
-44,-3,41,23,-42,18,27,-70,-26,-93,-34,-52
-76,-36,40,56,-58,2,35,-70,-38,-99,-46,-44
-20,-22,-2,21,-9,-12,40,-70,-52,-100,-45,-52
37,23,-14,-30,25,4,40,-70,-50,-100,-50,-73
16,8,-8,-12,12,0,40,-70,-38,-105,-49,-68
-51,-22,29,37,-40,3,40,-71,-42,-105,-55,-71
-78,-24,55,51,-66,15,40,-67,-67,-103,-64,-80
-31,9,40,11,-36,24,39,-64,-71,-100,-73,-80
-36,2,38,17,-37,20,43,-61,-69,-100,-91,-85
-46,-9,37,27,-41,14,46,-57,-73,-102,-99,-84
-30,-1,29,16,-29,14,49,-55,-76,-106,-101,-73
-5,32,37,-14,-21,35,51,-47,-72,-93,-100,-60
1,68,68,-35,-34,68,38,-41,-70,-62,-100,-58
12,46,34,-29,-11,40,22,-27,-67,-52,-100,-61
21,22,1,-22,10,12,7,-39,-64,-71,-100,-60
6,28,22,-17,-9,25,3,-73,-87,-79,-111,-65
17,19,2,-18,7,10,-2,-76,-99,-90,-118,-65
49,24,-25,-36,37,0,-5,-71,-101,-108,-122,-66
41,29,-12,-35,27,8,12,-70,-106,-109,-129,-74
-49,-30,19,39,-34,-5,31,-66,-109,-121,-144,-84
-79,-56,23,67,-51,-17,38,-63,-114,-128,-151,-93
-31,-47,-17,39,-7,-32,30,-78,-118,-120,-162,-105
-18,-40,-22,29,3,-31,41,-73,-132,-131,-177,-108
-22,-36,-14,29,-4,-25,26,-74,-127,-117,-173,-95
-17,-24,-8,21,-4,-16,46,-61,-133,-133,-199,-108
-29,-42,-13,36,-8,-28,15,-77,-131,-130,-172,-103
-125,-75,50,100,-87,-13,58,-40,-118,-151,-245,-182
-88,-87,1,87,-44,-43,171,138,-42,-106,-274,-211
236,-170,-406,-33,321,-288,-171,-83,-37,85,47,79
662,139,-524,-400,593,-193,-719,-617,-166,454,1092,1006
732,431,-300,-581,516,65,-794,-675,-147,738,1652,1435
282,90,-192,-186,237,-51,-298,-289,-167,198,459,453
13,-75,-89,31,51,-82,59,-10,-194,-168,-213,-72
-1,-53,-51,27,26,-52,70,1,-149,-51,-128,-55
-39,-94,-55,67,8,-74,86,-41,-161,-148,-270,-157
-24,-65,-41,44,9,-52,77,-40,-144,-136,-227,-129
-51,-93,-42,72,-4,-67,81,-40,-142,-137,-255,-175
-55,-93,-38,74,-8,-66,81,-37,-135,-138,-241,-162
-20,-61,-41,40,11,-51,76,-35,-129,-126,-238,-170
-38,-78,-39,58,1,-58,76,-35,-131,-136,-245,-174
-55,-96,-40,76,-8,-68,70,-31,-129,-121,-232,-172
-45,-82,-36,64,-4,-59,70,-29,-129,-124,-236,-176
-56,-91,-35,74,-10,-63,65,-25,-118,-109,-220,-162
-69,-104,-35,87,-17,-69,65,-23,-112,-108,-222,-162
-57,-87,-30,72,-13,-58,60,-20,-103,-98,-208,-151
-52,-82,-30,67,-11,-56,60,-18,-96,-96,-203,-147
-64,-93,-30,79,-17,-61,60,-9,-85,-103,-193,-139
-57,-79,-22,68,-17,-50,60,-1,-69,-101,-184,-154
-54,-72,-18,64,-18,-45,60,6,-59,-95,-177,-161
-69,-81,-12,75,-28,-46,58,16,-50,-89,-167,-152
-62,-68,-6,65,-28,-37,53,24,-46,-84,-156,-151
-60,-62,-2,61,-29,-32,48,53,-28,-54,-113,-144
-77,-65,11,71,-43,-26,44,65,-5,-24,-94,-141
-52,-66,-14,59,-18,-40,39,78,19,-1,-75,-133
-10,-41,-31,25,11,-35,35,116,52,32,-34,-118
3,-2,-5,-1,4,-3,29,137,86,59,-23,-105
21,28,7,-25,7,17,23,183,146,113,25,-70
49,54,5,-52,22,30,19,230,205,186,92,-22
75,74,-1,-75,38,37,13,261,253,247,127,0
69,81,12,-75,28,47,7,292,303,282,158,5
91,112,21,-101,34,67,8,330,355,358,226,55
148,168,20,-158,64,94,11,361,395,433,290,114
153,173,20,-163,67,96,5,350,410,440,322,127
158,179,21,-168,68,100,2,331,407,447,334,121
159,177,18,-168,70,97,-4,290,366,419,301,109
126,144,18,-135,54,81,-17,225,289,330,257,69
73,107,34,-91,20,70,-9,170,202,243,198,35
48,83,34,-66,7,58,13,131,123,161,123,7
15,42,27,-29,-6,35,22,85,54,54,50,-75
-44,-17,27,30,-36,5,33,46,2,0,-8,-123
-26,-6,20,16,-23,7,56,31,-22,-27,-45,-142
-17,7,23,5,-20,15,58,24,-37,-70,-73,-167
-35,8,43,14,-39,25,50,21,-56,-75,-77,-165
-42,-19,23,30,-32,2,46,17,-61,-75,-74,-160
-80,-47,33,64,-56,-7,40,14,-54,-76,-75,-152
-79,-6,73,42,-76,34,35,10,-51,-69,-70,-146
-66,2,69,32,-67,35,31,7,-44,-62,-70,-139
-96,-22,74,58,-85,26,28,1,-43,-56,-69,-133
-101,-26,76,63,-88,25,25,-2,-34,-48,-64,-127
-83,-11,73,47,-78,31,22,-8,-47,-47,-59,-126
-69,-2,67,35,-68,33,20,-31,-67,-51,-57,-101
-21,41,63,-10,-42,52,18,-42,-51,-50,-50,-64
-17,42,59,-13,-38,50,15,-39,-63,-50,-55,-56
-77,-23,54,50,-65,15,12,-43,-86,-50,-71,-49
-44,6,50,19,-47,28,9,-46,-87,-51,-70,-42
-9,24,33,-8,-21,28,6,-43,-89,-49,-71,-36
-83,-26,57,54,-70,16,5,-57,-99,-67,-77,-30
-103,-42,61,72,-82,10,10,-71,-106,-81,-74,-22
-78,-38,40,58,-58,1,14,-72,-99,-82,-75,-21
-94,-36,58,65,-75,11,13,-76,-111,-85,-90,-18
-97,-31,66,64,-82,17,9,-71,-120,-87,-105,-23
-96,-32,64,63,-80,16,6,-65,-112,-99,-117,-24
-90,-24,65,57,-77,20,3,-60,-106,-96,-111,11
-76,-11,65,43,-70,27,-1,-54,-100,-88,-100,25
-30,34,64,-2,-47,49,17,-48,-91,-85,-90,32
-32,43,75,-6,-54,59,17,-45,-88,-74,-67,42
-46,37,84,4,-65,61,3,-45,-77,-74,-49,50
4,80,76,-42,-36,78,-11,-49,-69,-75,-42,71
-24,39,63,-7,-44,50,-50,-81,-89,-76,-31,70
-22,15,37,3,-30,25,-42,-97,-108,-95,-27,57
-14,1,15,6,-14,8,-13,-96,-119,-93,-29,52
-76,-49,27,62,-51,-11,-7,-102,-120,-98,-35,39
-79,-48,31,63,-55,-8,0,-102,-123,-107,-45,25
-81,-87,-6,84,-38,-46,2,-108,-138,-108,-65,-7
-80,-107,-27,94,-26,-67,13,-99,-141,-127,-77,-23
-69,-103,-33,86,-18,-68,10,-97,-138,-121,-70,-14
-89,-108,-19,99,-34,-64,16,-88,-142,-130,-83,-18
-91,-101,-10,96,-40,-55,3,-86,-137,-118,-64,1
-104,-110,-7,107,-48,-59,19,-77,-143,-132,-90,-16
-29,-97,-67,64,19,-82,-1,-74,-133,-120,-55,16
-100,-98,3,99,-51,-47,41,-56,-111,-144,-117,-51
-166,-116,50,141,-108,-33,143,104,-76,-131,-179,-100
188,-205,-393,9,290,-299,-165,-71,-68,104,155,175
577,51,-526,-314,551,-237,-739,-642,-178,443,1062,975
734,402,-333,-568,533,34,-899,-762,-188,744,1749,1543
367,48,-319,-207,343,-136,-391,-333,-176,325,828,724
-14,-165,-150,90,68,-157,-4,-23,-161,-160,-29,51
-23,-74,-51,49,14,-62,8,-11,-83,-111,1,64
-69,-132,-63,100,-3,-97,44,-46,-114,-138,-101,-36
-95,-137,-42,116,-26,-89,31,-51,-132,-128,-106,-34
-109,-132,-23,120,-43,-77,36,-50,-126,-127,-127,-64
-79,-98,-20,89,-29,-59,36,-48,-125,-135,-120,-55
-66,-107,-41,87,-12,-74,32,-45,-116,-130,-110,-41
-71,-104,-34,88,-18,-69,40,-45,-116,-139,-121,-45
-60,-91,-31,76,-14,-61,39,-42,-108,-122,-110,-75
-87,-111,-24,99,-32,-67,46,-37,-106,-128,-119,-107
-73,-92,-19,83,-27,-55,47,-35,-97,-116,-88,-52
-66,-79,-14,73,-26,-46,51,-30,-91,-117,-87,-54
-64,-72,-8,68,-28,-39,45,-27,-84,-117,-84,-64
-61,-64,-3,62,-29,-33,41,-23,-77,-114,-87,-58
-88,-83,6,85,-47,-38,39,-16,-68,-112,-104,-90
-72,-83,-12,78,-30,-47,34,-4,-57,-106,-110,-99
-62,-54,8,58,-34,-23,31,4,-49,-105,-105,-93
-81,-51,30,66,-55,-11,28,19,-36,-99,-97,-92
-100,-77,23,88,-61,-26,24,26,-32,-94,-92,-88
-98,-72,26,85,-62,-23,20,27,-17,-83,-83,-66
-58,-38,20,48,-39,-9,17,54,18,-46,-63,-45
-26,-7,19,17,-23,6,13,81,45,-17,-43,-44
0,25,24,-13,-12,24,9,101,81,13,-23,-37
4,41,37,-23,-17,39,23,137,125,61,6,-11
25,54,29,-40,-2,42,33,180,178,122,53,26
24,63,39,-44,-7,51,22,214,230,176,91,54
58,117,60,-88,-1,88,13,255,288,233,143,91
130,156,26,-143,52,91,3,304,360,334,225,144
123,147,24,-136,50,86,-8,333,411,399,275,187
117,165,48,-141,34,107,-17,345,450,440,309,210
136,189,53,-162,41,121,-31,338,474,497,351,227
180,230,50,-205,65,140,-43,327,473,508,381,258
175,218,43,-196,65,131,-49,298,438,481,367,260
123,161,39,-142,42,100,-44,230,348,407,313,233
106,139,33,-122,36,85,-28,157,246,292,234,196
83,111,27,-97,28,69,-15,99,146,172,136,132
35,61,26,-48,4,43,-5,49,55,78,55,70
-6,30,36,-12,-21,33,5,15,6,22,-6,29
3,27,24,-15,-11,25,14,6,-16,-27,-44,8
-16,21,37,-3,-26,29,28,2,-35,-47,-70,-19
-50,18,68,15,-59,42,36,-5,-61,-57,-100,-37
-49,12,61,18,-56,37,34,-10,-66,-61,-109,-34
-47,10,57,18,-52,34,37,-16,-64,-60,-116,-36
-29,27,56,0,-43,42,41,-13,-66,-64,-120,-32
-9,39,48,-15,-29,44,40,-27,-65,-76,-120,-47
-14,40,54,-13,-34,47,37,-42,-65,-86,-132,-61
-22,40,62,-9,-42,50,32,-39,-60,-80,-129,-51
-16,40,57,-12,-37,48,30,-40,-60,-78,-116,-48
-24,39,63,-8,-43,51,25,-40,-60,-73,-110,-41
-42,42,84,0,-63,63,22,-41,-61,-71,-110,-36
-41,52,93,-6,-67,72,18,-36,-59,-66,-108,-32
-13,50,63,-19,-38,56,14,-35,-63,-66,-105,-28
-33,45,78,-6,-56,62,29,-29,-64,-59,-104,-37
-59,41,101,9,-80,71,38,-36,-67,-66,-107,-51
-42,34,76,3,-59,55,31,-60,-88,-102,-119,-50
-44,30,74,7,-59,52,30,-60,-91,-106,-121,-43
-40,22,62,9,-52,42,26,-60,-89,-105,-119,-55
-55,1,56,26,-55,28,24,-60,-90,-110,-116,-71
-68,-13,55,40,-61,21,29,-60,-90,-110,-114,-61
-41,12,53,14,-48,32,30,-58,-89,-108,-114,-57
-16,32,48,-8,-32,40,32,-38,-73,-86,-84,-49
-8,50,58,-21,-33,54,37,-23,-54,-61,-57,-43
-10,64,74,-27,-42,69,25,-27,-47,-50,-44,-40
8,70,62,-39,-28,66,7,-23,-33,-33,-31,-32
34,87,52,-61,-9,69,-5,-30,-31,-33,-42,-28
18,61,43,-40,-13,52,-16,-67,-74,-75,-52,-13
-34,5,38,14,-36,21,-22,-76,-89,-91,-66,-37
-46,-11,35,28,-40,12,2,-78,-81,-84,-82,-55
-30,0,30,15,-30,15,22,-80,-94,-106,-105,-64
-86,-61,25,73,-56,-18,21,-85,-98,-109,-122,-90
-128,-107,21,117,-74,-42,43,-85,-98,-121,-145,-107
-117,-99,17,108,-66,-41,32,-79,-88,-119,-161,-122
-121,-113,7,117,-64,-53,28,-74,-100,-131,-179,-139
-76,-104,-28,90,-24,-66,22,-63,-120,-143,-157,-117
-58,-102,-44,80,-7,-73,9,-65,-121,-146,-169,-130
-64,-89,-24,77,-20,-56,22,-43,-108,-147,-161,-118
-53,-73,-20,63,-16,-46,17,-71,-103,-129,-146,-113
-129,-60,69,94,-99,4,129,48,-57,-161,-257,-201
36,-155,-191,60,114,-173,32,74,10,-15,-108,-93
464,-128,-592,-168,529,-360,-481,-450,-174,219,522,456
724,275,-449,-500,586,-87,-873,-820,-254,596,1580,1351
546,194,-352,-369,449,-79,-606,-531,-156,532,1307,1058
107,-153,-260,23,184,-206,-75,-113,-162,-58,91,83
-41,-96,-55,69,7,-76,58,7,-95,-137,-64,-32
-22,-81,-59,52,19,-70,61,-23,-85,-116,-112,-99
-69,-109,-40,89,-14,-75,70,-48,-104,-139,-177,-135
-80,-108,-28,94,-26,-67,60,-53,-95,-111,-149,-120
-93,-106,-14,99,-39,-59,70,-44,-97,-148,-186,-161
-96,-102,-6,99,-45,-53,61,-47,-91,-130,-157,-140
-90,-96,-6,93,-42,-50,64,-38,-86,-132,-179,-158
-102,-99,4,101,-52,-47,53,-43,-88,-125,-164,-146
-71,-67,4,68,-37,-31,51,-30,-79,-116,-185,-170
-95,-61,34,78,-64,-13,41,-28,-70,-120,-168,-160
-118,-95,22,106,-70,-36,46,-45,-89,-135,-173,-147
-80,-61,19,70,-49,-21,67,-20,-58,-106,-181,-153
-119,-104,15,111,-66,-44,65,-30,-68,-115,-167,-162
-130,-114,16,122,-73,-49,62,-33,-76,-130,-168,-163
-128,-88,40,108,-84,-24,59,-14,-54,-109,-157,-143
-120,-98,23,109,-71,-37,55,-13,-65,-111,-154,-134
-107,-97,10,102,-58,-43,55,2,-52,-98,-146,-129
-98,-96,2,97,-50,-47,49,27,-26,-74,-135,-124
-51,-59,-9,55,-21,-34,44,41,-1,-57,-124,-118
-39,-42,-4,40,-17,-23,38,51,19,-44,-108,-112
-45,-36,9,40,-27,-13,34,82,48,-10,-87,-107
-47,-29,18,38,-33,-5,25,105,88,17,-69,-94
-34,-22,13,28,-23,-4,31,140,128,54,-36,-66
-8,-3,5,5,-6,1,45,185,173,116,12,-24
7,29,22,-19,-8,25,35,218,227,178,67,13
24,74,51,-49,-14,62,27,264,295,243,122,33
38,85,47,-62,-5,65,18,316,363,329,189,72
62,105,43,-84,10,74,8,358,420,404,258,119
107,145,39,-126,34,92,3,374,469,454,307,150
130,163,33,-147,49,97,-3,376,506,520,357,186
138,170,32,-154,53,101,-7,372,509,537,385,210
147,166,19,-157,63,93,-14,326,468,498,371,215
135,153,18,-144,58,86,-19,257,392,438,335,192
131,123,-9,-127,70,57,-17,188,281,319,256,148
65,85,20,-75,22,52,-9,119,180,198,165,101
-12,48,61,-18,-37,54,-3,75,105,114,95,52
1,22,21,-12,-10,21,5,40,44,43,34,7
-6,13,19,-3,-13,16,10,1,6,-11,-14,-35
-17,5,22,6,-20,14,18,-13,-25,-45,-42,-55
1,1,0,-1,1,0,35,-15,-37,-51,-58,-62
-24,-9,15,17,-19,3,35,-20,-33,-60,-75,-74
-53,-6,47,29,-50,20,30,-24,-41,-66,-81,-74
-70,-24,46,46,-57,11,28,-25,-53,-64,-80,-70
-73,-8,66,40,-69,29,23,-28,-41,-76,-86,-67
-50,30,80,9,-65,55,20,-30,-39,-81,-93,-62
-97,-20,77,59,-87,28,16,-32,-62,-83,-92,-59
-100,-18,81,59,-90,31,15,-36,-67,-87,-78,-56
-60,8,68,26,-65,38,15,-35,-62,-89,-80,-53
-55,6,62,24,-59,34,15,-35,-72,-92,-83,-50
-9,43,52,-18,-31,47,16,-35,-89,-94,-84,-48
17,60,43,-39,-13,51,14,-35,-91,-97,-71,-45
15,51,36,-33,-11,43,10,-34,-89,-100,-64,-43
4,38,35,-22,-15,36,10,-45,-91,-103,-87,-39
-12,24,36,-7,-24,30,8,-52,-90,-106,-92,-42
-42,-8,34,24,-38,13,5,-48,-88,-102,-110,-54
-55,-19,36,36,-45,8,5,-51,-83,-100,-127,-56
-36,-3,33,19,-34,15,9,-49,-80,-100,-132,-54
-31,1,31,15,-31,16,16,-51,-77,-100,-141,-51
-18,10,28,4,-23,19,23,-60,-71,-100,-129,-50
-26,28,54,-1,-40,40,29,-56,-71,-100,-121,-50
-28,52,80,-12,-55,66,37,-38,-62,-96,-110,-41
5,76,71,-41,-33,74,38,-28,-54,-91,-96,-29
12,91,79,-52,-34,85,16,-25,-41,-92,-89,-22
20,91,70,-56,-25,80,-13,-24,-29,-96,-90,-18
0,82,82,-42,-41,82,-29,-45,-45,-94,-89,-15
13,65,53,-39,-20,59,-32,-58,-59,-99,-91,-11
42,28,-14,-35,27,7,-17,-53,-80,-100,-90,-12
-18,19,37,-1,-28,28,10,-56,-88,-99,-95,-41
-32,-1,31,17,-32,15,16,-54,-85,-115,-109,-57
-45,-55,-10,51,-18,-32,18,-57,-103,-130,-130,-73
-57,-60,-3,59,-27,-31,23,-57,-105,-132,-132,-79
-42,-60,-18,51,-12,-39,16,-63,-104,-139,-125,-76
-50,-61,-11,56,-19,-36,22,-57,-107,-150,-139,-91
-33,-70,-37,51,2,-53,9,-63,-101,-129,-116,-76
-42,-62,-20,52,-10,-41,21,-58,-110,-148,-149,-105
-39,-58,-19,48,-10,-38,21,-62,-98,-118,-112,-76
-116,-72,44,94,-80,-14,75,-37,-85,-145,-169,-124
-118,-66,52,92,-85,-8,144,131,9,-123,-197,-159
231,-178,-409,-27,320,-293,-167,-100,-31,78,114,94
641,43,-598,-341,619,-278,-727,-701,-236,381,1045,911
751,326,-425,-539,588,-49,-862,-752,-162,732,1763,1459
417,52,-365,-234,391,-157,-350,-306,-107,316,757,595
53,-91,-144,19,99,-117,30,-23,-115,-162,-48,-14
-29,-61,-32,46,2,-47,45,4,-61,-107,5,8
-46,-85,-39,66,-3,-62,61,-27,-83,-146,-130,-110
-54,-67,-13,61,-20,-40,48,-38,-71,-133,-114,-94
-58,-80,-22,69,-18,-51,50,-34,-76,-141,-139,-112
-65,-72,-7,69,-28,-39,46,-34,-75,-148,-141,-114
-75,-81,-7,78,-34,-44,44,-30,-78,-140,-148,-136
-79,-79,0,79,-39,-40,52,-30,-82,-150,-156,-133
-77,-80,-4,79,-36,-42,48,-28,-71,-140,-144,-121
-71,-79,-8,75,-31,-43,51,-24,-72,-149,-156,-126
-75,-85,-10,80,-33,-47,49,-26,-63,-140,-146,-112
-82,-97,-15,90,-33,-56,50,-21,-62,-138,-147,-116
-56,-69,-13,63,-21,-41,52,-20,-55,-130,-130,-108
-55,-57,-2,57,-27,-29,55,-20,-47,-126,-120,-111
-62,-63,0,62,-31,-31,55,-13,-39,-118,-115,-106
-67,-56,10,61,-38,-23,55,-3,-31,-110,-112,-104
-95,-63,32,79,-63,-15,55,8,-24,-99,-112,-106
-95,-70,25,82,-60,-22,55,17,3,-70,-98,-95
-59,-38,20,49,-39,-9,51,33,26,-49,-69,-83
-19,-2,17,10,-18,7,50,48,46,-40,-55,-72
-21,-11,10,16,-15,0,49,60,61,-22,-50,-63
-50,-37,13,43,-31,-12,44,86,80,14,-31,-48
-36,-14,22,25,-29,4,46,116,123,46,2,-27
-4,29,33,-12,-19,31,42,153,163,87,33,-14
1,41,40,-21,-19,40,34,196,214,149,63,15
17,57,40,-37,-12,48,26,233,270,207,103,50
42,82,40,-62,1,61,18,285,338,280,163,77
49,89,40,-69,4,64,11,331,402,365,230,119
87,126,39,-107,24,83,4,356,460,428,283,162
124,166,43,-145,40,104,-1,381,509,490,338,199
123,168,45,-146,38,106,-6,381,509,533,370,223
127,171,45,-150,41,108,-12,350,492,530,361,219
116,165,49,-141,34,106,-18,304,466,493,354,214
94,144,51,-119,21,97,-18,238,376,410,314,199
57,106,49,-82,4,78,-10,158,258,283,222,150
20,66,45,-43,-13,55,-5,95,158,170,135,92
-1,38,40,-19,-21,39,3,50,77,92,67,47
-16,19,36,-2,-26,27,9,11,28,25,16,15
-27,4,31,11,-29,17,16,-4,-2,-18,-21,-15
-32,-6,26,18,-28,10,29,-7,-16,-39,-43,-35
-32,-5,27,18,-29,11,31,-13,-26,-52,-55,-45
-43,-5,38,24,-40,16,30,-18,-39,-55,-64,-53
-45,-5,40,25,-42,17,30,-24,-44,-59,-67,-53
-45,-5,40,25,-42,17,30,-29,-50,-68,-70,-50
-56,-3,53,29,-54,25,30,-31,-48,-73,-74,-47
-54,1,55,26,-55,28,25,-30,-45,-78,-74,-44
-56,-1,55,28,-56,27,25,-39,-45,-79,-70,-41
-59,1,60,29,-59,30,24,-50,-45,-75,-70,-40
-61,-1,60,31,-61,30,20,-50,-45,-76,-70,-40
-58,1,59,28,-58,30,20,-51,-45,-73,-70,-40
-33,20,53,7,-43,36,22,-55,-56,-70,-70,-40
-52,-5,47,29,-50,20,26,-55,-66,-70,-74,-40
-85,-44,42,64,-63,-1,25,-53,-69,-74,-75,-40
-78,-42,36,60,-57,-3,29,-49,-74,-75,-75,-42
-67,-36,31,51,-49,-2,30,-47,-78,-77,-80,-49
-61,-31,29,46,-45,-1,30,-44,-80,-88,-80,-55
-50,-24,26,37,-38,1,35,-41,-80,-91,-81,-58
-44,-21,24,32,-34,1,35,-39,-80,-89,-85,-64
-55,-36,19,45,-37,-8,35,-48,-80,-95,-85,-68
-61,-40,21,50,-41,-9,35,-55,-80,-93,-85,-63
-75,-50,26,62,-50,-12,34,-54,-74,-85,-85,-60
-83,-55,29,69,-56,-13,38,-59,-68,-80,-86,-57
-74,-33,42,53,-58,4,40,-55,-61,-71,-80,-52
-66,-13,53,39,-59,20,40,-47,-54,-68,-73,-50
-64,9,73,27,-68,40,35,-37,-47,-57,-66,-44
-57,18,75,19,-67,46,36,-36,-45,-48,-60,-34
-19,42,61,-12,-40,51,28,-33,-45,-32,-60,-28
-1,52,54,-26,-28,53,-10,-42,-44,-29,-59,-23
-20,21,42,-1,-31,31,-18,-73,-61,-64,-61,-27
-27,6,34,10,-31,20,-1,-78,-73,-69,-58,-39
-36,-12,24,24,-30,6,5,-79,-85,-84,-73,-57
-60,-44,16,52,-38,-13,16,-75,-102,-110,-100,-77
-76,-68,8,72,-42,-30,19,-75,-105,-111,-105,-87
-93,-82,12,87,-53,-35,30,-73,-113,-128,-124,-99
-86,-82,3,84,-44,-40,32,-69,-107,-124,-116,-89
-92,-92,1,92,-46,-45,41,-72,-114,-140,-136,-101
-81,-85,-4,84,-39,-44,35,-75,-125,-137,-131,-89
-73,-84,-12,79,-30,-48,28,-86,-130,-134,-144,-100
-93,-101,-8,97,-42,-55,33,-66,-123,-137,-129,-93
-106,-123,-17,114,-44,-69,14,-80,-117,-116,-134,-93
-195,-101,94,147,-144,-3,122,46,-97,-148,-246,-179
5,-170,-175,83,90,-172,36,64,-40,-27,-122,-95
477,-127,-605,-175,541,-366,-496,-489,-213,182,476,448
795,268,-527,-531,661,-129,-909,-865,-262,626,1577,1357
634,193,-441,-413,537,-124,-636,-534,-118,635,1298,1051
138,-118,-256,-9,197,-187,-100,-127,-145,-12,85,96
-31,-76,-45,53,7,-60,37,-28,-111,-135,-48,-8
-34,-87,-53,61,9,-69,36,-32,-98,-99,-112,-79
-43,-70,-27,57,-8,-48,45,-27,-107,-129,-167,-114
-28,-58,-30,43,1,-44,35,-31,-92,-110,-145,-107
-70,-93,-23,82,-24,-58,44,-34,-100,-148,-200,-143
-69,-84,-15,77,-27,-49,36,-31,-90,-123,-165,-116
-71,-85,-13,78,-29,-49,48,-21,-92,-134,-191,-132
-65,-76,-11,71,-27,-43,51,-18,-82,-122,-173,-114
-56,-74,-18,66,-19,-46,49,-7,-80,-121,-184,-118
-50,-68,-18,59,-16,-43,45,-8,-75,-119,-176,-117
-40,-60,-20,50,-10,-40,43,-35,-70,-110,-168,-122
-48,-61,-13,55,-18,-37,39,-40,-67,-108,-165,-117
-49,-59,-9,54,-20,-34,43,-30,-59,-98,-154,-110
-49,-56,-7,53,-21,-31,52,-26,-55,-96,-151,-106
-61,-55,6,58,-33,-24,51,-17,-48,-88,-142,-99
-81,-53,28,67,-54,-12,48,-8,-44,-80,-141,-97
-88,-51,36,69,-62,-7,45,5,-32,-72,-140,-94
-81,-47,34,63,-58,-6,44,27,-13,-59,-135,-89
-89,-56,33,73,-61,-11,37,35,8,-49,-136,-87
-43,-15,28,29,-35,6,49,66,39,-23,-124,-81
-8,29,37,-11,-23,33,49,96,55,8,-96,-64
-42,9,51,16,-46,30,18,101,71,26,-73,-47
-32,13,45,9,-39,29,14,139,118,69,-45,-29
0,40,40,-20,-21,40,16,167,166,121,-4,-4
54,91,37,-73,9,64,11,216,224,174,43,26
105,136,31,-121,37,83,10,275,285,245,86,51
104,136,32,-120,35,84,10,302,341,312,127,80
92,131,40,-112,26,85,3,338,406,376,183,111
108,154,46,-132,31,100,-7,384,472,456,247,156
132,177,45,-155,43,111,-15,401,512,508,288,197
141,186,45,-164,48,116,-25,373,513,498,305,206
137,182,45,-160,46,114,-33,342,487,495,309,204
98,142,45,-121,26,93,-39,283,415,446,274,191
64,109,45,-87,9,77,-33,198,304,324,202,171
29,69,40,-49,-6,54,-22,124,193,208,119,127
17,53,35,-35,-9,44,-13,65,103,111,46,69
27,59,31,-43,-2,45,-6,25,45,35,-6,34
-19,10,29,4,-24,19,1,1,5,-16,-50,9
-49,-18,31,34,-40,6,7,-6,-13,-45,-89,-13
-42,-14,28,28,-35,7,15,-15,-25,-64,-117,-32
-48,-16,32,32,-39,8,19,-25,-39,-72,-127,-42
-37,-10,27,23,-32,9,16,-33,-41,-74,-128,-44
-45,-11,34,28,-39,12,15,-35,-56,-84,-125,-42
-38,-9,29,23,-33,10,15,-35,-62,-85,-125,-39
-26,-4,22,15,-23,9,15,-35,-59,-81,-125,-41
-57,2,58,27,-58,30,15,-35,-61,-80,-125,-39
-45,5,50,19,-48,27,13,-36,-59,-75,-125,-41
-23,10,33,6,-28,21,8,-40,-61,-76,-121,-39
-20,15,36,2,-28,25,2,-45,-64,-79,-114,-35
-19,10,29,5,-24,19,-1,-48,-66,-82,-108,-36
-27,2,28,12,-28,15,-7,-53,-65,-85,-101,-32
-34,-10,24,21,-29,7,-10,-55,-66,-86,-94,-30
-34,-9,25,21,-29,8,-5,-55,-64,-85,-89,-29
-53,-28,25,40,-39,-1,-2,-59,-69,-86,-83,-40
-71,-46,25,58,-48,-11,1,-60,-80,-100,-77,-54
-54,-29,25,41,-40,-1,6,-60,-80,-106,-71,-56
-63,-38,25,50,-44,-7,9,-60,-80,-104,-66,-59
-70,-45,25,57,-47,-10,13,-60,-80,-105,-61,-62
-58,-38,20,48,-39,-9,15,-60,-80,-105,-55,-65
-55,-35,20,45,-37,-7,18,-60,-78,-105,-50,-65
-50,-29,20,40,-35,-4,21,-60,-74,-100,-44,-67
-45,-26,19,35,-31,-3,24,-58,-76,-93,-39,-70
-45,-21,25,33,-35,2,26,-51,-71,-89,-34,-70
-55,-19,36,37,-46,8,29,-44,-70,-82,-27,-66
-41,16,57,12,-48,36,31,-38,-70,-78,-19,-56
-23,44,67,-11,-46,55,27,-30,-65,-72,-13,-48
-10,47,56,-19,-34,51,23,-26,-67,-63,-3,-38
11,61,50,-36,-19,55,-11,-30,-72,-65,20,-35
13,53,40,-33,-14,46,-46,-51,-75,-63,29,-34
6,38,32,-22,-14,35,-38,-71,-80,-77,12,-37
-1,28,30,-14,-16,29,-15,-69,-82,-91,6,-32
-21,5,26,8,-24,15,11,-72,-89,-96,-13,-49
-63,-38,25,50,-44,-6,19,-74,-106,-118,-35,-72
-88,-69,19,79,-53,-24,20,-76,-115,-130,-51,-83
-84,-62,22,73,-52,-20,28,-76,-117,-131,-54,-90
-80,-67,13,73,-46,-27,21,-82,-118,-133,-56,-90
-81,-64,17,72,-49,-23,30,-79,-126,-152,-93,-103
-71,-65,6,68,-38,-29,19,-80,-121,-137,-81,-91
-78,-67,12,72,-45,-27,31,-81,-128,-153,-113,-113
-60,-61,-1,60,-29,-31,19,-77,-110,-137,-80,-84
-104,-71,33,87,-68,-19,48,-42,-99,-151,-125,-132
-138,-59,79,98,-108,10,163,119,-40,-136,-178,-179
189,-143,-332,-23,261,-237,-117,-92,-60,24,74,29
670,55,-615,-362,642,-280,-706,-718,-271,328,970,804
823,337,-486,-580,654,-74,-886,-823,-197,747,1757,1401
450,83,-367,-266,408,-142,-403,-365,-112,385,819,602
41,-81,-122,21,82,-102,14,-49,-143,-143,-40,-34
-49,-45,4,47,-26,-20,33,-24,-79,-106,-13,-26
-85,-70,15,77,-50,-27,49,-43,-102,-138,-131,-129
-95,-61,33,77,-64,-14,51,-48,-101,-133,-110,-111
-92,-74,19,82,-55,-27,56,-50,-103,-135,-141,-143
-104,-75,30,89,-66,-22,66,-42,-103,-141,-134,-134
-97,-75,22,86,-59,-26,59,-38,-93,-129,-122,-132
-93,-67,26,79,-60,-20,61,-32,-97,-140,-131,-135
-88,-60,28,74,-58,-16,54,-27,-87,-125,-112,-125
-96,-65,30,80,-62,-17,55,-20,-88,-134,-121,-134
-92,-63,29,77,-60,-16,49,-28,-81,-126,-106,-121
-83,-59,24,70,-53,-17,52,-36,-74,-122,-108,-128
-82,-56,27,69,-54,-15,57,-25,-64,-116,-99,-121
-74,-52,21,63,-47,-16,54,-15,-56,-110,-97,-120
-70,-49,21,60,-46,-14,51,-5,-48,-106,-92,-120
-69,-50,19,60,-44,-16,48,4,-40,-98,-87,-116
-71,-50,22,60,-46,-14,46,16,-31,-87,-82,-110
-86,-50,36,68,-61,-7,44,23,-25,-78,-76,-102
-85,-50,35,67,-60,-7,40,40,-13,-64,-72,-96
-72,-41,30,56,-51,-5,40,62,19,-35,-64,-89
-57,-28,29,43,-43,0,40,71,42,-12,-61,-77
-40,-16,24,27,-32,4,40,98,63,7,-41,-66
-25,1,26,12,-26,14,40,126,100,38,-12,-48
-7,32,40,-13,-24,35,44,159,145,78,7,-22
-16,30,46,-8,-31,38,44,206,201,136,39,-7
-2,43,44,-21,-23,43,39,246,257,201,81,17
54,101,48,-78,3,74,36,301,324,265,138,63
76,126,50,-101,13,88,33,347,394,345,193,94
93,143,50,-118,21,96,28,384,445,412,237,125
113,158,44,-136,34,101,25,404,499,462,280,159
119,151,32,-135,43,91,18,394,512,500,308,173
124,144,21,-134,51,82,2,388,499,507,331,186
128,138,10,-133,59,73,-7,347,478,482,330,180
132,124,-7,-128,69,58,-4,267,396,411,291,165
102,90,-12,-96,57,39,1,191,286,306,233,148
55,51,-3,-53,28,24,6,118,187,188,159,112
13,15,2,-14,5,8,9,67,105,93,84,65
3,13,10,-8,-3,11,16,26,38,25,36,18
6,22,16,-14,-5,18,10,-7,-5,-22,0,-2
-16,6,22,5,-19,13,12,-16,-15,-23,-24,-23
-9,20,29,-6,-20,24,33,-14,-20,-37,-42,-37
-21,20,41,0,-31,30,36,-18,-28,-66,-63,-31
-37,18,55,9,-46,37,34,-20,-34,-63,-60,-24
-41,14,55,13,-48,34,36,-20,-40,-59,-51,-18
-53,-3,51,28,-52,24,34,-24,-45,-57,-47,-11
-24,25,49,-1,-36,37,35,-26,-45,-50,-38,-5
-21,24,45,-2,-33,35,31,-25,-45,-52,-35,-11
-31,13,44,9,-38,28,26,-26,-45,-63,-35,-17
-33,6,39,13,-36,22,21,-35,-45,-67,-35,-21
-32,1,33,15,-33,17,18,-41,-48,-63,-35,-28
-25,5,30,10,-28,17,12,-43,-50,-73,-35,-33
-19,6,25,6,-22,15,10,-47,-54,-81,-34,-38
-8,13,21,-3,-15,16,10,-50,-56,-80,-42,-40
-24,-8,16,15,-19,4,10,-53,-62,-84,-58,-43
-44,-29,15,36,-29,-7,10,-56,-73,-91,-69,-46
-42,-28,14,35,-28,-7,10,-59,-76,-97,-70,-49
-32,-21,11,26,-21,-5,10,-61,-81,-104,-71,-54
-53,-44,9,48,-31,-17,14,-59,-84,-109,-79,-58
-73,-62,12,67,-42,-25,15,-62,-87,-110,-80,-60
-64,-49,15,56,-39,-17,15,-70,-100,-110,-82,-60
-60,-45,15,52,-37,-15,20,-70,-100,-114,-86,-60
-53,-38,15,45,-34,-11,20,-70,-100,-116,-84,-55
-43,-28,14,35,-28,-7,21,-70,-100,-113,-79,-50
-59,-38,22,48,-40,-8,25,-71,-100,-111,-74,-46
-70,-37,33,53,-51,-2,29,-67,-99,-107,-70,-41
-61,-12,50,36,-55,19,31,-58,-87,-106,-66,-37
-44,27,71,9,-58,49,36,-47,-73,-93,-62,-33
-22,47,69,-12,-46,58,39,-38,-57,-64,-54,-26
-24,47,71,-12,-47,58,18,-30,-48,-59,-50,-19
15,79,65,-47,-25,72,-23,-30,-49,-62,-50,-14
21,55,34,-39,-7,44,-44,-66,-67,-57,-50,-3
-6,2,8,2,-7,5,-21,-77,-81,-70,-50,-6
-14,-24,-11,19,-1,-17,-9,-75,-83,-88,-59,-34
-51,-59,-9,55,-21,-34,-2,-81,-98,-102,-94,-59
-53,-64,-11,59,-21,-37,4,-79,-104,-108,-112,-69
-61,-71,-10,66,-25,-40,11,-86,-109,-119,-127,-83
-59,-69,-9,64,-25,-39,19,-83,-112,-119,-120,-78
-44,-71,-27,58,-9,-49,18,-89,-116,-124,-139,-87
-51,-68,-17,60,-17,-42,25,-86,-118,-131,-146,-87
-51,-71,-20,61,-15,-46,13,-95,-119,-126,-144,-87
-71,-70,1,71,-36,-34,31,-81,-116,-147,-185,-97
-65,-78,-13,71,-26,-45,4,-93,-100,-126,-154,-66
-152,-83,68,117,-110,-7,87,-7,-94,-165,-237,-146
-83,-116,-33,99,-24,-74,127,116,-12,-97,-220,-146
344,-176,-520,-84,433,-348,-331,-321,-149,80,188,221
777,170,-607,-473,692,-218,-866,-862,-288,507,1278,1143
759,293,-466,-526,613,-86,-788,-701,-127,763,1511,1262
241,-55,-296,-92,269,-175,-223,-229,-124,145,282,284
-27,-78,-51,53,12,-64,46,-39,-122,-143,-111,-5
-44,-60,-17,52,-13,-38,39,-41,-87,-62,-92,-35
-93,-88,5,90,-49,-41,45,-41,-109,-137,-212,-120
-83,-73,10,78,-46,-31,42,-47,-93,-109,-170,-85
-108,-101,7,105,-57,-47,66,-43,-105,-138,-218,-129
-119,-100,19,109,-69,-40,54,-38,-97,-126,-189,-105
-112,-104,8,107,-60,-47,54,-33,-96,-124,-205,-120
-107,-93,14,100,-60,-39,51,-27,-90,-124,-194,-113
-111,-92,18,101,-64,-37,43,-22,-85,-114,-194,-114
-106,-86,20,96,-63,-33,51,-16,-82,-118,-197,-118
-93,-82,11,87,-52,-35,59,-12,-76,-107,-181,-117
-90,-81,9,85,-49,-36,61,-6,-73,-104,-179,-125
-83,-79,4,81,-43,-37,61,-2,-65,-95,-160,-124
-79,-80,-1,80,-39,-41,66,2,-61,-90,-147,-122
-86,-75,11,80,-48,-32,65,7,-43,-83,-134,-113
-89,-72,17,80,-53,-27,63,12,-23,-77,-125,-108
-82,-67,15,74,-49,-25,58,24,-12,-68,-116,-101
-74,-59,15,66,-44,-22,55,39,-3,-57,-99,-94
-64,-52,13,58,-38,-19,52,49,19,-38,-78,-89
-47,-39,8,43,-27,-15,47,69,38,-11,-60,-81
-38,-25,12,31,-25,-6,45,82,49,6,-47,-73
-39,-11,28,25,-33,8,46,107,89,40,-25,-60
-30,1,31,15,-31,16,46,151,133,86,14,-36
-9,17,26,-4,-18,21,42,176,169,113,44,-20
6,29,23,-18,-9,26,39,225,224,162,82,11
0,47,47,-24,-23,47,35,284,293,239,135,47
38,96,59,-67,-11,77,32,325,360,308,189,79
81,124,43,-103,19,83,28,370,421,372,238,111
91,127,37,-109,27,82,21,403,467,434,283,134
119,150,31,-134,43,90,12,424,502,480,315,162
146,174,28,-160,59,100,6,423,522,503,328,171
147,169,23,-158,62,96,4,401,512,514,332,180
133,152,18,-143,57,85,1,345,466,483,320,183
119,134,15,-127,52,74,-2,261,377,390,280,161
86,101,15,-94,35,58,-5,183,270,285,210,133
41,56,15,-49,13,35,-4,110,170,174,137,94
16,31,15,-24,0,22,1,52,98,91,81,57
6,27,21,-17,-8,24,4,20,53,43,40,31
-18,18,36,0,-27,27,7,12,7,-2,0,14
-34,12,45,11,-40,28,12,5,-9,-35,-31,-5
-32,3,35,14,-34,19,15,-5,-14,-42,-37,-12
-44,4,48,20,-46,26,11,-11,-33,-39,-40,-10
-41,21,62,10,-52,42,10,-17,-37,-36,-44,-10
-28,26,54,1,-42,40,10,-21,-38,-34,-49,-7
-29,25,53,2,-42,39,5,-26,-43,-49,-48,-4
-23,25,48,-1,-36,36,5,-30,-44,-57,-44,-6
-20,25,44,-3,-32,34,4,-35,-47,-54,-46,-10
-29,25,54,1,-42,40,0,-38,-50,-60,-41,-10
-28,23,51,2,-40,36,0,-41,-51,-60,-40,-11
-23,17,40,3,-32,29,-2,-39,-50,-61,-40,-15
-20,13,33,4,-27,23,-5,-42,-52,-64,-35,-15
-14,8,22,2,-18,15,-5,-62,-61,-67,-36,-17
-19,4,23,8,-22,13,-2,-66,-67,-69,-34,-27
-33,-1,32,16,-32,15,1,-65,-75,-75,-42,-33
-47,-5,42,26,-44,18,0,-70,-86,-88,-51,-31
-44,-5,39,24,-41,17,0,-70,-93,-94,-49,-30
-40,-6,34,23,-37,14,0,-69,-93,-97,-60,-28
-41,-10,31,26,-36,10,1,-65,-89,-101,-66,-26
-33,-10,23,21,-28,6,6,-65,-91,-100,-67,-23
-58,-12,46,34,-52,17,9,-63,-89,-99,-72,-34
-87,-29,57,58,-72,14,10,-59,-91,-116,-75,-51
-79,-42,37,61,-58,-3,10,-60,-89,-125,-75,-50
-75,-38,37,56,-56,0,10,-68,-93,-114,-75,-50
-74,-42,32,57,-53,-4,10,-70,-103,-110,-71,-45
-67,-23,44,45,-56,11,12,-60,-98,-102,-70,-46
-47,25,73,11,-60,49,16,-58,-88,-97,-70,-44
-9,59,68,-25,-39,63,20,-43,-74,-88,-54,-32
-9,64,73,-27,-41,68,23,-24,-66,-69,-35,-15
-9,57,66,-24,-37,62,9,-27,-72,-66,-36,-6
9,86,77,-47,-34,81,-22,-36,-73,-64,-35,7
0,44,44,-22,-23,43,-41,-65,-76,-69,-35,10
-3,-19,-16,11,6,-17,-41,-80,-97,-94,-59,-25
-36,10,47,13,-42,28,-16,-81,-100,-95,-55,-18
-65,-14,51,39,-58,19,18,-79,-103,-109,-78,-26
-54,-50,5,51,-29,-22,11,-82,-117,-127,-114,-69
-69,-53,17,61,-42,-18,9,-95,-122,-134,-119,-83
-70,-66,4,68,-37,-30,2,-92,-116,-125,-109,-77
-76,-72,4,73,-40,-33,0,-91,-115,-139,-122,-91
-76,-74,2,75,-38,-36,-5,-82,-104,-140,-111,-79
-70,-71,-1,70,-34,-36,5,-87,-100,-132,-125,-89
-78,-63,15,70,-46,-24,29,-70,-94,-138,-131,-85
-63,-59,4,61,-34,-27,-1,-67,-82,-112,-114,-78
-137,-39,98,88,-117,29,117,46,-71,-146,-201,-160
3,-132,-135,65,69,-133,66,90,-10,-48,-121,-101
470,-107,-577,-181,524,-342,-481,-467,-184,157,461,419
832,278,-555,-555,693,-138,-935,-886,-241,640,1561,1315
671,233,-438,-452,554,-102,-675,-570,-91,687,1311,1049
142,-78,-220,-32,181,-148,-116,-144,-144,2,109,120
-36,-59,-22,48,-6,-40,43,14,-79,-115,-36,9
-39,-67,-28,53,-5,-47,41,-14,-64,-63,-90,-61
-74,-65,8,70,-40,-28,55,-55,-114,-139,-151,-112
-74,-66,8,70,-41,-28,50,-52,-94,-110,-126,-94
-128,-106,22,117,-75,-41,59,-48,-104,-129,-177,-115
-115,-98,17,106,-66,-40,52,-43,-89,-130,-140,-112
-108,-96,11,101,-59,-42,57,-39,-91,-151,-159,-139
-99,-87,12,93,-55,-38,54,-35,-84,-136,-136,-117
-98,-83,15,91,-56,-34,55,-30,-80,-135,-141,-124
-106,-76,30,91,-67,-23,56,-23,-73,-131,-132,-113
-90,-74,16,82,-53,-29,62,-16,-65,-124,-125,-110
-91,-76,16,83,-53,-30,66,-10,-60,-121,-121,-107
-76,-74,2,75,-39,-36,64,-2,-52,-104,-111,-103
-84,-76,8,80,-46,-33,65,6,-48,-98,-107,-107
-103,-73,30,88,-66,-22,65,16,-37,-91,-99,-104
-88,-63,25,75,-57,-19,65,23,-28,-83,-96,-106
-66,-50,16,58,-41,-17,65,33,-18,-68,-90,-104
-53,-41,13,47,-33,-14,65,42,-3,-55,-87,-96
-40,-38,2,39,-21,-18,65,53,15,-39,-82,-87
-15,-32,-17,24,2,-25,65,72,31,-23,-63,-79
-9,-1,8,5,-8,3,65,90,58,-9,-35,-67
2,31,30,-17,-14,30,65,124,100,31,-5,-49
12,34,22,-24,-5,28,61,155,132,78,25,-34
25,50,25,-38,0,38,54,182,182,114,47,-10
57,74,17,-66,20,45,47,234,239,170,88,21
76,100,25,-88,25,62,42,279,289,235,118,33
93,137,44,-115,24,90,33,315,352,290,145,44
78,131,53,-105,12,92,32,360,412,354,206,92
108,162,53,-135,27,107,42,389,467,420,248,138
158,210,51,-184,53,130,31,390,486,463,269,149
147,197,50,-172,48,123,16,391,466,481,284,160
142,187,46,-165,48,116,6,373,462,487,291,172
120,179,59,-150,31,118,5,309,435,439,262,173
111,145,34,-128,38,89,5,231,339,340,204,139
107,101,-6,-104,56,47,5,149,232,240,149,96
64,77,13,-71,25,45,4,89,139,138,85,68
17,58,41,-38,-13,50,8,51,72,59,21,21
-5,40,46,-18,-26,43,24,21,23,7,-33,-12
-19,26,44,-4,-32,35,26,6,-7,-23,-76,-27
-37,8,46,14,-42,27,22,0,-15,-37,-93,-37
-29,15,44,7,-37,29,20,-5,-28,-53,-97,-36
-10,31,41,-11,-25,36,16,-11,-38,-59,-93,-28
0,38,38,-19,-20,38,15,-16,-40,-60,-98,-35
-3,32,35,-15,-19,33,11,-22,-40,-60,-102,-47
-4,29,33,-13,-18,31,10,-25,-40,-60,-84,-30
-6,23,29,-8,-18,26,10,-28,-41,-61,-88,-31
-11,22,33,-5,-22,27,6,-30,-55,-59,-83,-45
4,35,30,-20,-13,32,5,-34,-62,-67,-64,-28
1,30,29,-15,-14,29,6,-35,-59,-75,-65,-24
1,25,24,-13,-12,25,10,-36,-61,-78,-65,-26
-6,19,25,-7,-16,22,10,-40,-60,-80,-65,-23
-35,13,48,10,-42,31,12,-40,-66,-84,-70,-51
-19,9,28,5,-24,19,16,-41,-64,-84,-70,-68
-7,-1,7,4,-7,3,15,-47,-71,-88,-71,-64
-15,-8,8,11,-11,0,19,-59,-91,-103,-87,-66
-42,-43,0,42,-21,-21,20,-66,-96,-108,-91,-65
-60,-57,3,58,-31,-27,20,-65,-94,-111,-88,-65
-59,-47,12,53,-36,-17,20,-65,-95,-116,-85,-69
-68,-46,22,57,-45,-12,20,-65,-95,-119,-86,-70
-59,-39,20,49,-39,-10,20,-61,-95,-117,-107,-72
-48,-36,12,42,-29,-12,20,-54,-100,-111,-111,-82
-43,-30,13,36,-28,-8,20,-47,-97,-108,-109,-79
-58,-24,34,41,-46,5,20,-41,-87,-103,-119,-73
-34,17,51,8,-42,34,21,-34,-80,-98,-121,-71
-21,29,51,-4,-36,40,30,-29,-72,-92,-120,-65
-43,5,48,19,-46,27,21,-29,-73,-82,-120,-61
-3,43,45,-20,-24,44,-17,-22,-75,-80,-124,-56
24,69,45,-47,-10,57,-41,-39,-77,-79,-127,-51
18,56,38,-37,-10,47,-29,-66,-81,-81,-129,-47
5,35,30,-20,-13,32,-7,-65,-81,-95,-134,-45
-22,-1,21,11,-22,10,10,-64,-90,-98,-132,-55
-55,-40,15,47,-35,-12,23,-70,-103,-123,-150,-71
-57,-51,6,54,-31,-23,26,-81,-115,-145,-168,-88
-69,-69,-1,69,-34,-35,29,-79,-122,-148,-175,-100
-88,-102,-14,95,-37,-58,18,-79,-124,-141,-162,-93
-89,-99,-10,94,-40,-54,22,-74,-131,-149,-179,-113
-96,-101,-5,99,-45,-53,12,-75,-124,-141,-160,-97
-93,-106,-13,99,-39,-59,11,-74,-119,-147,-178,-113
-81,-105,-25,93,-27,-65,19,-65,-110,-147,-166,-99
-96,-97,-1,97,-47,-49,47,-57,-101,-135,-163,-104
-148,-93,56,120,-102,-18,164,96,-48,-168,-282,-207
54,-223,-277,85,166,-250,-32,34,-19,-33,-124,-88
507,-77,-583,-215,545,-330,-557,-519,-170,270,706,647
775,346,-428,-560,601,-41,-862,-813,-235,688,1754,1515
467,172,-296,-319,382,-62,-503,-457,-210,453,1096,914
33,-125,-158,46,96,-141,7,-64,-169,-133,-55,-7
-10,-69,-59,39,25,-64,71,12,-61,-128,-61,-17
-26,-76,-50,52,12,-63,67,-19,-68,-125,-135,-78
-66,-83,-17,75,-24,-50,70,-31,-93,-135,-170,-111
-65,-69,-4,67,-30,-36,58,-33,-85,-114,-155,-118
-68,-65,3,66,-35,-30,65,-36,-87,-135,-179,-126
-74,-79,-5,77,-34,-42,54,-33,-79,-116,-159,-116
-77,-82,-5,80,-36,-43,59,-30,-78,-132,-180,-133
-59,-70,-11,64,-23,-40,50,-27,-73,-121,-162,-118
-68,-67,1,68,-34,-33,51,-24,-70,-127,-176,-126
-85,-59,26,72,-56,-16,46,-22,-63,-125,-166,-115
-73,-60,13,66,-43,-24,44,-19,-60,-122,-167,-117
-47,-52,-6,50,-20,-29,49,-21,-55,-113,-163,-112
-58,-70,-13,64,-22,-41,49,-19,-51,-101,-160,-110
-53,-60,-7,57,-23,-33,60,-11,-44,-94,-159,-108
-29,-26,3,27,-16,-11,66,-1,-30,-82,-150,-103
-38,-37,1,37,-20,-18,64,5,-15,-76,-146,-100
-64,-63,0,64,-32,-31,69,23,-1,-63,-128,-93
-58,-64,-6,62,-26,-35,71,51,12,-39,-109,-85
-21,-21,0,22,-11,-10,70,67,35,-17,-99,-77
-18,2,21,8,-19,11,63,75,58,1,-92,-69
-27,-7,20,17,-23,6,52,97,78,35,-61,-61
-24,-10,14,16,-19,2,43,116,104,62,-14,-49
-18,-3,15,10,-17,6,37,135,138,87,9,-32
-10,-3,7,6,-8,2,33,178,187,141,48,-14
-2,16,18,-7,-10,17,28,211,238,195,104,15
15,49,33,-32,-9,41,24,241,291,250,152,51
39,52,12,-46,13,32,20,285,352,317,208,93
90,92,2,-91,44,47,13,319,405,384,254,131
106,119,12,-113,46,65,2,326,436,422,280,154
88,113,25,-101,31,69,-7,321,431,444,310,171
104,131,27,-118,38,78,-17,315,428,469,321,185
96,121,25,-109,36,72,-24,294,421,460,321,201
80,104,25,-92,27,64,-29,241,363,407,293,174
48,69,21,-59,14,45,-35,166,274,310,215,134
14,33,19,-23,-3,26,-23,115,180,204,141,94
-1,21,22,-10,-12,21,-3,67,115,110,56,42
-35,-8,27,21,-31,9,4,24,65,42,-15,0
-62,-32,31,47,-46,0,11,12,17,-4,-56,-32
-66,-23,43,44,-54,10,17,3,-1,-33,-75,-39
-43,3,46,19,-44,24,24,-13,-9,-39,-82,-35
-34,6,40,14,-37,22,29,-26,-20,-57,-104,-36
-56,-17,40,37,-48,11,25,-25,-30,-60,-118,-33
-75,-42,33,58,-54,-4,20,-25,-33,-54,-126,-31
-67,-29,39,48,-53,5,16,-25,-27,-53,-120,-27
-59,-13,46,36,-52,16,11,-25,-25,-46,-112,-42
-64,-23,40,43,-52,8,6,-25,-21,-46,-107,-63
-55,-21,34,37,-45,7,7,-20,-16,-49,-99,-57
-49,-18,30,33,-39,6,12,-21,-14,-51,-91,-56
-50,-28,21,39,-35,-3,13,-19,-7,-50,-79,-52
-60,-34,26,47,-43,-4,18,-29,-9,-53,-66,-49
-67,-27,40,47,-53,6,19,-42,-20,-55,-56,-56
-62,-22,40,42,-51,9,16,-39,-28,-63,-55,-73
-54,-14,40,34,-46,12,13,-40,-38,-74,-55,-95
-70,-30,40,50,-55,5,10,-40,-45,-78,-55,-95
-89,-49,40,69,-64,-4,8,-40,-49,-85,-55,-95
-81,-43,38,62,-59,-2,3,-44,-51,-88,-55,-95
-81,-47,34,63,-57,-6,10,-49,-49,-85,-58,-95
-76,-44,32,60,-53,-5,21,-50,-47,-85,-62,-93
-75,-46,29,60,-51,-8,21,-50,-44,-85,-72,-85
-68,-43,26,55,-47,-8,18,-50,-47,-85,-68,-79
-47,-22,25,34,-36,1,16,-50,-46,-86,-62,-73
-36,0,36,18,-36,17,14,-49,-39,-80,-59,-66
-25,39,64,-7,-45,51,28,-34,-32,-72,-50,-61
-32,42,74,-5,-54,58,41,-22,-26,-66,-48,-66
-10,54,64,-22,-38,59,22,-13,-29,-58,-32,-59
14,71,57,-43,-22,64,4,-19,-30,-56,-6,-34
3,52,49,-27,-23,50,-15,-54,-31,-53,-7,-29
-10,33,43,-12,-26,38,-21,-62,-35,-63,-23,-40
-24,8,32,8,-28,20,-4,-59,-35,-72,-27,-41
-23,0,23,12,-23,11,19,-58,-37,-78,-52,-69
-45,-32,14,38,-29,-9,31,-54,-44,-99,-74,-93
-78,-69,9,73,-43,-30,30,-56,-55,-110,-73,-96
-71,-68,3,69,-37,-32,28,-60,-55,-109,-73,-97
-69,-71,-3,70,-33,-37,21,-78,-55,-118,-95,-117
-56,-69,-13,63,-21,-41,25,-71,-58,-124,-108,-126
-20,-70,-50,45,15,-59,12,-79,-85,-115,-87,-110
-39,-72,-33,56,-3,-52,25,-71,-96,-142,-119,-136
-39,-73,-34,56,-2,-53,6,-76,-74,-125,-75,-93
-90,-65,25,78,-58,-20,87,-2,-67,-145,-140,-159
-95,-118,-23,106,-35,-70,139,138,11,-93,-145,-200
236,-207,-444,-14,340,-325,-245,-175,-54,108,261,153
634,146,-488,-389,561,-171,-748,-703,-234,433,1275,1082
613,371,-243,-491,428,64,-767,-700,-242,601,1712,1412
206,-10,-217,-98,211,-113,-245,-251,-218,106,544,409
-8,-115,-107,62,50,-111,59,3,-150,-150,-61,-70
-26,-61,-36,43,5,-48,44,-33,-116,-66,0,-33
-59,-80,-21,70,-19,-50,63,-50,-151,-146,-144,-135
-42,-44,-2,43,-20,-23,48,-50,-140,-127,-102,-105
-69,-73,-3,71,-33,-37,52,-51,-139,-139,-137,-130
-96,-78,18,86,-57,-29,50,-49,-133,-135,-133,-118
-76,-63,13,69,-44,-25,46,-51,-128,-133,-156,-127
-81,-69,11,75,-46,-29,44,-49,-126,-138,-165,-125
-97,-89,8,93,-52,-41,37,-47,-117,-127,-155,-118
-85,-82,3,83,-44,-39,38,-41,-110,-128,-162,-118
-72,-72,0,72,-36,-36,29,-39,-100,-118,-150,-108
-81,-74,7,77,-43,-34,33,-34,-92,-118,-158,-109
-87,-73,14,80,-50,-30,42,-31,-90,-111,-148,-98
-79,-77,2,77,-40,-37,40,-27,-89,-108,-147,-107
-76,-74,2,75,-39,-35,35,-19,-85,-101,-144,-110
-88,-76,12,81,-49,-32,33,-11,-85,-94,-139,-103
-86,-75,11,80,-48,-32,28,-2,-68,-88,-137,-100
-75,-67,7,71,-41,-30,25,3,-45,-81,-131,-95
-64,-59,5,61,-34,-27,25,17,-21,-64,-117,-91
-34,-33,2,34,-18,-15,25,22,1,-42,-104,-87
-42,-43,0,43,-21,-21,25,42,26,-23,-80,-83
-42,-39,4,40,-23,-17,25,73,60,9,-51,-69
-13,-1,11,7,-12,5,25,87,82,48,-22,-42
-6,11,17,-3,-12,13,24,133,132,93,5,-18
22,47,25,-35,-2,36,18,176,191,160,49,17
37,67,30,-53,4,48,11,205,236,214,100,52
45,84,39,-65,3,61,4,246,291,266,147,83
76,112,35,-94,21,73,-2,282,347,337,200,116
93,120,26,-107,33,73,-11,299,390,389,245,148
112,161,50,-137,31,105,-23,316,417,431,293,182
118,173,55,-146,32,114,-34,318,417,458,327,209
108,154,46,-131,31,100,-46,291,409,461,348,226
106,150,45,-129,30,97,-49,248,384,427,333,211
77,115,38,-96,19,76,-41,181,304,345,264,169
44,79,35,-62,4,57,-33,118,206,241,189,132
37,72,34,-55,1,53,-23,68,125,134,105,88
10,46,36,-28,-13,40,-2,26,59,58,28,31
-25,9,34,7,-30,21,7,-1,7,-3,-26,0
-39,-3,36,21,-38,16,11,-13,-23,-40,-63,-15
-44,-11,33,27,-38,11,16,-22,-43,-48,-84,-42
-66,-24,41,45,-53,8,20,-33,-57,-76,-115,-57
-64,0,65,32,-64,32,25,-40,-55,-87,-126,-53
-38,28,65,5,-52,47,21,-40,-55,-77,-116,-50
-41,23,64,9,-53,44,14,-40,-55,-76,-112,-47
-46,20,65,12,-55,42,8,-40,-55,-69,-106,-42
-48,17,65,15,-57,41,1,-39,-55,-66,-109,-39
-52,12,64,20,-59,38,-6,-43,-50,-64,-111,-35
-48,9,57,19,-53,33,-9,-45,-50,-66,-110,-35
-31,20,51,5,-41,35,-5,-45,-50,-64,-111,-33
-16,28,44,-6,-31,36,-3,-49,-50,-68,-109,-31
-17,21,37,-2,-27,29,0,-51,-50,-83,-112,-29
-18,13,31,3,-25,22,4,-49,-52,-86,-115,-35
-24,5,30,9,-27,17,5,-46,-56,-84,-115,-39
-34,-4,30,19,-32,13,8,-45,-58,-86,-115,-41
-46,-16,30,31,-38,7,13,-45,-61,-84,-115,-43
-33,-3,30,18,-32,14,16,-45,-64,-87,-115,-42
-22,7,30,7,-26,18,19,-45,-67,-98,-119,-57
-35,-4,32,19,-33,14,24,-47,-70,-101,-124,-72
-40,-5,35,22,-37,15,25,-50,-68,-104,-119,-76
-55,-18,37,36,-46,9,25,-44,-63,-104,-115,-76
-72,-32,40,52,-56,4,25,-38,-60,-97,-113,-74
-69,-25,43,46,-56,9,24,-31,-57,-91,-107,-70
-67,-21,46,44,-56,12,26,-24,-52,-84,-107,-71
-39,14,54,12,-46,34,32,-17,-50,-78,-92,-59
-5,71,75,-33,-40,73,51,-14,-55,-71,-59,-28
1,83,82,-42,-40,82,45,-16,-55,-73,-40,-15
0,75,75,-38,-37,75,10,-14,-55,-76,-39,-11
2,78,76,-40,-38,77,-2,-33,-55,-77,-40,0
14,59,45,-37,-16,52,-7,-55,-54,-81,-46,-8
10,23,14,-17,-2,18,-5,-54,-62,-81,-47,-21
-30,-8,22,19,-26,7,9,-56,-71,-93,-52,-36
-58,-42,15,50,-36,-13,17,-58,-79,-113,-71,-58
-53,-55,-2,54,-26,-28,28,-62,-90,-118,-79,-73
-52,-68,-16,60,-17,-42,44,-58,-96,-126,-84,-84
-52,-81,-30,67,-11,-55,32,-63,-93,-120,-74,-76
-59,-78,-19,69,-19,-48,39,-57,-99,-135,-97,-96
-46,-68,-23,57,-11,-45,24,-63,-98,-124,-71,-78
-57,-71,-14,65,-21,-43,31,-58,-102,-132,-99,-107
-40,-59,-18,50,-11,-38,23,-61,-92,-121,-72,-83
-71,-59,12,65,-41,-23,46,-46,-77,-123,-98,-109
-122,-73,48,97,-85,-12,156,122,-32,-132,-175,-182
151,-180,-331,15,241,-255,-98,-31,-22,59,119,53
527,-47,-574,-240,550,-310,-608,-571,-179,299,848,716
707,357,-350,-532,528,3,-853,-756,-221,631,1705,1435
432,132,-300,-281,366,-84,-469,-402,-177,389,1073,841
41,-152,-193,56,117,-172,15,-43,-150,-135,34,9
-19,-70,-51,44,16,-60,57,20,-64,-111,20,-7
-53,-100,-47,77,-3,-73,65,-10,-62,-120,-54,-88
-72,-90,-17,81,-27,-53,71,-27,-82,-125,-68,-95
-92,-96,-4,94,-43,-49,64,-25,-78,-112,-64,-103
-93,-96,-4,94,-44,-50,68,-25,-76,-128,-80,-111
-45,-85,-40,65,-3,-62,61,-26,-71,-107,-68,-102
-51,-88,-38,70,-6,-63,68,-25,-68,-122,-90,-115
-51,-77,-26,65,-12,-52,63,-25,-64,-109,-67,-106
-56,-76,-20,66,-17,-48,66,-19,-61,-113,-78,-121
-88,-94,-6,91,-41,-50,59,-29,-55,-109,-66,-111
-122,-112,10,117,-65,-51,61,-27,-51,-108,-65,-117
-124,-99,25,111,-74,-37,59,-18,-47,-105,-72,-115
-109,-97,12,102,-60,-42,54,-10,-42,-104,-81,-113
-95,-90,5,92,-50,-42,56,-2,-37,-106,-81,-111
-79,-84,-5,82,-37,-44,52,4,-30,-97,-78,-106
-66,-79,-13,73,-26,-46,50,11,-26,-88,-77,-106
-55,-70,-15,63,-20,-42,47,18,-7,-76,-74,-100
-46,-60,-15,54,-15,-37,44,24,18,-59,-77,-102
-34,-50,-15,43,-9,-32,41,32,26,-36,-73,-88
-26,-40,-14,34,-6,-27,39,59,49,-5,-62,-58
-16,-32,-16,24,1,-24,36,81,70,21,-50,-41
-27,-23,4,25,-15,-10,29,103,102,42,-26,-28
-25,-10,16,17,-20,3,26,138,149,81,0,-8
12,22,10,-17,1,15,21,185,196,139,41,24
6,49,42,-28,-18,45,17,232,259,197,101,48
7,58,52,-33,-23,55,12,266,309,257,147,72
65,105,39,-85,12,72,6,309,376,352,213,124
108,149,41,-129,33,95,1,335,429,411,268,166
112,144,32,-129,40,88,-6,356,465,448,298,186
139,170,31,-155,54,100,-9,362,502,510,344,227
171,208,36,-190,67,122,-23,343,502,525,369,247
160,193,34,-177,63,113,-33,328,478,507,355,246
139,165,25,-152,57,94,-26,263,390,434,302,233
121,137,15,-129,53,76,-22,175,278,313,220,173
87,99,13,-93,37,55,-16,115,182,202,131,118
63,52,-11,-58,37,20,-10,62,91,106,48,69
45,26,-19,-35,32,3,-5,24,36,43,-20,24
6,14,8,-10,-1,11,1,9,7,-8,-62,-8
-12,4,16,3,-14,10,7,3,-15,-35,-80,-31
-22,1,23,10,-23,12,14,-4,-42,-51,-112,-40
-37,-16,21,26,-28,2,20,-11,-56,-66,-127,-49
-42,-20,23,31,-32,2,28,-17,-54,-71,-126,-50
-40,3,43,18,-41,23,28,-23,-55,-74,-131,-45
-35,16,51,9,-43,34,24,-25,-57,-69,-139,-40
-45,4,49,20,-47,26,25,-25,-64,-70,-147,-37
-47,-1,46,24,-47,22,21,-25,-70,-68,-144,-31
-35,9,43,13,-39,26,20,-25,-74,-64,-145,-32
-27,13,40,7,-34,26,20,-32,-79,-66,-145,-43
-17,22,39,-2,-29,30,15,-43,-83,-68,-144,-45
-9,23,32,-7,-21,28,12,-46,-86,-71,-139,-45
-15,12,26,1,-21,19,8,-45,-88,-70,-126,-45
-13,5,18,4,-16,11,5,-49,-91,-75,-123,-45
-20,-6,14,13,-17,4,0,-50,-95,-75,-125,-46
-17,-13,4,14,-10,-4,2,-50,-95,-75,-125,-49
-45,-25,20,34,-32,-2,8,-60,-103,-90,-132,-66
-96,-39,57,67,-76,9,11,-62,-111,-97,-136,-77
-69,-31,38,49,-53,4,16,-59,-108,-95,-139,-72
-41,-19,22,30,-31,1,20,-61,-116,-94,-140,-70
-38,-12,26,25,-32,7,20,-59,-121,-90,-141,-66
-51,-27,24,39,-38,-1,20,-61,-119,-88,-145,-64
-56,-30,26,43,-41,-2,20,-58,-120,-102,-145,-69
-41,-5,36,23,-38,15,20,-48,-119,-108,-143,-70
-38,9,47,14,-43,28,22,-42,-121,-98,-133,-61
-10,39,48,-15,-29,44,28,-32,-116,-90,-125,-55
12,77,65,-45,-27,71,27,-27,-98,-82,-116,-47
28,88,60,-59,-16,73,-3,-28,-82,-85,-91,-38
44,87,43,-65,0,65,-37,-37,-88,-85,-61,-16
49,87,38,-69,6,62,-36,-64,-109,-84,-68,-2
34,48,14,-41,10,31,-24,-73,-134,-89,-99,-34
-28,-2,26,15,-27,12,-13,-77,-145,-95,-113,-65
-35,-1,34,18,-34,16,6,-79,-150,-112,-123,-72
-32,-33,-2,32,-15,-17,17,-84,-165,-122,-127,-81
-70,-66,4,68,-37,-30,24,-84,-172,-139,-162,-102
-53,-41,12,47,-32,-14,18,-78,-168,-136,-153,-101
-76,-65,11,70,-43,-27,20,-78,-172,-143,-145,-111
-97,-91,6,94,-51,-42,16,-69,-175,-139,-128,-98
-85,-88,-3,87,-41,-45,12,-74,-187,-146,-140,-111
-66,-69,-4,68,-31,-36,24,-56,-184,-147,-136,-102
-67,-74,-7,70,-30,-40,26,-70,-185,-141,-125,-112
-134,-44,90,89,-112,23,123,54,-138,-173,-202,-185
50,-121,-171,35,111,-146,21,67,-65,-12,-49,-83
468,-122,-590,-172,529,-356,-493,-482,-251,204,550,440
744,275,-469,-510,607,-97,-895,-836,-306,600,1592,1314
540,181,-359,-360,449,-89,-618,-519,-185,559,1311,1010
115,-131,-246,8,180,-188,-81,-118,-216,-59,136,57
-33,-55,-22,44,-6,-38,51,-2,-154,-147,6,-52
-66,-63,3,64,-35,-30,46,-14,-138,-117,-41,-98
-82,-61,21,71,-52,-20,58,-27,-152,-150,-110,-147
-81,-56,25,68,-53,-15,51,-40,-134,-125,-88,-136
-88,-64,23,75,-56,-20,64,-39,-146,-151,-122,-150
-102,-75,27,88,-64,-23,56,-41,-135,-132,-108,-143
-112,-90,23,101,-67,-34,64,-40,-134,-146,-136,-164
-103,-76,27,89,-65,-24,57,-40,-122,-137,-112,-145
-88,-65,23,76,-56,-21,63,-41,-115,-141,-121,-153
-75,-53,23,64,-49,-15,58,-39,-108,-141,-111,-144
-78,-60,18,69,-48,-21,61,-32,-100,-135,-109,-145
-72,-50,22,61,-47,-14,59,-23,-95,-130,-106,-151
-63,-46,17,55,-40,-14,50,-16,-87,-122,-96,-147
-64,-41,23,52,-43,-9,64,-7,-82,-117,-93,-140
-51,-34,17,42,-34,-8,37,-2,-73,-109,-83,-131
-63,-29,33,46,-48,2,71,2,-54,-103,-78,-118
-60,-20,40,40,-49,10,18,25,-32,-81,-69,-98
-53,-11,42,31,-47,16,129,45,-19,-57,-63,-91
-55,0,56,27,-56,28,193,50,-4,-44,-57,-85
-31,7,38,12,-35,22,-80,67,19,-30,-44,-78
-51,17,69,17,-60,43,-87,94,42,-3,-20,-71
-15,22,37,-4,-26,29,-70,110,71,28,6,-63
-11,38,48,-14,-29,43,-89,138,116,58,37,-49
162,61,-101,-111,131,-20,-43,185,164,112,68,-11
27,81,54,-53,-14,67,-32,217,214,161,102,19
197,109,-87,-153,142,11,3,261,284,230,160,51
564,138,-426,-351,495,-144,-31,315,358,325,228,91
