I,II,III,aVR,aVL,aVF,V1,V2,V3,V4,V5,V6
65,285,220,-175,-78,252,-10,210,320,275,132,17
38,243,205,-141,-83,224,-20,162,248,207,95,0
-1,153,154,-76,-78,153,-36,69,92,48,-8,-60
-1,103,103,-51,-52,103,-35,39,8,-45,-49,-82
-49,8,57,20,-53,32,-28,3,-86,-132,-100,-106
-97,-68,29,82,-63,-19,-23,-19,-127,-183,-139,-136
-93,-60,33,76,-63,-13,-17,-31,-138,-197,-152,-144
-62,-34,28,48,-45,-3,-15,-34,-149,-214,-163,-152
-79,-59,20,68,-49,-19,-15,-29,-158,-225,-167,-146
-82,-69,14,75,-48,-27,-12,-23,-168,-230,-170,-145
-70,-54,15,62,-42,-19,-9,-22,-164,-221,-161,-141
-62,-48,14,55,-38,-17,-11,-35,-179,-219,-160,-140
-38,-44,-6,41,-16,-25,-2,-35,-179,-214,-153,-151
-28,-50,-22,39,-2,-36,3,-43,-171,-210,-150,-149
-15,-37,-22,26,3,-29,-4,-20,-171,-215,-164,-146
-33,-48,-15,41,-9,-31,5,-10,-162,-219,-164,-144
-54,-62,-9,58,-22,-35,6,-33,-162,-218,-157,-140
-60,-66,-6,63,-27,-36,-1,-35,-178,-215,-154,-141
-66,-58,8,62,-37,-24,-4,-35,-181,-215,-149,-145
-60,-34,26,47,-43,-4,-9,-36,-180,-215,-145,-145
-65,-47,18,56,-42,-14,-14,-33,-179,-215,-159,-145
-57,-61,-4,59,-26,-33,-14,-34,-183,-216,-171,-149
-83,-64,19,74,-51,-23,-7,-47,-189,-225,-162,-152
-99,-72,27,85,-63,-22,-17,-53,-194,-219,-170,-148
-57,-70,-13,63,-22,-41,-25,-48,-203,-213,-183,-146
-36,-44,-8,40,-14,-25,-16,-53,-192,-206,-177,-142
-45,-28,17,37,-31,-6,-12,-70,-180,-199,-175,-140
-79,-1,79,40,-79,39,-6,-76,-180,-196,-172,-138
-64,40,104,12,-84,72,-1,-76,-179,-192,-167,-134
-27,60,86,-17,-57,73,-19,-82,-181,-211,-184,-146
-13,102,114,-45,-63,108,-59,-80,-178,-183,-164,-135
9,114,105,-62,-48,109,-81,-89,-183,-169,-138,-118
-4,91,95,-44,-50,93,-72,-92,-170,-160,-126,-113
-20,64,84,-22,-52,74,-57,-75,-160,-158,-121,-117
-12,39,51,-14,-32,44,-42,-83,-194,-208,-157,-137
-46,-18,28,32,-37,5,-36,-83,-215,-199,-159,-123
-66,-71,-5,69,-30,-38,-33,-58,-202,-227,-175,-144
-54,-79,-25,66,-14,-51,-29,-80,-201,-231,-172,-145
-46,-74,-27,60,-9,-50,-27,-72,-199,-241,-181,-137
-63,-107,-44,86,-10,-75,-18,-66,-186,-245,-197,-173
-86,-101,-15,94,-35,-58,1,-73,-200,-268,-196,-169
-48,-88,-40,68,-3,-64,-8,-43,-188,-242,-183,-160
-46,-172,-126,109,40,-148,24,19,-163,-273,-186,-149
-41,-173,-132,108,45,-152,305,481,182,-311,-253,-169
164,111,-53,-137,109,29,281,531,396,193,132,85
474,946,472,-710,1,708,-498,-519,111,1315,1036,671
435,1214,778,-825,-172,995,-1159,-1397,-241,2063,1444,854
116,385,269,-251,-77,327,-965,-1252,-875,644,515,303
-10,-64,-54,37,22,-59,-388,-547,-831,-579,-296,-169
-53,-44,9,49,-31,-17,-117,-111,-226,-166,-157,-134
-76,-55,22,65,-49,-16,-37,10,-107,-157,-135,-101
-37,-38,-1,37,-17,-19,32,72,-54,-153,-139,-108
-32,-43,-11,38,-11,-26,52,102,-28,-125,-131,-109
-16,-34,-17,25,1,-25,65,127,13,-150,-152,-133
-32,-45,-13,39,-9,-29,65,125,45,-106,-124,-117
-21,-55,-34,38,6,-44,65,138,53,-124,-129,-113
3,-39,-42,19,23,-40,79,164,89,-74,-108,-99
-9,-24,-15,17,4,-20,94,191,98,-86,-105,-86
32,21,-10,-27,21,5,88,210,153,-57,-88,-80
-8,28,36,-10,-22,32,91,225,190,-9,-74,-68
-10,21,31,-6,-21,26,92,247,228,18,-60,-61
52,95,43,-74,4,68,106,298,294,67,-19,-35
57,126,69,-92,-6,97,112,332,343,113,14,-13
88,146,58,-117,15,102,108,359,397,167,49,-1
34,199,165,-117,-65,182,126,410,476,252,119,56
38,230,192,-134,-77,211,103,420,510,296,137,70
83,285,202,-184,-60,244,81,408,529,353,164,79
49,290,241,-170,-96,265,68,371,540,388,188,98
82,320,238,-201,-78,278,40,319,506,378,165,70
82,331,249,-207,-84,290,24,235,409,323,147,37
43,263,220,-153,-88,241,8,144,287,224,98,19
16,201,185,-109,-84,193,-8,85,173,115,32,3
-16,100,116,-42,-66,107,-18,19,42,-24,-51,-58
-18,51,69,-17,-44,60,-13,-10,-27,-98,-91,-88
-51,-3,48,27,-50,22,-9,-26,-84,-157,-121,-96
-90,-72,19,81,-54,-26,-7,-45,-126,-201,-159,-121
-69,-59,10,64,-39,-24,-2,-45,-119,-212,-147,-119
-66,-60,5,63,-35,-27,0,-42,-138,-227,-144,-120
-58,-78,-20,68,-18,-48,-6,-47,-145,-229,-133,-121
-63,-71,-8,67,-27,-39,-7,-51,-139,-236,-137,-119
-97,-82,16,89,-56,-33,-3,-31,-134,-235,-162,-124
-42,-56,-14,50,-14,-35,0,-42,-140,-232,-159,-122
-59,-66,-7,63,-26,-36,2,-70,-160,-230,-160,-116
-127,-104,23,116,-75,-40,6,-62,-152,-230,-160,-109
-83,-66,17,74,-50,-24,3,-53,-141,-230,-159,-103
-49,-52,-4,50,-22,-28,-8,-50,-138,-231,-161,-96
-18,-32,-15,25,-1,-23,-17,-38,-131,-228,-143,-88
-26,-53,-27,40,1,-40,-29,-58,-152,-236,-160,-113
-45,-59,-14,52,-16,-36,-11,-60,-175,-251,-181,-132
-46,-34,12,40,-28,-11,4,-30,-169,-247,-173,-122
-46,-58,-12,52,-17,-35,-17,-52,-163,-243,-169,-119
-27,-48,-21,38,-3,-34,-22,-73,-159,-240,-163,-113
-41,-35,6,38,-23,-15,-15,-69,-150,-234,-156,-106
-60,-40,20,50,-40,-10,-16,-71,-156,-241,-161,-110
-59,-59,0,59,-29,-30,-26,-73,-175,-253,-175,-123
7,-5,-13,-1,10,-9,-31,-75,-172,-246,-172,-123
0,18,18,-9,-9,18,-22,-75,-156,-232,-164,-113
-24,13,37,5,-30,25,-23,-79,-151,-226,-159,-109
-5,47,52,-21,-29,49,-16,-80,-149,-224,-149,-98
-32,42,74,-5,-53,58,-17,-81,-149,-223,-145,-98
-33,58,91,-13,-62,74,-63,-93,-144,-217,-133,-97
0,92,92,-46,-46,92,-85,-119,-146,-222,-130,-93
44,98,54,-71,-5,76,-74,-120,-145,-208,-115,-80
7,39,32,-23,-13,35,-62,-106,-154,-217,-125,-81
-63,-29,34,46,-48,2,-49,-98,-184,-227,-173,-116
-62,-67,-4,64,-29,-35,-36,-88,-192,-221,-174,-112
-24,-78,-54,51,15,-65,-29,-80,-192,-258,-177,-123
-10,-70,-60,41,25,-65,-32,-75,-206,-264,-171,-125
-54,-102,-48,79,-3,-75,-16,-75,-191,-279,-182,-127
-99,-163,-64,132,-17,-113,-34,-103,-181,-278,-201,-147
-69,-113,-44,91,-12,-78,-19,-73,-176,-292,-218,-146
-28,-99,-72,64,22,-85,-10,-66,-164,-226,-207,-137
-24,-181,-157,103,66,-169,100,114,-83,-328,-229,-128
1,-178,-180,89,91,-179,389,600,292,-314,-214,-123
222,268,46,-246,88,157,154,318,342,381,330,240
505,1125,620,-816,-58,873,-757,-842,50,1591,1265,833
418,1049,632,-734,-107,840,-1301,-1510,-299,1942,1404,852
118,217,100,-168,9,158,-837,-1082,-844,285,336,244
-25,-75,-49,50,12,-62,-250,-356,-596,-522,-255,-117
-16,-45,-29,31,7,-36,-91,-65,-127,-116,-101,-80
4,-29,-32,13,18,-30,6,34,-104,-200,-130,-93
-18,-34,-16,26,0,-25,38,85,-24,-143,-124,-90
-64,-84,-20,74,-22,-51,46,98,-13,-156,-123,-88
-51,-77,-26,64,-12,-51,61,126,28,-150,-117,-92
-3,-39,-36,21,17,-37,79,150,70,-125,-103,-77
-20,-40,-20,30,1,-30,90,177,86,-130,-103,-73
-19,-39,-20,29,1,-29,81,185,100,-95,-88,-58
-19,-21,-3,20,-8,-12,89,209,138,-89,-82,-51
-34,-19,15,26,-24,-2,101,248,182,-63,-68,-40
12,7,-4,-9,8,1,114,263,206,-51,-67,-33
37,63,26,-50,5,44,115,304,275,13,-32,-23
15,59,44,-37,-15,51,123,354,331,46,-3,-9
26,88,62,-57,-19,75,132,397,391,99,28,14
33,125,92,-80,-30,108,131,428,444,159,64,30
55,177,122,-116,-34,150,122,447,511,220,109,54
85,261,176,-173,-46,219,114,477,549,288,152,77
72,246,174,-159,-51,209,103,458,559,309,149,59
58,280,222,-169,-82,251,85,427,575,355,183,86
66,323,257,-195,-96,290,54,373,522,357,197,92
52,278,226,-165,-87,252,30,255,415,279,139,48
24,215,191,-119,-84,203,19,161,279,183,86,30
12,148,136,-80,-62,142,11,112,155,83,26,-4
-22,62,83,-20,-53,72,-10,54,47,-39,-48,-42
-34,2,37,16,-36,19,-12,20,-21,-132,-100,-68
-27,-10,17,18,-21,3,4,19,-62,-156,-115,-80
-31,-49,-18,41,-6,-33,-18,14,-113,-206,-144,-96
-42,-76,-34,59,-4,-55,-18,8,-130,-229,-159,-98
-58,-82,-24,70,-17,-53,-3,5,-136,-222,-150,-87
-48,-70,-22,59,-12,-45,2,-1,-137,-227,-151,-87
-13,-56,-43,35,15,-49,20,-4,-123,-224,-152,-76
-14,-72,-58,43,22,-65,20,-10,-112,-226,-156,-76
-51,-94,-44,73,-3,-69,21,-18,-130,-221,-153,-92
-46,-93,-47,70,1,-70,3,-4,-139,-219,-150,-93
-34,-70,-36,52,1,-52,-8,15,-130,-216,-147,-85
-46,-84,-38,65,-4,-61,13,13,-132,-213,-145,-84
-47,-91,-43,70,-2,-67,8,10,-125,-210,-142,-76
-38,-79,-41,59,2,-60,4,7,-126,-211,-139,-76
-37,-82,-45,60,4,-63,2,2,-128,-223,-142,-85
-49,-69,-20,59,-14,-44,-4,0,-131,-229,-136,-85
-33,-77,-44,56,5,-61,-4,-12,-133,-232,-146,-85
-5,-75,-70,41,32,-72,-6,-28,-137,-237,-162,-84
-7,-71,-64,40,28,-67,1,-42,-150,-240,-159,-87
-40,-103,-63,71,12,-82,5,-54,-148,-240,-160,-99
-54,-111,-57,83,2,-84,-3,-50,-146,-242,-160,-101
-60,-109,-49,85,-5,-79,-9,-42,-140,-245,-159,-97
-52,-101,-49,77,-1,-75,-16,-36,-145,-246,-165,-96
-38,-87,-48,63,5,-67,-15,-28,-153,-240,-165,-94
-71,-49,22,60,-46,-13,10,-27,-142,-226,-155,-88
-83,-39,44,61,-63,2,7,-37,-138,-215,-145,-82
-61,-24,37,42,-48,6,2,-37,-135,-205,-134,-76
-52,11,62,20,-57,36,-17,-55,-130,-196,-127,-71
-47,3,50,22,-48,26,-68,-88,-120,-189,-120,-66
-46,-10,36,28,-41,13,-65,-88,-131,-187,-119,-63
-29,-7,22,18,-26,7,-49,-81,-136,-173,-109,-56
-21,0,20,10,-21,10,-40,-73,-131,-189,-117,-60
-62,-89,-27,76,-17,-58,-31,-69,-156,-219,-155,-90
-35,-102,-67,69,16,-84,-19,-59,-163,-239,-175,-88
-25,-112,-87,69,31,-99,-13,-81,-171,-242,-171,-80
-88,-180,-92,134,2,-136,-8,-90,-182,-252,-174,-100
-65,-144,-79,105,7,-111,0,-63,-163,-230,-165,-95
-11,-118,-107,65,48,-112,0,-77,-159,-230,-162,-88
-39,-118,-79,79,20,-99,16,-74,-141,-221,-161,-85
-46,-191,-145,119,50,-168,19,-46,-152,-209,-153,-81
-18,-225,-207,121,95,-216,270,367,111,-318,-246,-128
73,-86,-159,7,116,-122,380,590,396,-2,-35,14
408,651,242,-529,83,446,-275,-293,169,978,810,582
535,1218,683,-877,-74,950,-1131,-1389,-92,2039,1553,1022
226,549,323,-387,-49,436,-1192,-1531,-652,1216,959,627
26,-56,-82,15,54,-69,-510,-760,-855,-360,-106,8
5,-73,-78,34,42,-75,-116,-190,-283,-228,-164,-90
17,-56,-74,19,46,-65,-41,-67,-77,-68,-68,-62
-6,-74,-68,40,31,-70,31,29,-39,-137,-122,-73
-58,-132,-74,95,8,-103,58,59,14,-66,-112,-56
-25,-115,-90,70,33,-102,98,99,35,-113,-131,-58
-13,-114,-102,63,45,-108,98,109,75,-65,-109,-50
-7,-107,-100,57,47,-103,101,121,85,-86,-116,-55
-6,-98,-92,52,44,-94,99,139,119,-45,-94,-49
-4,-87,-83,46,40,-85,101,146,131,-29,-83,-38
-15,-86,-71,50,29,-78,98,175,176,1,-71,-39
-17,-74,-56,46,20,-65,118,207,226,35,-52,-32
34,-10,-44,-12,39,-27,142,237,273,59,-21,0
1,-18,-19,9,10,-18,129,274,331,104,8,14
40,38,-2,-39,21,18,150,333,397,152,34,32
68,85,18,-77,25,51,160,358,451,208,69,49
23,100,78,-62,-28,89,150,390,513,280,116,74
56,166,110,-111,-27,138,144,411,568,342,159,104
60,184,124,-122,-32,153,128,397,584,378,169,96
50,198,148,-124,-50,173,115,383,588,430,189,109
58,241,183,-150,-63,212,101,350,583,449,208,129
55,251,197,-153,-71,224,61,279,508,413,188,112
18,181,164,-99,-73,172,26,161,366,328,140,88
-1,129,130,-64,-66,129,23,66,248,216,81,58
-25,43,68,-9,-46,55,21,17,118,89,8,21
1,-25,-26,12,14,-25,19,-27,18,-4,-58,-22
32,-49,-81,9,57,-65,16,-61,-19,-55,-92,-54
-22,-110,-88,66,33,-98,14,-69,-64,-105,-105,-62
-31,-113,-82,73,26,-97,13,-78,-78,-118,-125,-76
-26,-113,-88,70,31,-100,23,-82,-78,-119,-133,-82
-41,-124,-82,83,21,-103,27,-79,-100,-137,-127,-78
-40,-128,-88,85,24,-108,24,-81,-106,-140,-135,-83
-56,-145,-88,101,16,-116,25,-80,-98,-134,-139,-85
-73,-139,-66,106,-3,-102,20,-81,-95,-129,-133,-80
-38,-138,-101,88,32,-119,21,-95,-91,-126,-125,-75
-30,-140,-110,85,40,-125,18,-102,-84,-118,-120,-72
-41,-137,-96,89,28,-116,16,-99,-95,-130,-111,-66
-65,-146,-81,106,8,-114,13,-101,-107,-151,-114,-68
-76,-153,-77,115,0,-115,19,-99,-104,-149,-128,-76
-40,-158,-118,99,39,-137,32,-102,-103,-149,-131,-79
-3,-130,-127,67,62,-129,27,-93,-97,-141,-121,-64
11,-117,-128,54,70,-123,10,-100,-115,-154,-137,-77
-49,-142,-93,96,22,-118,3,-120,-132,-177,-162,-107
-61,-125,-64,93,1,-94,8,-115,-129,-175,-149,-105
-49,-114,-64,82,8,-88,1,-114,-123,-173,-133,-105
-50,-132,-82,91,16,-106,-7,-117,-130,-181,-146,-106
-12,-115,-103,64,46,-108,-7,-129,-153,-199,-161,-102
-26,-115,-89,71,32,-101,-1,-131,-156,-201,-160,-100
-49,-140,-91,94,21,-115,4,-130,-155,-199,-159,-97
-62,-147,-85,105,11,-116,10,-131,-153,-196,-156,-94
-90,-171,-81,130,-4,-126,0,-129,-157,-195,-155,-91
-64,-143,-79,103,8,-111,-8,-129,-148,-195,-154,-89
-34,-83,-48,59,7,-65,-2,-122,-123,-181,-146,-86
-47,-66,-19,57,-13,-43,0,-121,-122,-165,-138,-76
-69,-52,17,60,-43,-17,7,-113,-117,-164,-130,-72
-77,-53,24,65,-50,-14,-42,-137,-115,-165,-122,-63
-32,-24,8,28,-20,-8,-81,-176,-136,-165,-116,-57
0,-16,-16,9,8,-16,-65,-177,-138,-166,-110,-58
0,-51,-51,26,26,-51,-57,-172,-126,-162,-109,-45
-33,-78,-45,56,6,-61,-42,-158,-145,-173,-124,-74
-50,-114,-64,82,8,-88,-34,-152,-169,-175,-122,-88
-50,-126,-76,88,13,-101,-22,-143,-165,-194,-141,-85
-85,-150,-65,118,-10,-107,-18,-141,-163,-187,-143,-89
-55,-144,-89,100,17,-116,-6,-135,-170,-204,-155,-89
-41,-171,-130,106,45,-151,-2,-126,-157,-206,-161,-104
-59,-205,-146,132,44,-175,22,-128,-173,-231,-167,-108
-56,-193,-137,125,41,-165,34,-128,-143,-218,-166,-95
-55,-221,-166,138,56,-194,42,-71,-114,-230,-160,-80
-48,-256,-208,152,80,-232,323,432,196,-303,-246,-138
95,-46,-140,-24,118,-93,332,526,440,139,89,86
435,770,336,-603,49,553,-434,-558,144,1220,1042,745
532,1163,631,-847,-50,897,-1211,-1578,-166,2062,1636,1072
181,384,203,-283,-11,294,-1106,-1518,-766,839,767,524
-40,-137,-97,89,28,-117,-418,-697,-800,-483,-195,-54
24,-69,-93,22,59,-80,-99,-185,-186,-161,-99,-75
-11,-115,-104,63,47,-109,-25,-63,-78,-114,-80,-59
-42,-134,-92,89,25,-112,47,18,-18,-137,-120,-62
-24,-119,-95,72,36,-107,61,34,27,-102,-93,-64
-35,-123,-88,79,26,-105,92,78,45,-134,-111,-82
-46,-130,-84,88,19,-107,82,77,84,-90,-84,-70
-55,-137,-81,96,13,-109,111,112,107,-93,-90,-67
-25,-104,-79,65,27,-91,124,128,149,-44,-66,-41
-11,-90,-78,51,34,-84,117,134,157,-51,-61,-41
-29,-92,-63,61,17,-77,115,167,207,-15,-46,-39
-25,-78,-53,52,14,-65,117,186,238,18,-33,-40
-31,-66,-34,49,2,-50,138,232,300,61,-2,-17
-23,-34,-10,29,-7,-22,141,261,353,95,34,20
29,22,-7,-25,18,7,155,313,407,140,62,29
25,61,35,-44,-5,48,151,364,494,218,113,66
44,99,55,-72,-6,77,139,380,531,265,143,80
33,126,93,-80,-30,109,135,394,571,324,173,93
31,169,138,-100,-54,153,124,401,611,377,207,125
88,213,124,-151,-19,168,120,382,601,406,214,118
61,245,184,-153,-62,214,100,330,587,439,232,140
46,236,190,-142,-72,213,59,243,525,402,215,132
34,181,148,-108,-57,164,38,140,394,311,157,86
0,105,106,-53,-53,105,35,41,242,184,87,54
-39,14,53,12,-46,33,33,-23,116,58,24,6
-76,-38,38,56,-56,0,23,-48,53,-16,-29,-32
-101,-91,10,96,-56,-40,38,-85,-4,-86,-86,-51
-91,-113,-22,102,-34,-68,62,-98,-52,-117,-105,-71
-57,-129,-72,93,7,-100,56,-98,-68,-139,-113,-69
-70,-159,-89,115,10,-123,53,-102,-84,-154,-122,-77
-84,-162,-78,124,-3,-120,50,-98,-97,-148,-125,-99
-92,-169,-77,131,-7,-123,44,-107,-96,-151,-126,-92
-89,-154,-65,122,-12,-109,47,-110,-86,-150,-122,-81
-89,-153,-64,121,-12,-109,45,-105,-83,-149,-121,-77
-94,-143,-49,119,-22,-96,42,-103,-72,-163,-118,-73
-74,-135,-62,105,-6,-98,37,-98,-78,-175,-125,-76
-50,-163,-113,107,31,-137,34,-95,-97,-170,-136,-85
-44,-157,-113,100,35,-134,54,-99,-94,-171,-131,-82
-54,-145,-91,100,19,-117,62,-101,-90,-169,-128,-78
-65,-136,-71,100,3,-103,59,-105,-89,-165,-125,-75
-54,-126,-72,90,9,-99,61,-104,-83,-164,-120,-70
-55,-144,-90,100,17,-117,59,-99,-91,-167,-123,-73
-83,-174,-90,128,4,-132,60,-101,-104,-175,-125,-75
-61,-150,-89,105,15,-119,53,-98,-106,-175,-129,-79
-22,-107,-86,65,32,-96,46,-108,-104,-169,-130,-80
-56,-141,-84,99,14,-112,38,-126,-106,-172,-134,-85
-70,-156,-86,113,8,-121,32,-124,-105,-193,-131,-85
-34,-125,-91,79,29,-108,22,-126,-103,-196,-125,-83
-70,-154,-84,112,8,-119,27,-130,-120,-191,-140,-72
-93,-171,-78,132,-7,-124,50,-131,-133,-190,-144,-64
-77,-146,-69,112,-4,-107,50,-127,-129,-185,-135,-92
-94,-163,-70,129,-11,-116,51,-121,-130,-186,-131,-103
-83,-136,-53,110,-14,-95,56,-115,-131,-178,-126,-98
-52,-62,-11,57,-20,-36,55,-111,-109,-171,-118,-93
-32,-57,-26,45,-3,-41,50,-104,-89,-164,-128,-76
-57,-59,-2,58,-27,-30,26,-103,-96,-158,-115,-71
-46,-36,10,41,-28,-12,9,-129,-94,-153,-92,-69
-12,-30,-18,21,3,-24,-9,-153,-106,-153,-107,-71
-22,-23,-1,22,-10,-12,-24,-151,-116,-145,-88,-69
-36,-46,-10,41,-13,-28,-14,-144,-115,-148,-97,-71
-58,-94,-37,76,-10,-65,1,-156,-129,-172,-129,-82
-54,-130,-77,92,12,-103,4,-141,-134,-183,-137,-89
-37,-142,-105,90,34,-123,11,-112,-117,-179,-158,-107
-71,-157,-86,115,7,-121,19,-137,-148,-193,-154,-102
-97,-183,-86,140,-5,-134,23,-124,-147,-219,-169,-108
-33,-176,-143,105,55,-159,30,-121,-137,-207,-170,-111
-67,-161,-93,114,13,-127,47,-104,-137,-212,-156,-93
-84,-184,-100,134,8,-142,38,-92,-89,-149,-117,-72
-31,-236,-206,134,88,-221,129,57,-40,-270,-186,-91
-43,-251,-208,147,82,-229,406,560,363,-210,-189,-92
212,188,-24,-200,118,82,190,304,435,468,382,295
511,1061,550,-786,-20,805,-666,-882,88,1665,1297,875
369,1004,635,-687,-133,820,-1162,-1558,-331,1913,1368,840
33,128,94,-81,-31,111,-804,-1198,-935,163,237,181
-62,-141,-79,102,9,-110,-237,-465,-600,-500,-267,-126
9,-61,-69,26,39,-65,-26,-105,-55,-53,-34,-56
-26,-88,-63,57,19,-75,56,-33,-33,-150,-81,-74
-55,-132,-77,94,11,-104,89,15,33,-88,-89,-56
-21,-132,-111,77,45,-121,98,68,52,-107,-92,-53
-65,-115,-50,90,-7,-82,116,81,92,-80,-79,-51
-76,-151,-75,114,0,-112,113,87,119,-83,-64,-45
-38,-125,-87,82,25,-106,130,99,140,-83,-62,-46
-43,-100,-57,72,7,-78,120,116,165,-23,-43,-39
-4,-74,-69,39,32,-71,121,142,184,-31,-38,-38
-23,-74,-51,49,15,-63,139,154,233,19,9,-20
-18,-67,-49,43,15,-58,147,192,261,31,17,-9
24,-20,-44,-2,34,-32,144,215,302,67,34,15
-19,-14,5,17,-12,-4,144,267,370,127,84,39
26,40,14,-33,6,27,160,311,421,165,105,39
73,84,12,-79,30,48,165,333,473,228,138,62
64,128,64,-97,0,96,159,365,538,304,196,99
51,166,115,-109,-32,140,153,380,573,365,223,112
43,195,152,-119,-55,173,144,389,589,404,244,128
81,249,168,-165,-44,208,128,343,587,432,293,137
82,272,190,-177,-54,231,98,265,540,447,292,147
42,246,204,-144,-81,224,58,191,458,384,235,123
-12,154,165,-71,-89,159,31,99,319,259,168,70
-31,75,106,-23,-69,91,30,18,170,123,83,26
-20,27,47,-4,-34,36,29,-18,79,16,19,-13
-21,-9,13,15,-17,2,42,-40,15,-47,-16,-26
-76,-92,-16,85,-30,-54,52,-76,-56,-118,-64,-63
-99,-143,-44,122,-27,-93,49,-96,-86,-154,-97,-88
-59,-122,-63,91,2,-92,51,-96,-90,-162,-94,-83
-41,-107,-66,75,12,-86,50,-92,-110,-175,-97,-86
-58,-122,-64,91,3,-93,50,-106,-125,-178,-100,-88
-87,-152,-65,120,-10,-109,50,-119,-128,-181,-100,-91
-62,-127,-65,95,2,-96,52,-108,-112,-178,-98,-87
-61,-125,-64,93,2,-94,51,-97,-108,-174,-93,-84
-63,-122,-59,93,-2,-90,49,-92,-106,-172,-90,-83
-65,-119,-53,92,-6,-86,50,-83,-101,-170,-86,-78
-87,-137,-50,112,-19,-93,49,-78,-98,-165,-83,-82
-78,-124,-45,102,-16,-84,51,-71,-95,-175,-79,-89
-75,-114,-39,95,-18,-76,47,-65,-100,-187,-76,-83
-59,-112,-53,86,-3,-82,45,-78,-102,-185,-74,-76
-59,-108,-49,84,-5,-78,45,-71,-106,-183,-70,-69
-63,-105,-42,85,-10,-73,41,-74,-104,-180,-68,-62
-67,-98,-31,83,-18,-65,40,-92,-114,-179,-63,-62
-83,-113,-29,98,-27,-71,40,-89,-130,-186,-69,-75
-79,-149,-70,115,-4,-109,35,-99,-130,-191,-85,-90
-66,-142,-75,104,5,-109,35,-102,-129,-185,-85,-90
-78,-147,-69,113,-4,-108,35,-108,-135,-190,-81,-91
-83,-146,-64,115,-9,-105,34,-110,-140,-194,-79,-88
-18,-78,-60,49,21,-69,37,-101,-140,-184,-75,-86
-38,-78,-40,58,1,-59,29,-91,-139,-176,-72,-85
-83,-70,13,76,-48,-28,41,-86,-144,-166,-69,-81
-94,-45,49,69,-71,2,57,-93,-144,-154,-65,-80
-85,-29,56,57,-70,13,23,-98,-146,-160,-62,-76
-38,6,45,16,-42,26,-16,-123,-149,-159,-54,-67
-18,18,36,0,-27,27,-37,-132,-151,-156,-50,-60
19,39,20,-29,0,29,-33,-128,-149,-154,-44,-57
-31,9,40,10,-35,24,-7,-125,-132,-145,-37,-51
-60,-57,3,58,-31,-27,10,-109,-140,-172,-69,-81
-50,-117,-66,84,8,-91,29,-107,-165,-202,-92,-101
-59,-118,-59,88,0,-88,44,-87,-150,-202,-85,-93
-53,-124,-71,89,9,-97,36,-107,-150,-197,-78,-88
-85,-153,-68,119,-9,-110,47,-107,-144,-216,-81,-84
-51,-161,-111,106,30,-136,43,-96,-133,-188,-65,-76
-22,-141,-119,82,49,-130,47,-93,-145,-211,-79,-77
-47,-143,-97,95,25,-120,33,-95,-119,-166,-78,-95
-55,-224,-169,140,57,-197,102,42,-57,-226,-112,-99
-37,-229,-192,134,78,-211,415,545,305,-228,-139,-86
194,141,-53,-167,123,44,255,374,409,367,330,220
493,1014,522,-754,-14,768,-608,-751,99,1542,1256,823
418,1113,694,-766,-138,903,-1186,-1508,-231,2092,1535,926
107,254,147,-180,-21,201,-870,-1212,-811,517,503,333
-53,-109,-56,82,2,-82,-276,-479,-657,-465,-182,-60
-28,-67,-39,48,6,-53,-67,-127,-125,-45,-33,-48
-40,-83,-43,62,2,-63,11,-6,-70,-103,-53,-51
-37,-91,-55,65,9,-73,62,40,0,-65,-31,-44
-11,-97,-86,55,38,-91,102,69,23,-62,-32,-36
-43,-111,-68,77,13,-90,139,107,52,-73,-58,-35
-16,-96,-79,56,32,-87,124,97,84,-33,-31,-25
-14,-87,-73,51,29,-79,134,128,104,-36,-28,-23
-26,-86,-60,56,17,-73,127,146,143,-1,-10,-14
-40,-75,-35,57,-2,-55,133,154,162,-12,-14,-11
-39,-76,-37,58,-1,-56,123,187,205,37,5,-5
15,-32,-47,9,31,-39,129,221,251,74,37,5
-13,-38,-24,26,6,-31,157,267,298,108,59,21
-22,-32,-10,27,-6,-21,152,312,348,145,81,30
18,31,13,-25,2,22,165,339,413,201,107,52
-1,69,70,-34,-36,69,168,376,467,262,142,75
40,138,99,-89,-30,118,157,396,517,323,193,85
64,182,117,-123,-27,149,154,400,561,382,219,109
54,213,159,-134,-53,186,146,400,596,437,251,131
52,247,195,-150,-71,220,124,387,604,470,268,131
10,231,221,-121,-106,226,90,319,548,453,244,119
22,243,222,-133,-100,232,67,229,464,417,230,112
23,197,173,-110,-75,185,55,145,334,313,167,86
-22,92,113,-35,-68,102,50,64,183,174,86,44
-6,50,56,-22,-31,53,46,21,79,56,33,-2
-7,0,7,3,-7,3,41,-15,21,-28,-16,-29
-63,-67,-3,65,-30,-35,36,-26,-22,-62,-39,-37
-48,-101,-54,75,3,-77,37,-37,-69,-103,-63,-55
-31,-92,-61,62,16,-76,41,-47,-69,-117,-76,-62
-70,-101,-31,86,-19,-66,44,-45,-75,-116,-78,-64
-87,-146,-59,117,-14,-102,45,-58,-96,-132,-94,-65
-73,-128,-56,101,-8,-92,46,-56,-99,-137,-101,-83
-44,-110,-66,77,11,-88,50,-46,-98,-135,-100,-92
-54,-122,-68,88,7,-95,50,-43,-95,-132,-100,-85
-86,-109,-24,98,-31,-66,50,-45,-100,-127,-100,-83
-69,-118,-50,94,-9,-84,50,-49,-100,-126,-100,-78
-62,-123,-60,93,-1,-91,50,-33,-103,-120,-100,-76
-75,-99,-23,87,-26,-61,50,-25,-105,-117,-101,-67
-55,-105,-50,80,-2,-77,50,-50,-110,-142,-97,-78
-50,-104,-54,77,2,-79,50,-57,-116,-154,-106,-88
-34,-78,-44,56,5,-61,50,-51,-108,-147,-112,-84
-53,-96,-42,75,-5,-69,50,-49,-104,-153,-107,-81
-110,-142,-32,126,-39,-86,50,-47,-102,-168,-100,-81
-31,-97,-66,64,18,-81,50,-41,-91,-170,-80,-76
-1,-88,-86,45,43,-87,50,-56,-123,-175,-106,-89
-43,-123,-80,83,18,-101,48,-77,-154,-192,-138,-110
-19,-98,-79,59,30,-89,44,-70,-143,-188,-127,-99
-29,-112,-83,71,27,-98,46,-67,-143,-186,-124,-90
-45,-105,-60,75,8,-82,41,-61,-135,-183,-117,-83
-93,-85,8,89,-50,-39,40,-60,-120,-178,-109,-76
-94,-60,34,77,-64,-13,40,-59,-105,-173,-101,-72
-24,-16,9,20,-16,-3,24,-62,-116,-170,-92,-65
-42,12,55,15,-49,33,0,-71,-136,-164,-87,-61
-24,54,79,-15,-52,66,-36,-83,-134,-153,-77,-54
37,57,19,-47,9,38,-45,-108,-142,-160,-93,-63
-24,4,28,10,-26,16,-19,-110,-153,-170,-106,-71
-20,5,25,7,-23,15,3,-98,-147,-172,-105,-69
-35,-64,-29,50,-3,-47,6,-98,-143,-165,-110,-78
-68,-107,-39,88,-14,-73,5,-86,-167,-195,-117,-92
-28,-78,-49,53,11,-63,5,-81,-178,-198,-118,-94
-56,-126,-69,91,7,-97,7,-75,-178,-202,-134,-95
-29,-113,-84,71,28,-98,30,-69,-162,-200,-138,-96
-35,-125,-90,81,27,-107,26,-83,-167,-191,-128,-95
-63,-138,-75,101,6,-107,12,-59,-148,-205,-147,-111
-55,-171,-116,114,31,-144,25,-65,-147,-183,-114,-83
-39,-201,-162,120,61,-181,262,330,71,-294,-194,-122
50,-85,-135,18,93,-110,443,669,420,-42,-44,-29
345,579,234,-463,55,406,-146,-151,210,867,759,526
595,1265,670,-930,-37,967,-1060,-1312,-70,2003,1583,1016
312,715,403,-514,-46,559,-1214,-1554,-550,1442,1155,722
-18,-22,-4,20,-7,-13,-564,-825,-873,-245,21,70
-63,-88,-25,76,-19,-56,-110,-198,-340,-289,-149,-104
-83,-78,5,80,-44,-36,-29,-31,-75,-67,-35,-66
-41,-57,-16,49,-12,-36,41,75,-51,-153,-89,-91
-36,-81,-45,59,5,-63,67,93,30,-74,-64,-79
-70,-111,-40,91,-15,-75,112,111,38,-130,-88,-89
-47,-95,-47,71,0,-71,118,124,72,-78,-54,-81
-55,-81,-27,68,-14,-54,111,163,86,-80,-54,-73
-36,-50,-15,43,-10,-32,120,177,121,-54,-41,-63
11,-32,-44,11,28,-38,109,183,131,-37,-33,-49
-9,-20,-11,15,1,-16,122,221,171,-16,-27,-38
-43,-30,13,37,-28,-9,144,239,211,11,-14,-23
-30,-16,13,23,-21,-2,146,287,253,45,2,-13
-20,23,44,-2,-32,33,144,322,323,101,36,-4
16,68,52,-43,-18,60,155,364,380,139,67,20
30,105,75,-68,-23,90,158,413,438,198,103,43
29,145,115,-87,-44,130,151,450,503,268,146,66
63,186,124,-125,-31,155,144,463,540,322,177,77
57,223,167,-140,-55,195,139,473,581,381,210,95
52,262,211,-157,-80,236,121,452,600,429,237,117
44,278,234,-161,-95,256,82,398,575,448,249,120
50,303,253,-176,-102,278,58,336,524,436,250,123
53,269,216,-161,-82,242,33,223,398,351,191,87
21,170,149,-96,-64,160,2,134,252,219,111,34
9,99,91,-54,-41,95,12,80,123,102,52,5
-6,41,47,-18,-27,44,22,32,32,13,10,-13
-69,-46,22,57,-45,-12,19,11,-27,-64,-33,-50
-104,-109,-5,107,-49,-57,20,-4,-73,-104,-72,-81
-36,-83,-47,60,6,-64,21,-22,-99,-127,-96,-79
-8,-54,-46,31,20,-50,25,-31,-106,-133,-102,-80
-59,-92,-33,76,-13,-62,25,-29,-95,-129,-98,-81
-60,-112,-52,86,-4,-82,24,-30,-95,-132,-102,-73
-62,-125,-63,94,0,-94,21,-30,-88,-129,-105,-84
-66,-129,-64,98,-1,-96,19,-30,-85,-131,-105,-91
-50,-116,-67,84,8,-91,24,-28,-107,-130,-107,-84
-59,-122,-63,91,2,-92,31,-25,-111,-131,-110,-82
-52,-119,-67,86,7,-93,28,-26,-111,-140,-110,-77
-53,-120,-68,87,8,-94,25,-22,-121,-140,-107,-74
-81,-120,-39,100,-21,-79,23,-19,-117,-141,-102,-81
-77,-114,-37,96,-19,-75,19,-21,-115,-146,-99,-90
-45,-104,-59,75,7,-81,18,-24,-110,-144,-96,-90
-49,-102,-54,76,3,-77,14,-26,-109,-147,-91,-90
-44,-85,-41,64,-1,-63,13,-24,-99,-139,-90,-84
-53,-90,-36,72,-8,-63,7,-26,-107,-151,-96,-87
-87,-108,-21,98,-32,-64,8,-22,-122,-173,-94,-82
-69,-102,-34,86,-17,-68,1,-21,-117,-169,-96,-82
-45,-113,-68,79,12,-90,1,-35,-137,-167,-110,-104
-40,-94,-54,67,7,-73,28,-35,-141,-162,-108,-95
-59,-95,-36,77,-12,-65,21,-32,-140,-159,-104,-90
-76,-114,-39,95,-18,-76,6,-29,-139,-155,-101,-89
-73,-115,-42,95,-15,-79,1,-39,-144,-152,-97,-96
-64,-100,-36,82,-14,-68,3,-41,-144,-149,-94,-101
-87,-78,10,82,-49,-34,24,-26,-123,-141,-88,-88
-91,-53,39,72,-65,-7,21,-18,-115,-132,-81,-82
-69,-26,43,48,-56,8,10,-6,-110,-123,-73,-77
-72,-4,67,38,-70,31,-10,-27,-115,-123,-70,-74
-12,33,45,-11,-29,39,-52,-54,-114,-124,-57,-68
-26,22,48,2,-37,35,-75,-59,-123,-127,-68,-67
-46,5,51,21,-49,28,-59,-81,-151,-121,-67,-55
-26,-15,10,20,-18,-2,-37,-80,-151,-134,-79,-73
-59,-63,-3,61,-28,-33,-29,-76,-149,-140,-106,-93
-68,-105,-37,87,-16,-71,-10,-66,-159,-157,-106,-78
-80,-129,-49,104,-15,-89,1,-50,-151,-164,-104,-82
-83,-154,-72,119,-6,-112,9,-49,-158,-164,-105,-84
-88,-181,-93,135,3,-137,20,-34,-145,-170,-107,-87
-103,-192,-90,148,-6,-141,8,-45,-154,-154,-103,-85
-92,-171,-79,132,-6,-125,5,-19,-148,-184,-141,-123
-67,-169,-102,118,18,-135,11,-10,-118,-131,-94,-116
-78,-236,-158,157,40,-197,195,290,34,-238,-170,-136
2,-176,-178,87,90,-177,418,710,408,-84,-113,-80
326,426,100,-376,112,262,-31,93,299,743,621,430
550,1185,636,-868,-43,910,-955,-1137,-30,1919,1528,989
323,837,513,-581,-95,675,-1263,-1566,-479,1688,1319,818
-13,26,39,-7,-26,32,-691,-933,-907,-51,141,127
-78,-123,-45,101,-16,-84,-180,-233,-431,-316,-175,-112
-29,-70,-40,50,6,-55,-50,13,-61,19,-40,-49
-48,-75,-27,61,-10,-51,34,109,-52,-95,-103,-74
-86,-126,-40,106,-23,-83,55,123,14,-37,-48,-51
-56,-111,-55,83,0,-83,87,172,37,-76,-68,-55
-41,-82,-42,62,1,-62,111,212,115,-22,-45,-47
-59,-105,-45,82,-7,-75,114,224,125,-16,-42,-42
-39,-77,-38,58,-1,-57,116,232,141,6,-36,-42
-16,-66,-51,41,17,-58,117,245,165,36,-17,-30
-23,-77,-54,50,15,-65,121,266,188,39,-20,-35
-22,-57,-35,39,7,-46,119,279,220,71,2,-20
24,-10,-34,-7,29,-22,133,330,275,115,24,2
6,9,3,-7,1,6,144,359,332,160,59,25
11,41,30,-26,-10,35,161,400,389,200,92,54
32,63,31,-48,0,47,161,453,450,251,116,62
47,110,63,-79,-8,86,152,485,506,315,152,78
60,146,86,-104,-13,116,145,496,558,374,182,88
46,188,142,-118,-48,165,146,517,603,445,232,117
125,279,154,-203,-14,216,138,517,628,498,276,148
86,253,168,-170,-41,210,95,465,595,502,262,123
57,246,190,-152,-67,218,60,386,548,504,248,119
91,257,166,-174,-37,211,45,279,447,425,211,99
32,182,150,-107,-59,166,41,196,307,306,152,66
7,100,93,-54,-43,96,39,126,181,189,88,43
-30,9,39,10,-35,24,34,65,61,74,8,-8
-44,-34,10,39,-27,-11,31,44,-1,-7,-36,-37
-48,-66,-18,57,-14,-42,27,37,-28,-55,-58,-52
-69,-106,-37,88,-16,-71,24,32,-71,-84,-90,-68
-50,-94,-44,72,-2,-69,36,23,-86,-100,-100,-63
-47,-94,-46,71,0,-70,47,18,-85,-100,-100,-60
-82,-104,-22,94,-30,-63,39,11,-88,-100,-100,-60
-73,-110,-37,92,-18,-73,36,-8,-97,-95,-95,-75
-49,-109,-60,79,6,-84,31,-5,-114,-96,-95,-95
-30,-76,-46,53,8,-61,26,10,-117,-92,-97,-95
-72,-123,-51,98,-10,-87,27,23,-120,-103,-99,-95
-100,-133,-33,117,-33,-83,33,30,-118,-121,-95,-93
-33,-68,-36,51,2,-52,32,22,-110,-120,-94,-86
-36,-89,-53,62,9,-70,24,15,-106,-119,-91,-80
-34,-83,-48,58,7,-65,39,10,-99,-115,-89,-72
-32,-104,-72,68,20,-88,45,0,-97,-127,-106,-67
-46,-116,-70,82,12,-93,30,7,-89,-128,-105,-59
-52,-102,-50,77,-1,-76,23,22,-98,-119,-96,-68
-85,-134,-48,110,-18,-91,32,16,-119,-126,-106,-77
-74,-115,-41,95,-16,-78,45,11,-125,-127,-103,-83
-46,-101,-55,74,5,-78,37,6,-137,-130,-101,-100
-75,-118,-43,97,-16,-80,31,0,-134,-142,-95,-100
-86,-121,-35,104,-26,-78,24,-6,-132,-154,-99,-100
-60,-115,-55,88,-2,-85,18,-16,-129,-163,-119,-100
-65,-107,-42,86,-11,-74,12,-11,-130,-159,-113,-101
-66,-101,-35,83,-15,-68,7,-5,-145,-149,-103,-98
-87,-90,-3,88,-42,-46,15,-3,-124,-142,-98,-91
-105,-60,45,82,-74,-8,33,4,-110,-133,-87,-84
-63,-23,40,43,-51,8,31,1,-118,-123,-88,-81
-1,41,42,-20,-22,42,-15,-12,-112,-109,-72,-73
-15,62,77,-24,-46,69,-38,-39,-118,-111,-45,-35
-23,37,60,-7,-42,48,-27,-51,-110,-109,-38,-28
-1,31,32,-15,-17,31,-21,-44,-104,-108,-45,-46
-58,-40,18,49,-38,-11,-10,-40,-136,-137,-71,-64
-62,-93,-31,77,-15,-61,-5,-36,-147,-149,-73,-64
-56,-108,-52,82,-2,-80,2,-25,-148,-166,-80,-70
-69,-137,-68,103,0,-102,8,-13,-158,-165,-84,-82
-64,-133,-69,98,3,-100,4,-9,-154,-181,-90,-78
-96,-168,-72,132,-12,-120,6,-27,-155,-162,-85,-78
-78,-149,-71,114,-4,-110,24,-25,-163,-184,-90,-81
-62,-133,-71,97,5,-102,26,-2,-123,-154,-78,-81
-37,-198,-161,118,62,-180,62,73,-92,-190,-89,-79
-31,-216,-185,124,78,-201,336,540,243,-245,-152,-108
146,57,-89,-102,117,-16,316,594,460,261,240,154
469,908,438,-689,15,673,-450,-450,164,1377,1152,756
437,1198,761,-818,-162,979,-1126,-1359,-187,2140,1576,949
165,364,199,-264,-17,281,-967,-1244,-822,736,638,371
-43,-130,-87,86,23,-108,-369,-514,-781,-489,-172,-97
-50,-50,0,50,-25,-25,-78,-58,-157,-69,-22,-37
2,-42,-43,20,23,-42,-3,53,-56,-85,-4,-28
-6,-49,-43,27,19,-45,69,125,9,-86,-8,-45
-21,-74,-53,48,16,-64,75,142,51,-56,4,-30
-31,-89,-58,61,14,-73,85,170,68,-88,-28,-47
4,-51,-54,24,29,-52,98,182,103,-16,-2,-31
-4,-52,-48,28,22,-50,108,198,106,-26,13,-17
2,-44,-46,21,24,-45,104,209,147,4,39,-14
16,-28,-43,6,30,-35,106,231,171,9,49,-13
-1,-32,-31,16,15,-31,105,253,204,42,64,-9
15,-20,-36,3,26,-28,105,263,240,62,66,-8
9,8,0,-9,4,4,127,317,303,116,101,31
29,45,15,-37,7,30,142,352,361,156,127,57
68,67,-1,-67,34,33,149,380,412,196,154,68
36,103,67,-69,-16,84,146,430,484,271,196,97
43,161,117,-102,-37,139,141,470,548,345,239,120
84,210,126,-147,-21,168,137,483,581,398,276,134
85,244,159,-165,-37,201,120,464,606,442,290,138
71,266,195,-169,-62,230,105,434,602,472,304,148
74,283,209,-179,-67,246,75,373,553,463,300,150
67,297,230,-182,-82,263,43,301,493,444,292,140
43,248,205,-146,-81,227,36,211,369,346,230,100
35,150,115,-93,-40,133,31,126,222,201,132,48
-19,70,89,-26,-55,79,26,83,116,93,81,31
-56,3,58,26,-57,30,20,52,46,8,41,19
-42,-42,0,42,-21,-21,15,43,-9,-55,0,-17
-12,-47,-35,30,12,-41,21,32,-53,-100,-37,-48
15,-42,-57,14,36,-49,19,23,-51,-116,-52,-42
-34,-85,-51,60,8,-68,22,13,-63,-125,-46,-44
-47,-94,-48,71,1,-71,34,-5,-87,-122,-41,-52
-37,-80,-43,59,3,-61,31,-5,-90,-115,-38,-46
-67,-105,-38,86,-14,-71,24,-6,-89,-134,-31,-45
-44,-78,-34,62,-5,-56,21,8,-85,-135,-33,-41
-51,-75,-23,63,-14,-49,11,18,-83,-130,-51,-40
-74,-116,-42,95,-16,-79,15,13,-79,-129,-59,-49
-64,-113,-50,89,-7,-82,34,15,-79,-126,-53,-51
-65,-93,-28,79,-19,-60,36,9,-64,-123,-50,-46
-70,-116,-46,93,-12,-81,35,10,-81,-140,-64,-45
-70,-119,-49,94,-10,-84,33,8,-104,-155,-71,-41
-34,-79,-44,57,5,-61,29,0,-98,-141,-64,-40
-41,-78,-37,60,-2,-57,30,11,-101,-136,-60,-49
-56,-68,-13,62,-21,-40,27,17,-99,-135,-55,-49
-23,-57,-33,40,5,-45,24,8,-102,-136,-58,-42
-61,-81,-20,71,-20,-50,22,-3,-95,-133,-63,-39
-59,-82,-24,71,-18,-53,17,-16,-104,-137,-64,-33
-43,-97,-54,70,6,-75,16,-22,-122,-146,-58,-31
-61,-110,-48,85,-6,-78,13,-18,-111,-138,-55,-41
-50,-99,-49,75,0,-74,19,-16,-108,-134,-49,-54
-79,-117,-37,98,-20,-77,30,-12,-104,-128,-60,-61
-24,-40,-17,32,-3,-28,26,-9,-98,-123,-75,-54
-26,3,29,11,-27,16,19,-11,-87,-118,-65,-36
-87,-31,56,58,-71,12,13,-7,-78,-110,-54,-31
-18,46,63,-14,-41,54,9,-6,-67,-106,-32,-33
-20,50,70,-15,-45,60,-26,-30,-58,-99,-18,-25
-25,41,66,-8,-46,53,-60,-63,-80,-99,-41,-16
7,66,59,-37,-27,63,-43,-69,-86,-87,-45,1
-46,3,49,21,-48,26,-27,-49,-87,-99,-46,-5
-61,-53,8,57,-35,-22,-20,-48,-104,-131,-64,-33
-45,-88,-44,67,0,-66,-12,-53,-106,-151,-63,-34
-33,-81,-48,57,8,-64,-3,-51,-108,-151,-74,-39
-24,-104,-80,64,28,-92,1,-60,-130,-157,-93,-50
-80,-139,-59,110,-10,-99,20,-35,-120,-168,-102,-47
-79,-136,-57,107,-11,-96,18,-40,-120,-146,-81,-36
-55,-131,-76,93,11,-103,23,-16,-118,-181,-94,-43
-65,-148,-82,106,9,-114,17,-14,-103,-127,-72,-21
-38,-203,-165,120,64,-184,155,225,22,-233,-141,-61
5,-173,-178,84,92,-175,432,695,399,-139,-104,-45
269,372,104,-321,82,238,75,210,342,623,537,398
545,1201,657,-873,-56,929,-855,-980,44,1841,1446,966
399,968,569,-684,-85,768,-1258,-1503,-353,1894,1401,884
53,110,57,-82,-2,84,-732,-978,-844,146,273,233
-47,-90,-43,69,-2,-66,-184,-265,-464,-370,-155,-50
-32,-65,-33,49,1,-49,-61,-35,-64,-19,-12,-16
-83,-68,15,76,-49,-26,47,89,-32,-115,-63,-36
-23,-37,-15,30,-4,-26,75,123,43,-29,-22,-18
-23,-89,-65,57,21,-77,85,130,44,-67,-39,-23
-37,-66,-29,52,-4,-48,117,180,101,-34,-23,-14
-7,-50,-43,29,18,-46,108,176,110,-30,-22,-14
-18,-45,-28,32,5,-36,124,204,135,-20,-15,-8
-28,-48,-20,38,-3,-33,112,204,154,7,-7,-9
-54,-56,-3,55,-25,-29,119,228,197,33,2,1
-8,-17,-8,13,0,-12,153,278,231,61,47,38
19,1,-18,-10,19,-9,157,302,266,81,55,35
30,47,17,-39,6,31,141,328,342,148,75,54
24,63,39,-44,-8,50,151,375,378,171,85,64
39,110,71,-75,-16,90,179,427,448,230,122,73
56,152,96,-104,-21,124,177,445,496,283,158,96
39,171,132,-105,-47,151,167,481,556,353,189,108
61,241,180,-151,-59,210,165,497,611,426,241,142
61,238,177,-150,-58,207,130,453,598,458,263,155
94,275,181,-185,-44,228,100,419,602,489,273,155
70,303,233,-187,-81,268,90,364,564,472,261,159
64,289,224,-177,-80,256,55,264,445,411,219,133
64,226,162,-145,-50,194,30,164,305,298,149,87
10,104,95,-57,-43,99,30,95,164,150,71,41
14,62,47,-38,-17,54,26,66,62,54,29,17
-12,-6,6,9,-9,0,23,31,-7,-11,-17,-12
-31,-69,-38,50,3,-53,20,14,-56,-66,-65,-42
-24,-65,-41,44,8,-52,19,6,-70,-82,-69,-49
-23,-77,-54,50,16,-66,15,-21,-75,-97,-76,-56
-2,-84,-82,43,40,-82,15,-25,-79,-115,-90,-59
0,-84,-84,42,42,-83,15,-22,-95,-117,-90,-63
-6,-86,-80,47,37,-83,15,-16,-112,-131,-98,-67
20,-70,-90,26,55,-80,15,-13,-114,-133,-101,-64
15,-82,-97,34,56,-89,11,-7,-107,-125,-99,-62
-5,-100,-94,53,45,-97,4,-6,-103,-121,-101,-57
2,-93,-95,46,49,-94,-1,-20,-100,-115,-98,-56
1,-95,-96,47,49,-95,13,-20,-92,-109,-95,-53
-5,-98,-93,52,45,-96,1,-20,-103,-123,-93,-62
7,-83,-90,38,49,-86,-9,-19,-113,-146,-89,-81
-7,-97,-90,52,42,-93,3,-27,-119,-145,-87,-80
7,-83,-90,38,49,-86,0,-40,-132,-148,-83,-80
45,-57,-102,6,74,-79,-1,-40,-130,-151,-87,-80
28,-79,-107,26,68,-93,-4,-40,-128,-149,-104,-80
8,-92,-101,42,55,-96,-6,-39,-126,-151,-106,-78
27,-73,-100,23,64,-86,0,-48,-123,-149,-103,-73
51,-44,-95,-3,73,-69,3,-59,-130,-152,-108,-77
12,-84,-96,36,54,-89,-7,-50,-132,-147,-97,-72
-7,-108,-101,57,48,-104,-20,-55,-144,-154,-105,-79
5,-97,-102,46,54,-99,-23,-71,-156,-177,-127,-97
21,-77,-98,28,60,-88,-18,-68,-150,-174,-121,-94
48,-54,-102,3,75,-78,-17,-63,-147,-177,-119,-96
18,-74,-92,28,55,-83,-11,-60,-141,-169,-116,-95
24,-36,-60,6,42,-48,-12,-61,-142,-135,-110,-95
44,7,-37,-25,41,-15,-6,-67,-145,-131,-111,-93
20,-3,-22,-8,21,-12,-2,-69,-145,-136,-109,-85
65,45,-20,-55,42,13,-57,-79,-145,-128,-106,-80
68,59,-8,-63,38,25,-100,-100,-146,-119,-101,-71
86,43,-43,-64,64,0,-97,-90,-154,-125,-100,-79
119,56,-63,-87,90,-3,-75,-62,-163,-143,-100,-86
24,4,-20,-14,22,-8,-55,-74,-158,-143,-100,-85
-14,-84,-70,49,28,-77,-50,-95,-159,-153,-116,-82
-8,-98,-90,53,41,-94,-35,-86,-155,-176,-141,-81
-3,-87,-84,45,41,-86,-34,-93,-152,-155,-129,-78
-2,-113,-112,58,55,-113,-27,-89,-176,-193,-142,-93
17,-109,-126,46,72,-117,-25,-87,-169,-189,-137,-92
36,-101,-137,33,87,-119,-15,-84,-185,-201,-141,-84
7,-116,-123,55,65,-119,2,-68,-163,-200,-145,-109
10,-171,-181,81,96,-176,32,1,-132,-195,-133,-110
18,-201,-219,92,118,-210,303,486,186,-251,-220,-137
163,25,-139,-94,151,-57,320,558,436,179,106,81
533,832,298,-683,117,565,-453,-501,112,1229,1024,715
610,1220,610,-915,0,914,-1260,-1537,-202,2092,1616,1042
271,483,212,-377,29,347,-1121,-1447,-746,960,825,541
68,-35,-102,-17,85,-68,-437,-624,-794,-413,-158,-8
23,-62,-85,19,55,-73,-140,-168,-218,-147,-120,-72
33,-36,-69,2,51,-52,-46,-2,-81,-80,-55,-73
36,-19,-55,-8,46,-37,26,82,-19,-108,-81,-75
-17,-71,-55,45,19,-63,44,79,18,-61,-64,-65
28,-58,-86,15,58,-72,56,127,40,-99,-81,-69
44,-76,-120,16,82,-97,51,125,65,-51,-71,-62
34,-61,-95,14,65,-78,81,153,71,-57,-74,-62
45,-41,-86,-1,66,-64,71,162,103,-30,-58,-56
48,-33,-81,-8,65,-56,83,188,132,-26,-47,-52
93,22,-72,-57,82,-25,92,225,196,18,-4,-39
78,4,-74,-41,76,-35,87,236,213,35,0,-29
46,18,-28,-32,37,-5,113,289,273,86,6,-11
77,48,-29,-62,53,9,111,329,318,126,27,-6
101,91,-11,-96,56,40,124,380,380,175,69,19
101,143,42,-123,29,92,136,417,455,241,106,47
92,152,60,-122,16,106,132,437,489,289,135,66
137,211,75,-174,31,143,114,462,534,354,174,85
150,259,110,-205,20,184,92,458,576,414,210,103
109,286,177,-198,-34,231,81,440,590,463,251,133
143,317,174,-230,-16,245,45,387,552,459,242,127
143,309,166,-226,-12,238,17,295,487,437,222,111
102,253,151,-178,-25,202,5,199,358,343,166,78
64,184,121,-124,-29,152,0,132,214,220,90,33
42,100,58,-71,-8,79,-4,58,93,101,25,-2
71,48,-23,-59,46,13,-9,8,8,0,-33,-28
53,10,-43,-31,48,-17,-14,-5,-41,-58,-72,-56
9,-50,-59,20,34,-54,-13,-29,-91,-105,-105,-84
-2,-63,-60,32,29,-61,-2,-35,-106,-117,-116,-82
-10,-83,-73,47,32,-78,-19,-46,-116,-133,-130,-91
-2,-78,-76,40,37,-77,-27,-49,-122,-134,-134,-93
5,-56,-60,26,33,-58,-22,-39,-119,-127,-124,-83
8,-46,-53,19,31,-49,-19,-38,-117,-124,-123,-78
30,-55,-85,13,58,-70,-17,-28,-114,-119,-113,-70
36,-72,-108,18,72,-89,-8,-29,-116,-113,-113,-65
14,-78,-92,32,54,-85,6,-43,-114,-115,-123,-84
7,-82,-89,38,49,-85,-1,-46,-116,-132,-127,-106
28,-55,-83,14,56,-69,-7,-44,-114,-127,-123,-105
-8,-89,-81,49,37,-85,-15,-46,-121,-125,-122,-105
-35,-100,-65,68,16,-82,-8,-44,-127,-120,-119,-105
4,-77,-82,37,43,-79,-13,-47,-124,-122,-121,-105
7,-97,-104,45,55,-100,-37,-63,-143,-156,-145,-103
20,-64,-84,22,52,-74,-33,-66,-152,-161,-149,-98
12,-60,-72,24,42,-66,-27,-64,-148,-153,-139,-95
-19,-94,-75,57,29,-84,-25,-66,-152,-154,-138,-92
7,-93,-100,43,53,-96,-17,-64,-148,-145,-128,-86
14,-88,-101,37,58,-94,-17,-66,-152,-146,-126,-86
0,-86,-86,43,44,-86,-25,-64,-153,-152,-131,-91
5,-88,-93,42,49,-90,-23,-66,-156,-157,-136,-91
1,-95,-96,47,49,-95,-19,-63,-154,-154,-135,-90
-1,-89,-89,45,45,-89,-16,-71,-154,-157,-134,-88
12,-63,-76,26,44,-69,-11,-86,-157,-168,-132,-87
11,-48,-59,18,36,-53,-10,-68,-132,-151,-119,-81
7,-37,-44,16,26,-41,-20,-64,-136,-148,-132,-99
-12,-28,-16,20,3,-22,-31,-65,-136,-140,-137,-100
-1,-17,-16,9,8,-16,-19,-71,-133,-137,-128,-99
17,16,-1,-17,9,8,-36,-93,-149,-140,-120,-86
7,52,45,-29,-20,48,-78,-102,-137,-124,-107,-53
47,64,17,-55,14,40,-80,-123,-129,-112,-89,-53
50,43,-7,-47,28,18,-64,-107,-113,-73,-56,-22
25,33,8,-29,9,20,-51,-104,-136,-115,-100,-58
18,-11,-29,-3,23,-19,-48,-126,-174,-163,-128,-100
9,-54,-63,23,36,-58,-41,-95,-170,-160,-135,-92
-10,-88,-78,49,34,-83,-35,-106,-169,-162,-154,-95
-40,-112,-72,76,17,-92,-33,-110,-185,-178,-153,-88
-42,-119,-78,81,18,-98,-21,-85,-160,-167,-158,-92
-59,-169,-110,115,25,-139,-26,-101,-171,-160,-151,-88
-63,-137,-74,101,5,-105,-4,-68,-136,-166,-171,-100
4,-138,-141,67,73,-139,1,-66,-125,-146,-143,-81
-8,-202,-194,105,94,-198,199,269,57,-273,-217,-119
72,-95,-167,12,120,-131,391,649,451,-7,-61,-20
431,593,162,-512,134,378,-141,-76,271,896,739,539
560,1263,703,-912,-72,983,-1018,-1271,-74,2027,1549,1014
306,762,456,-534,-75,608,-1211,-1562,-611,1448,1097,688
42,30,-12,-36,27,9,-627,-899,-943,-271,-53,30
-13,-72,-58,43,23,-65,-184,-274,-385,-280,-198,-95
1,-59,-60,29,31,-59,-60,-44,-66,-14,-79,-19
-34,-75,-41,55,4,-58,14,47,-20,-107,-134,-57
-17,-69,-53,43,18,-61,36,62,37,-58,-82,-57
9,-42,-51,17,30,-47,67,102,40,-93,-107,-57
36,-29,-65,-3,51,-47,59,102,69,-35,-79,-39
57,-19,-76,-19,67,-47,84,143,90,-63,-85,-42
31,-25,-55,-3,43,-40,96,164,123,-16,-72,-39
-8,-61,-53,35,23,-56,81,146,126,1,-51,-23
51,12,-39,-31,45,-13,92,195,186,31,-46,-29
57,23,-34,-40,46,-5,104,222,223,68,-23,-19
29,-5,-34,-12,32,-19,112,229,240,70,10,-9
57,66,9,-62,24,38,120,294,310,133,43,20
29,79,50,-55,-10,64,128,351,364,178,58,53
74,115,41,-95,16,78,122,368,426,224,84,54
90,168,78,-130,6,123,129,412,494,298,133,83
72,203,131,-138,-30,167,135,427,532,366,176,107
102,249,147,-175,-23,198,122,420,572,417,204,121
105,273,168,-190,-32,220,104,407,582,462,230,137
112,312,201,-212,-45,256,71,363,564,478,235,128
107,333,225,-220,-59,279,36,286,508,466,215,121
83,291,208,-188,-63,249,25,195,399,398,169,99
50,220,170,-136,-60,195,8,106,258,267,100,63
27,149,121,-88,-47,134,-14,37,125,141,32,26
29,94,66,-62,-19,79,-12,-5,41,37,-24,-5
1,16,15,-8,-7,15,-1,-28,-35,-48,-83,-42
-17,-40,-23,28,3,-31,6,-43,-70,-89,-102,-68
-4,-36,-31,20,14,-33,19,-46,-81,-104,-104,-70
-6,-35,-29,20,12,-31,30,-42,-103,-127,-121,-75
-6,-48,-43,27,19,-45,30,-70,-113,-140,-123,-76
-47,-92,-44,70,-1,-68,30,-58,-113,-135,-126,-75
-28,-67,-39,47,6,-52,30,-42,-101,-135,-125,-72
2,-37,-38,18,20,-37,30,-55,-110,-135,-123,-68
-52,-82,-30,67,-11,-56,29,-53,-115,-135,-121,-65
-54,-88,-34,71,-10,-60,23,-52,-110,-135,-118,-60
-64,-77,-13,71,-25,-45,20,-44,-111,-138,-127,-64
-55,-96,-41,75,-7,-68,14,-41,-108,-141,-135,-65
-27,-99,-72,63,23,-85,24,-37,-106,-137,-137,-60
-62,-90,-28,76,-16,-59,32,-30,-103,-135,-140,-58
-46,-87,-40,67,-2,-63,23,-38,-114,-131,-137,-53
-30,-74,-44,52,7,-59,39,-46,-120,-130,-134,-50
-32,-66,-34,49,1,-50,46,-45,-109,-140,-136,-60
2,-47,-49,23,26,-48,38,-45,-128,-148,-134,-68
-53,-64,-11,59,-21,-38,35,-45,-143,-141,-136,-60
-76,-82,-6,79,-34,-44,30,-45,-138,-148,-133,-66
-4,-49,-45,26,21,-47,25,-45,-141,-161,-130,-81
-15,-52,-37,33,11,-44,25,-45,-139,-160,-130,-73
-22,-63,-41,42,10,-52,25,-42,-140,-158,-128,-70
4,-69,-73,33,39,-71,24,-49,-141,-154,-124,-65
6,-66,-72,30,39,-68,26,-50,-134,-156,-125,-60
17,-54,-71,19,44,-62,24,-36,-126,-151,-130,-65
-8,-20,-12,14,2,-16,29,-27,-117,-141,-132,-67
6,40,34,-23,-14,37,44,-30,-112,-133,-121,-60
12,42,30,-27,-9,36,45,-28,-120,-123,-116,-54
-22,36,58,-7,-40,47,-2,-39,-118,-121,-110,-50
-10,58,68,-24,-39,63,-46,-70,-113,-117,-98,-38
-8,74,82,-33,-45,78,-37,-68,-132,-116,-95,-35
4,81,77,-42,-37,79,-29,-62,-135,-116,-59,-4
-30,33,64,-2,-47,48,-22,-59,-131,-131,-78,-16
-6,-9,-3,8,-1,-6,-13,-52,-126,-138,-131,-63
15,-49,-64,17,40,-57,-7,-52,-126,-155,-133,-58
-57,-103,-45,80,-6,-74,6,-51,-150,-162,-137,-62
-44,-108,-64,76,10,-85,9,-71,-171,-176,-132,-57
-62,-127,-65,95,2,-96,19,-69,-157,-192,-140,-67
-52,-134,-82,93,15,-107,21,-74,-159,-164,-128,-66
0,-93,-94,47,48,-93,29,-51,-152,-194,-140,-68
-19,-141,-123,80,52,-132,10,-48,-137,-150,-121,-52
-21,-199,-178,111,79,-188,149,182,-14,-256,-180,-66
39,-138,-177,50,108,-158,419,645,385,-138,-132,-49
281,369,88,-325,96,229,80,221,356,625,515,396
512,1210,699,-861,-94,954,-790,-939,24,1836,1385,915
355,1000,645,-678,-145,822,-1179,-1475,-434,1840,1267,765
32,118,86,-75,-27,101,-731,-1012,-948,30,134,137
-28,-64,-35,46,4,-49,-207,-326,-544,-422,-239,-96
52,21,-31,-37,42,-4,-59,-42,-75,-5,-51,-21
-15,-32,-17,24,1,-24,14,62,-35,-125,-93,-43
-29,-58,-29,44,0,-43,52,82,25,-50,-54,-25
29,-43,-71,7,50,-57,75,105,35,-90,-84,-23
-9,-63,-54,36,23,-58,98,146,69,-62,-86,-19
-1,-51,-50,26,25,-50,93,152,77,-44,-63,-10
-15,-54,-39,35,12,-46,96,176,114,-30,-41,-5
-17,-56,-39,36,11,-47,95,165,140,-6,-20,10
16,-20,-36,3,26,-28,92,186,166,0,-17,19
22,-9,-31,-7,27,-20,110,222,214,56,11,37
81,49,-32,-65,56,8,126,247,256,85,30,56
71,51,-20,-61,46,15,129,284,301,118,43,61
31,53,22,-42,4,37,140,321,359,161,68,70
24,93,68,-59,-22,80,134,360,425,224,102,91
45,118,72,-81,-14,95,128,385,472,278,141,116
91,179,88,-136,2,133,123,421,527,344,189,151
96,234,138,-166,-21,186,118,440,577,413,224,168
130,273,143,-202,-7,208,112,404,584,451,252,185
110,284,174,-197,-32,229,99,368,572,470,259,193
40,277,237,-158,-99,257,75,311,532,469,252,186
58,290,232,-174,-87,261,48,215,439,410,220,158
55,230,175,-143,-60,202,43,137,313,300,154,110
4,111,107,-58,-52,108,40,73,159,165,74,71
-16,53,69,-19,-43,61,37,20,61,65,19,48
-28,1,29,13,-28,15,32,-1,2,-17,-25,21
-60,-81,-20,71,-20,-50,31,-16,-58,-83,-71,-11
-61,-109,-48,85,-6,-78,40,-44,-65,-92,-76,-22
-58,-99,-41,79,-8,-70,39,-56,-81,-107,-89,-26
-46,-101,-55,74,5,-77,33,-62,-93,-120,-98,-30
4,-73,-77,35,41,-75,32,-71,-79,-122,-93,-42
-23,-76,-53,50,15,-65,24,-70,-84,-122,-93,-42
-65,-113,-47,89,-9,-80,30,-66,-101,-113,-89,-33
-19,-81,-62,50,22,-71,58,-65,-90,-111,-90,-30
-9,-79,-70,44,31,-74,60,-65,-88,-102,-85,-23
-48,-118,-70,83,11,-94,54,-60,-98,-103,-85,-19
-68,-134,-66,101,-1,-100,52,-60,-94,-115,-86,-14
-84,-147,-63,116,-10,-105,48,-59,-104,-109,-84,-10
-67,-148,-81,108,7,-115,43,-64,-106,-115,-89,-5
-12,-110,-97,61,43,-103,53,-76,-105,-131,-95,0
1,-83,-84,41,43,-84,67,-75,-105,-128,-95,3
-44,-111,-67,78,12,-89,64,-75,-105,-124,-95,6
-69,-135,-66,102,-1,-100,65,-75,-105,-121,-95,7
-51,-135,-84,93,17,-109,65,-75,-101,-116,-94,-4
-36,-133,-97,85,31,-115,65,-73,-96,-115,-98,-16
-28,-128,-101,78,36,-115,65,-69,-98,-115,-100,-10
-31,-131,-100,81,35,-115,65,-70,-118,-115,-100,-4
-27,-123,-96,75,35,-110,65,-80,-120,-114,-100,1
-31,-125,-94,78,32,-110,65,-86,-120,-115,-100,5
-55,-150,-95,103,20,-122,64,-88,-125,-116,-99,-4
-51,-139,-88,95,18,-113,67,-90,-125,-112,-94,3
-52,-129,-77,91,13,-103,70,-84,-123,-106,-85,19
-40,-97,-58,69,9,-77,72,-76,-101,-100,-80,20
-38,-65,-27,52,-5,-46,77,-73,-86,-94,-72,20
-63,-61,2,62,-32,-30,64,-68,-78,-83,-64,20
-65,-52,14,58,-39,-19,42,-84,-74,-83,-59,20
-30,-27,3,29,-16,-12,8,-111,-62,-83,-49,23
-14,-2,12,7,-13,5,-7,-106,-70,-88,-43,45
-47,-41,6,44,-26,-18,6,-102,-108,-87,-17,62
-44,-75,-31,60,-7,-53,13,-97,-112,-93,-43,42
-21,-93,-73,57,26,-83,28,-93,-113,-106,-82,17
-36,-138,-103,87,34,-120,36,-87,-116,-110,-79,10
-51,-164,-113,108,31,-138,37,-96,-121,-116,-81,8
-33,-164,-131,99,49,-147,49,-116,-136,-124,-75,11
-70,-190,-120,131,25,-155,64,-99,-120,-132,-94,-1
-87,-217,-129,152,21,-173,65,-106,-116,-110,-83,12
-68,-191,-123,130,28,-157,64,-73,-108,-138,-101,-7
-60,-207,-147,134,44,-177,53,-80,-108,-94,-73,-3
-33,-264,-230,149,99,-247,213,173,36,-186,-127,6
-15,-256,-241,136,113,-248,466,638,418,-89,-107,13
279,300,21,-289,129,160,104,142,354,674,550,452
534,1119,585,-827,-26,852,-833,-1076,48,1887,1475,1039
349,881,532,-615,-92,706,-1246,-1602,-342,1953,1430,953
60,24,-36,-42,48,-6,-713,-1053,-829,196,289,295
-53,-185,-132,120,40,-158,-169,-336,-466,-332,-163,-3
-36,-82,-46,60,5,-64,-12,-78,-34,66,-24,85
-22,-117,-95,70,36,-105,71,3,-21,-60,-82,67
-4,-142,-139,73,67,-140,92,55,53,7,-39,59
-36,-174,-138,105,51,-156,124,98,68,-41,-54,49
-26,-155,-129,91,52,-142,136,119,113,-6,-22,47
-8,-134,-126,71,59,-130,134,119,125,21,-16,62
-36,-153,-117,94,41,-134,132,142,148,32,-6,56
-23,-131,-108,77,43,-119,128,164,187,75,-2,67
-5,-101,-96,53,46,-98,137,178,197,61,30,62
-78,-177,-99,128,11,-138,150,204,251,104,38,69
268,182,-86,-225,177,49,176,249,297,130,8,91
