I,II,III,aVR,aVL,aVF,V1,V2,V3,V4,V5,V6
-109,15,124,47,-117,70,21,89,169,122,109,74
-122,-10,113,66,-117,51,31,50,119,75,75,51
-154,-58,97,106,-125,19,36,-20,22,-2,11,16
-163,-75,88,119,-125,6,29,-45,-20,-40,-16,-1
-187,-110,77,149,-132,-16,25,-70,-52,-60,-39,-13
-196,-122,74,158,-135,-23,22,-88,-76,-61,-51,-23
-185,-110,76,147,-130,-17,14,-84,-70,-60,-50,-32
-181,-111,71,146,-126,-19,25,-79,-65,-61,-49,-31
-172,-102,70,137,-121,-16,37,-73,-59,-60,-45,-30
-170,-101,69,135,-120,-16,31,-68,-53,-61,-45,-29
-174,-108,66,140,-119,-21,29,-62,-51,-60,-47,-24
-172,-111,61,141,-117,-24,24,-60,-55,-60,-51,-26
-168,-110,58,139,-113,-26,20,-60,-55,-60,-50,-22
-165,-110,55,137,-110,-27,20,-60,-57,-60,-50,-20
-159,-110,49,135,-104,-31,20,-61,-61,-60,-50,-21
-165,-109,56,137,-111,-27,20,-59,-59,-61,-50,-16
-167,-106,61,136,-113,-22,20,-61,-68,-64,-55,-15
-164,-104,60,134,-112,-22,27,-59,-80,-68,-54,-15
-165,-106,59,136,-112,-23,31,-67,-94,-75,-59,-11
-165,-105,61,135,-112,-22,30,-83,-111,-83,-63,-10
-165,-106,59,136,-112,-23,30,-88,-120,-81,-56,-11
-164,-102,62,133,-113,-19,41,-84,-121,-74,-51,-10
-174,-89,85,131,-129,-2,62,-80,-118,-71,-46,-11
-184,-78,105,131,-144,13,80,-80,-114,-66,-39,-7
-191,-51,140,120,-165,45,70,-69,-113,-62,-36,2
-171,-11,160,91,-165,74,29,-114,-109,-59,-34,11
-148,14,161,67,-155,87,-22,-160,-112,-60,-36,18
-140,2,142,69,-141,72,-45,-147,-121,-61,-35,16
-126,-27,99,76,-112,36,-26,-141,-111,-58,-35,9
-137,-54,83,96,-110,14,-17,-150,-123,-64,-38,8
-176,-115,61,145,-118,-27,-4,-140,-137,-77,-61,-2
-194,-153,41,173,-117,-56,5,-149,-190,-121,-96,-23
-192,-169,23,181,-108,-72,15,-143,-173,-116,-92,-36
-191,-154,37,172,-114,-59,34,-140,-189,-135,-99,-43
-167,-157,10,162,-89,-73,27,-140,-169,-116,-85,-47
-237,-128,109,182,-173,-10,102,-116,-138,-113,-88,-54
-273,-24,249,148,-261,112,188,-50,-50,-89,-73,-31
-108,97,205,5,-156,151,175,405,473,235,143,87
315,567,252,-441,31,409,-202,417,1299,1150,877,606
723,714,-9,-719,366,352,-683,-238,2413,2368,1733,1118
403,115,-288,-258,345,-86,-519,-723,1304,1462,1064,722
-159,-340,-181,250,11,-260,-108,-782,-748,-273,-127,57
-293,-528,-234,411,-29,-381,140,-314,-597,-355,-271,-137
-249,-494,-245,372,-1,-370,262,-6,-370,-272,-235,-139
-193,-308,-115,251,-38,-212,194,49,-265,-203,-178,-89
-175,-216,-41,196,-67,-129,126,71,-93,-103,-101,-47
-147,-165,-18,156,-65,-91,116,53,-116,-106,-94,-34
-130,-144,-14,137,-57,-79,109,79,-35,-57,-66,-19
-126,-123,3,125,-64,-60,103,83,-56,-72,-66,-8
-120,-102,18,111,-69,-42,95,115,6,-24,-32,5
-129,-91,38,109,-83,-26,86,140,27,-8,-27,16
-105,-73,33,88,-69,-20,74,170,77,24,-11,33
-88,-43,45,65,-66,1,63,210,127,51,18,43
-70,-5,65,37,-67,30,51,260,195,96,55,63
-22,29,51,-4,-37,40,39,321,293,160,101,90
18,79,62,-48,-22,70,28,402,394,234,155,121
67,136,69,-102,-1,102,5,492,537,339,236,177
121,197,77,-159,22,137,-22,567,660,436,308,227
164,267,103,-216,30,184,-53,616,761,529,382,275
210,308,98,-259,56,202,-70,634,815,589,437,309
220,305,85,-263,67,195,-59,617,806,601,437,313
193,289,96,-242,48,192,-55,547,758,585,428,319
132,254,122,-193,5,188,-44,447,631,504,388,285
62,176,115,-119,-27,145,-3,325,456,373,285,218
-4,94,99,-45,-52,96,21,208,297,238,184,150
-74,27,101,23,-88,64,45,117,158,129,100,89
-93,-33,59,63,-76,13,67,41,57,55,41,59
-120,-80,39,100,-79,-20,61,-11,-7,-6,-1,29
-156,-107,49,131,-102,-29,59,-45,-56,-44,-35,11
-160,-118,42,139,-101,-38,54,-69,-80,-56,-41,7
-133,-119,13,126,-73,-52,51,-70,-83,-58,-44,1
-120,-126,-6,123,-57,-66,47,-72,-86,-60,-46,-2
-139,-135,4,136,-71,-65,45,-76,-85,-60,-45,-8
-114,-129,-15,121,-49,-72,45,-69,-82,-60,-43,-9
-141,-124,17,132,-79,-53,42,-63,-80,-60,-39,-5
-152,-118,34,134,-92,-42,39,-56,-80,-59,-40,-5
-105,-112,-7,109,-49,-59,41,-49,-81,-56,-37,-5
-84,-108,-24,96,-30,-66,45,-44,-79,-55,-34,-5
-75,-102,-27,89,-24,-65,45,-40,-89,-56,-31,-6
-100,-98,2,99,-51,-48,50,-36,-98,-56,-29,-1
-121,-93,28,107,-74,-32,49,-33,-92,-56,-26,8
-112,-89,23,100,-67,-33,58,-28,-90,-53,-24,15
-118,-84,34,101,-75,-25,77,-24,-86,-49,-20,32
-132,-74,58,103,-95,-7,86,-23,-85,-45,-20,41
-111,-50,62,80,-86,6,87,-13,-87,-42,-21,41
-116,-24,93,70,-104,34,48,-60,-95,-37,-19,46
-108,-2,106,55,-107,52,-20,-124,-115,-35,-22,47
-90,9,99,40,-94,54,-63,-142,-136,-41,-6,54
-73,-9,64,41,-68,27,-50,-132,-132,-47,5,52
-60,-29,31,44,-46,1,-13,-131,-144,-57,-8,52
-110,-88,22,99,-66,-32,18,-131,-150,-66,-25,36
-137,-144,-7,140,-65,-75,42,-125,-180,-109,-68,-5
-135,-163,-28,150,-53,-95,50,-131,-186,-112,-71,-17
-136,-162,-26,149,-55,-94,61,-116,-165,-105,-59,-21
-127,-147,-20,137,-53,-83,40,-135,-197,-121,-70,-24
-168,-155,13,161,-91,-70,74,-97,-137,-99,-72,-32
-245,-60,185,152,-215,63,167,-98,-118,-118,-77,-11
-202,14,215,94,-209,114,224,221,243,84,44,40
137,356,219,-247,-42,287,4,579,872,679,531,368
711,746,35,-728,337,390,-562,132,2045,1980,1495,1006
716,330,-386,-523,551,-28,-664,-506,2017,2024,1458,959
71,-226,-296,78,184,-261,-229,-839,-187,168,208,258
-242,-447,-205,344,-18,-326,80,-544,-780,-445,-281,-98
-239,-517,-278,378,20,-397,251,-109,-388,-273,-240,-149
-195,-378,-182,287,-6,-280,249,-23,-355,-271,-201,-101
-123,-218,-95,171,-14,-156,138,59,-112,-111,-83,-29
-143,-152,-9,148,-67,-80,112,59,-127,-116,-85,-13
-106,-134,-28,120,-39,-81,101,76,-62,-62,-56,6
-81,-123,-42,102,-19,-82,96,96,-60,-68,-35,15
-81,-111,-31,96,-25,-71,92,112,-17,-42,-7,30
-53,-95,-43,74,-5,-69,83,144,30,-15,0,40
-67,-67,0,67,-33,-33,82,164,52,9,18,49
-66,-32,34,49,-50,1,71,207,123,50,53,70
-36,0,36,18,-36,18,64,249,169,73,69,82
-15,35,50,-11,-33,43,50,307,258,143,117,110
10,75,66,-43,-28,70,33,381,346,201,158,149
62,135,72,-98,-5,103,6,464,460,282,219,186
106,192,86,-149,10,139,-22,551,586,389,303,234
185,249,64,-217,60,156,-45,617,693,486,374,285
230,308,78,-270,76,193,-70,633,751,551,432,323
198,314,116,-257,40,215,-64,625,749,574,457,340
195,312,117,-253,39,214,-50,583,722,557,446,337
162,290,129,-226,16,210,-45,485,622,489,404,305
91,221,129,-156,-19,175,-8,367,464,375,313,257
29,140,111,-85,-41,126,31,243,310,244,210,194
-38,61,99,-12,-69,79,52,140,165,137,134,123
-80,4,85,38,-83,44,66,64,66,54,65,79
-113,-45,68,79,-90,11,63,0,3,-11,12,46
-131,-81,50,106,-90,-15,60,-43,-54,-48,-15,23
-115,-70,45,92,-80,-12,58,-78,-90,-72,-24,20
-116,-75,40,95,-78,-17,54,-87,-90,-76,-32,17
-131,-97,34,114,-82,-32,55,-84,-86,-74,-42,14
-122,-93,29,107,-75,-31,55,-86,-85,-75,-45,11
-124,-100,23,112,-73,-38,55,-85,-80,-75,-45,10
-153,-110,43,131,-98,-34,55,-85,-81,-74,-45,15
-160,-102,58,130,-108,-22,55,-80,-85,-70,-45,20
-147,-96,51,121,-99,-22,55,-76,-85,-70,-45,23
-140,-89,51,114,-95,-19,55,-74,-89,-68,-42,29
-128,-83,45,105,-86,-18,55,-69,-90,-65,-40,28
-124,-78,46,100,-85,-15,55,-67,-95,-65,-41,24
-106,-68,38,87,-71,-15,56,-65,-108,-78,-40,25
-101,-60,41,80,-71,-9,55,-72,-113,-85,-41,21
-123,-51,72,87,-97,10,58,-67,-116,-75,-39,19
-122,-38,84,80,-103,23,74,-65,-122,-70,-34,21
-115,-17,98,66,-106,40,89,-62,-123,-62,-31,27
-130,2,132,64,-131,67,76,-59,-126,-55,-28,41
-131,22,153,54,-142,87,11,-136,-124,-62,-23,52
-107,53,160,27,-134,106,-43,-175,-126,-71,-20,52
-99,37,136,31,-118,86,-45,-159,-148,-70,-24,51
-97,4,102,46,-100,53,-28,-144,-151,-69,-25,45
-103,-8,94,55,-98,43,-5,-140,-156,-77,-26,46
-145,-66,79,105,-112,7,14,-161,-179,-109,-56,23
-175,-98,77,136,-125,-10,21,-176,-234,-149,-81,-7
-165,-109,56,137,-111,-26,33,-166,-207,-131,-66,-13
-169,-109,60,139,-114,-24,43,-175,-232,-149,-74,-20
-155,-118,37,136,-95,-40,47,-180,-205,-133,-60,-24
-213,-72,141,142,-177,35,109,-163,-164,-147,-64,-32
-253,27,280,112,-267,153,209,-89,-65,-102,-53,-11
-94,155,249,-31,-172,202,208,380,404,200,145,101
393,630,238,-512,77,434,-224,443,1219,1092,870,622
855,729,-126,-792,491,301,-716,-194,2250,2230,1652,1105
487,119,-368,-303,427,-124,-515,-771,1102,1263,955,679
-72,-304,-233,188,81,-268,-94,-857,-749,-334,-141,40
-218,-455,-237,337,9,-346,134,-369,-596,-375,-261,-142
-219,-410,-191,315,-14,-301,254,-79,-401,-317,-219,-136
-136,-228,-92,182,-22,-160,175,-13,-277,-225,-145,-69
-114,-123,-9,118,-52,-66,105,33,-146,-129,-76,-29
-118,-86,32,102,-74,-27,106,30,-162,-138,-68,-17
-133,-77,56,105,-94,-10,95,69,-83,-93,-41,-6
-127,-58,68,92,-97,5,95,70,-90,-101,-43,0
-104,-37,66,70,-85,14,88,94,-27,-53,-23,9
-79,-12,67,45,-73,27,85,119,-7,-39,-12,18
-79,-2,77,40,-78,37,76,152,35,-10,17,37
-83,15,99,34,-91,57,64,192,85,14,36,44
-34,60,94,-13,-65,77,54,242,152,55,72,59
1,94,93,-48,-46,93,38,315,236,115,118,92
45,154,109,-100,-32,131,18,392,331,184,160,121
96,230,135,-163,-20,182,-13,477,447,275,237,166
170,289,119,-230,25,204,-43,554,557,371,312,223
225,342,116,-284,55,229,-66,598,656,467,380,270
230,371,142,-301,44,256,-78,602,689,522,431,303
246,381,135,-314,55,258,-76,592,672,529,438,308
225,354,129,-289,47,241,-64,536,623,499,415,300
168,297,129,-233,19,213,-36,424,498,405,348,256
122,238,117,-180,2,177,1,306,345,292,260,189
39,167,128,-103,-45,147,34,190,204,173,168,129
-26,97,123,-36,-74,110,57,92,88,72,86,69
-63,34,97,14,-81,65,56,18,12,20,40,29
-104,-7,97,55,-100,44,55,-38,-61,-43,-9,6
-116,-32,84,74,-100,26,54,-70,-105,-86,-36,-7
-128,-44,84,85,-106,20,50,-89,-114,-91,-34,-18
-134,-48,86,91,-110,19,50,-95,-126,-99,-36,-30
-128,-54,74,91,-101,10,52,-92,-132,-108,-52,-32
-114,-55,59,84,-86,2,55,-84,-129,-109,-60,-29
-113,-55,58,84,-85,2,55,-78,-123,-102,-49,-26
-121,-55,66,88,-93,6,55,-70,-120,-98,-45,-23
-112,-55,57,84,-84,0,55,-66,-115,-91,-36,-20
-110,-53,56,81,-83,1,54,-69,-110,-86,-33,-20
-99,-50,48,74,-73,-1,51,-72,-113,-89,-23,-20
-95,-48,47,71,-71,0,49,-75,-116,-96,-28,-20
-77,-45,33,61,-54,-6,50,-78,-121,-101,-50,-20
-59,-42,17,50,-37,-12,50,-80,-123,-99,-50,-20
-97,-39,58,67,-77,9,50,-84,-137,-107,-50,-20
-130,-51,79,90,-104,13,53,-89,-153,-118,-51,-24
-135,-62,72,98,-103,4,55,-99,-166,-122,-51,-26
-134,-55,79,94,-106,12,56,-106,-181,-126,-50,-26
-126,-46,80,86,-103,17,53,-105,-177,-126,-54,-24
-113,-34,78,74,-95,22,76,-104,-170,-123,-54,-20
-122,-25,97,73,-109,36,104,-107,-169,-120,-42,-20
-129,-9,120,68,-124,55,107,-101,-160,-119,-32,-21
-100,25,125,37,-112,75,88,-121,-162,-114,-23,-13
-82,35,117,23,-100,76,33,-171,-169,-104,-19,3
-78,29,107,24,-93,67,-12,-179,-176,-101,-20,12
-68,23,91,23,-80,57,-14,-161,-180,-94,-14,6
-70,11,82,29,-76,46,9,-157,-183,-107,-16,-6
-79,-35,44,57,-61,4,23,-166,-185,-108,-36,-13
-108,-94,15,101,-61,-39,49,-156,-207,-134,-70,-36
-132,-115,18,123,-75,-48,59,-163,-249,-165,-94,-52
-136,-128,8,131,-72,-60,62,-146,-231,-142,-102,-56
-129,-113,16,121,-72,-48,58,-157,-268,-167,-111,-54
-127,-122,5,124,-65,-58,67,-141,-199,-126,-97,-56
-190,-47,144,118,-167,49,158,-130,-187,-170,-111,-67
-168,38,206,65,-187,122,249,84,82,-43,-25,-52
75,251,176,-163,-51,213,142,543,631,402,302,165
620,722,102,-671,259,411,-379,293,1567,1542,1207,810
828,564,-264,-696,546,149,-672,-425,2127,2262,1664,1056
255,-21,-276,-117,266,-148,-314,-877,274,640,536,413
-168,-316,-148,242,-10,-232,23,-711,-904,-511,-279,-97
-216,-468,-253,342,19,-360,201,-199,-497,-330,-243,-188
-157,-379,-222,268,33,-300,256,-39,-467,-352,-245,-179
-85,-203,-119,144,17,-161,149,-4,-235,-203,-156,-121
-86,-127,-41,107,-23,-84,117,9,-189,-171,-127,-80
-57,-88,-31,73,-13,-59,112,15,-155,-154,-109,-56
-52,-75,-23,64,-14,-49,95,40,-109,-122,-83,-51
-46,-62,-16,55,-15,-39,93,48,-112,-105,-67,-45
-26,-42,-15,35,-5,-28,82,72,-57,-75,-52,-36
-11,-18,-7,15,-2,-12,77,100,-40,-69,-41,-26
-1,-7,-6,4,3,-6,69,137,34,-22,-11,-11
7,13,6,-10,0,9,62,171,74,-1,7,0
29,49,21,-39,4,35,49,220,155,56,46,25
57,89,32,-73,12,60,38,290,247,114,85,56
104,140,36,-123,34,88,16,368,353,197,143,97
163,202,39,-182,61,120,-15,442,474,304,224,151
216,256,40,-236,87,148,-42,500,577,395,299,199
246,314,68,-280,88,191,-69,507,661,482,363,244
255,347,92,-301,81,219,-80,497,685,527,399,263
247,337,90,-292,78,213,-70,482,665,513,396,261
224,312,89,-268,67,200,-57,416,605,474,364,254
165,263,98,-214,33,180,-32,314,473,388,310,207
93,200,107,-146,-7,153,11,204,319,257,213,136
44,138,94,-91,-26,116,45,114,179,142,119,80
-14,68,82,-28,-48,75,71,34,53,38,41,26
-56,18,73,19,-65,45,86,-34,-32,-37,-23,-18
-80,-12,67,46,-73,27,84,-74,-95,-91,-65,-44
-95,-29,66,62,-80,18,85,-101,-143,-125,-92,-66
-91,-44,47,67,-69,1,85,-114,-169,-131,-97,-76
-94,-71,23,83,-58,-24,85,-123,-176,-136,-101,-74
-90,-76,14,83,-51,-31,85,-118,-174,-135,-104,-77
-82,-75,8,78,-45,-33,80,-108,-175,-138,-107,-80
-80,-80,0,80,-40,-40,80,-102,-175,-141,-110,-80
-72,-80,-8,76,-32,-44,80,-93,-175,-139,-106,-78
-66,-79,-13,72,-26,-46,80,-90,-179,-136,-103,-72
-64,-74,-10,69,-26,-42,80,-90,-182,-130,-101,-67
-68,-68,0,68,-34,-34,82,-88,-185,-125,-96,-64
-81,-65,16,72,-48,-24,86,-85,-189,-122,-97,-58
-83,-60,23,72,-53,-18,88,-85,-191,-114,-89,-56
-72,-55,16,63,-43,-19,91,-90,-206,-126,-96,-57
-77,-60,17,68,-47,-21,94,-100,-219,-151,-121,-72
-71,-60,11,65,-41,-24,96,-112,-234,-160,-121,-87
-64,-54,11,59,-37,-21,99,-129,-248,-170,-119,-85
-57,-50,7,53,-32,-22,103,-137,-261,-170,-127,-85
-31,-45,-14,38,-8,-29,106,-137,-272,-162,-130,-82
-65,-40,25,53,-45,-8,109,-128,-267,-158,-122,-76
-97,-36,61,66,-78,12,114,-126,-264,-152,-116,-71
-90,-28,62,59,-76,16,143,-116,-260,-146,-109,-68
-82,4,86,39,-85,45,132,-120,-257,-141,-107,-62
-60,45,105,7,-83,75,56,-178,-251,-143,-111,-60
-44,63,108,-10,-76,85,13,-199,-270,-146,-109,-60
-40,41,81,-1,-61,61,5,-191,-286,-145,-114,-60
-58,13,71,23,-65,42,13,-189,-281,-143,-115,-60
-77,-25,53,51,-65,14,41,-190,-298,-152,-116,-59
-87,-93,-6,90,-40,-49,69,-180,-309,-188,-152,-94
-102,-103,-1,103,-50,-52,76,-188,-349,-230,-175,-112
-94,-119,-25,107,-34,-72,84,-173,-327,-207,-168,-110
-53,-107,-55,80,1,-81,72,-186,-368,-234,-183,-112
-61,-100,-39,81,-11,-69,79,-175,-304,-207,-174,-129
-151,-60,91,106,-121,15,153,-142,-299,-220,-177,-149
-169,32,201,68,-185,116,238,22,-92,-146,-121,-113
36,176,141,-107,-52,158,194,478,494,247,136,34
504,676,172,-590,166,423,-274,303,1374,1363,1039,657
736,667,-70,-701,403,298,-619,-357,2228,2395,1744,1081
275,63,-212,-168,243,-74,-325,-749,538,963,711,484
-182,-236,-54,210,-64,-145,41,-695,-1057,-532,-304,-111
-209,-434,-225,322,8,-329,237,-234,-625,-411,-320,-229
-156,-421,-264,289,54,-342,315,-8,-560,-400,-333,-236
-89,-231,-143,160,28,-187,215,20,-353,-275,-234,-168
-65,-147,-81,106,8,-114,137,21,-243,-215,-178,-133
-53,-103,-49,78,-2,-76,129,9,-247,-198,-171,-120
-28,-89,-61,59,16,-75,106,14,-193,-155,-142,-106
-58,-74,-16,67,-21,-45,100,6,-198,-170,-137,-100
-62,-63,-1,63,-30,-32,89,36,-113,-133,-119,-92
-23,-42,-19,32,-2,-30,86,64,-103,-123,-111,-87
41,-9,-49,-16,45,-29,74,93,-36,-67,-70,-73
38,21,-17,-29,27,2,72,129,14,-36,-36,-52
17,44,27,-30,-5,35,56,176,93,18,5,-28
73,75,2,-74,35,38,29,235,184,86,43,13
108,134,26,-121,41,79,23,299,292,154,85,43
139,200,61,-170,39,130,-19,364,421,255,165,79
198,244,46,-221,75,145,-46,424,552,377,263,141
270,291,21,-281,124,156,-81,454,648,463,318,179
270,332,62,-302,104,197,-98,432,677,499,354,204
226,325,99,-276,63,212,-77,399,673,511,370,205
217,312,95,-265,61,203,-67,352,590,469,334,191
166,288,122,-227,22,205,-49,261,455,370,274,149
103,215,112,-159,-5,163,-12,174,297,237,174,81
43,141,98,-92,-27,119,30,87,140,109,69,37
-10,81,91,-36,-51,86,61,12,11,14,12,-6
-45,17,62,14,-54,39,77,-44,-96,-65,-39,-62
-74,-21,54,47,-64,16,73,-87,-154,-115,-96,-88
-71,-25,46,48,-58,10,70,-110,-195,-143,-119,-92
-64,-26,38,45,-50,5,68,-121,-219,-166,-125,-103
-60,-23,37,41,-48,7,65,-115,-227,-172,-136,-105
-61,-34,28,47,-44,-3,63,-113,-233,-169,-135,-105
-89,-57,31,73,-60,-13,59,-108,-225,-165,-135,-105
-84,-56,27,70,-55,-14,54,-105,-222,-162,-135,-105
-75,-51,24,62,-50,-13,53,-102,-215,-157,-135,-106
-70,-49,21,59,-45,-14,46,-96,-210,-155,-135,-102
-43,-44,-2,43,-20,-23,48,-91,-204,-160,-135,-100
-50,-41,9,45,-30,-15,68,-88,-205,-160,-135,-97
-71,-42,29,56,-49,-7,66,-82,-227,-164,-135,-94
-58,-46,12,52,-34,-16,56,-82,-237,-165,-135,-91
-30,-45,-15,38,-7,-30,52,-101,-247,-167,-135,-90
-52,-45,7,48,-29,-19,43,-106,-257,-172,-135,-91
-71,-45,25,58,-48,-10,40,-122,-279,-177,-135,-89
-35,-40,-5,38,-15,-22,56,-136,-310,-199,-139,-97
-41,-38,3,39,-21,-17,69,-141,-306,-205,-140,-101
-64,-28,36,46,-49,4,68,-152,-296,-197,-133,-100
-54,5,59,24,-56,31,82,-148,-292,-191,-129,-98
-50,26,76,12,-63,50,94,-156,-283,-184,-122,-94
-57,41,98,8,-78,69,97,-151,-280,-177,-118,-96
-59,70,130,-6,-95,100,66,-167,-289,-171,-112,-94
-62,90,152,-14,-107,121,8,-203,-291,-168,-109,-96
-63,94,157,-16,-110,125,-22,-208,-308,-172,-112,-93
-55,83,137,-14,-96,110,-15,-200,-300,-167,-106,-97
-53,59,113,-3,-83,86,1,-203,-309,-173,-118,-93
-58,10,69,23,-63,39,21,-199,-323,-198,-155,-100
-93,-33,60,63,-76,13,33,-199,-364,-255,-197,-132
-99,-45,53,72,-76,4,36,-204,-366,-253,-191,-135
-86,-35,51,60,-68,8,45,-192,-351,-258,-200,-136
-73,-30,43,51,-58,6,38,-208,-374,-270,-199,-133
-108,-45,63,76,-86,9,80,-158,-313,-250,-202,-160
-167,51,218,57,-192,134,174,-141,-312,-275,-207,-146
-71,146,218,-38,-145,182,243,217,136,-22,-48,-90
263,510,247,-387,8,378,-29,474,831,660,485,274
719,879,159,-799,280,519,-557,-77,2021,2043,1514,950
596,438,-158,-517,377,140,-570,-626,1778,1930,1366,831
55,-70,-125,7,90,-97,-173,-832,-559,-56,28,88
-184,-291,-107,238,-38,-199,111,-496,-948,-567,-385,-229
-190,-407,-217,299,14,-312,282,-95,-531,-380,-324,-260
-93,-247,-153,170,30,-200,266,-38,-515,-388,-312,-230
-51,-96,-45,74,-3,-70,145,18,-255,-222,-209,-157
-31,-35,-4,33,-13,-19,113,5,-283,-226,-177,-127
-14,-12,2,13,-8,-5,94,23,-207,-179,-149,-120
-23,4,27,9,-25,15,86,42,-205,-194,-158,-116
-22,23,45,-1,-34,34,85,44,-154,-161,-148,-103
-19,42,60,-12,-40,51,77,69,-109,-127,-122,-82
25,77,52,-52,-14,65,76,100,-84,-99,-84,-67
30,97,68,-64,-19,82,63,130,-17,-58,-66,-61
41,124,82,-82,-21,103,51,168,34,-28,-45,-48
70,149,79,-110,-4,114,35,235,144,40,10,-10
100,181,81,-140,9,131,20,301,250,110,69,19
157,240,83,-199,36,162,-8,372,372,203,129,53
189,307,118,-248,35,212,-39,443,511,301,197,103
230,366,136,-299,47,251,-69,489,622,396,275,144
272,411,140,-342,66,275,-98,492,699,475,335,186
264,426,162,-345,51,294,-94,474,713,493,360,194
255,414,159,-335,48,287,-88,433,669,479,342,182
239,396,157,-317,41,276,-78,350,569,415,299,164
168,343,175,-255,-4,258,-40,243,399,285,216,111
100,259,159,-179,-30,209,-1,143,236,165,113,46
32,186,155,-110,-62,170,23,63,91,50,38,-1
-26,131,156,-53,-91,143,38,-3,-35,-52,-36,-43
-43,86,128,-22,-86,107,50,-52,-111,-112,-94,-79
-69,53,123,8,-96,88,48,-87,-162,-146,-121,-89
-77,44,121,16,-100,82,44,-104,-188,-168,-139,-103
-63,43,106,10,-85,74,41,-108,-188,-169,-134,-115
-58,39,98,9,-78,68,36,-110,-192,-175,-130,-115
-63,37,99,13,-81,68,35,-102,-199,-185,-142,-113
-68,34,102,17,-86,68,35,-96,-194,-177,-142,-110
-68,36,104,15,-86,70,35,-89,-184,-171,-136,-107
-73,33,107,20,-91,70,35,-82,-176,-164,-131,-104
-46,40,86,2,-66,63,35,-76,-170,-158,-125,-101
-26,50,76,-12,-52,63,35,-78,-169,-152,-120,-100
-45,44,89,1,-67,66,35,-81,-171,-148,-120,-105
-39,38,77,0,-58,57,35,-84,-168,-143,-133,-105
-37,33,71,2,-54,52,34,-87,-177,-141,-135,-105
-33,26,59,3,-46,42,36,-90,-197,-170,-136,-105
-25,26,51,-1,-39,39,33,-91,-210,-183,-140,-104
-43,23,66,9,-55,44,41,-89,-231,-178,-140,-108
-45,27,72,9,-59,49,61,-102,-243,-188,-145,-110
-34,34,68,0,-51,51,59,-121,-249,-198,-145,-110
-30,35,66,-3,-49,50,61,-118,-260,-198,-150,-110
-31,35,66,-3,-49,51,66,-113,-256,-192,-151,-110
-27,33,60,-4,-44,47,64,-112,-246,-189,-149,-110
-41,53,95,-6,-68,74,70,-103,-239,-185,-146,-103
-55,59,114,-3,-84,86,79,-110,-230,-181,-145,-94
-52,78,130,-13,-91,103,103,-105,-225,-179,-138,-85
-36,128,164,-46,-100,146,73,-126,-232,-173,-118,-81
-1,147,148,-73,-75,147,-1,-176,-227,-172,-114,-86
16,154,139,-85,-62,146,-34,-191,-236,-177,-117,-88
26,151,125,-89,-50,138,-26,-167,-232,-175,-112,-91
13,129,116,-72,-52,122,-11,-137,-237,-183,-137,-95
-28,73,101,-22,-65,86,4,-147,-243,-182,-150,-94
-62,21,83,20,-72,52,31,-160,-270,-210,-154,-111
-43,10,53,16,-48,31,31,-161,-285,-219,-164,-123
-56,1,57,27,-57,29,41,-146,-268,-222,-167,-129
-49,4,53,22,-51,28,27,-161,-317,-244,-181,-131
-40,12,52,13,-46,32,59,-132,-241,-224,-184,-148
-117,103,219,7,-168,161,158,-136,-227,-250,-176,-143
-56,177,233,-61,-145,205,211,185,158,-28,-47,-83
255,510,255,-383,0,382,8,507,806,568,426,245
765,929,165,-847,300,547,-542,19,1964,1916,1430,913
750,555,-195,-652,472,180,-642,-590,2062,2110,1491,923
138,-27,-165,-55,151,-96,-236,-861,-248,169,188,183
-148,-276,-128,212,-10,-202,55,-556,-951,-575,-378,-202
-117,-366,-249,241,66,-307,262,-100,-450,-365,-308,-233
-64,-237,-173,151,55,-205,264,-18,-448,-374,-291,-205
-4,-79,-74,42,35,-76,130,17,-199,-227,-191,-140
20,-8,-28,-6,24,-17,100,18,-200,-225,-170,-118
22,6,-16,-14,19,-5,90,40,-141,-163,-138,-101
22,16,-6,-19,14,5,82,57,-117,-162,-130,-93
29,33,4,-31,13,18,80,76,-81,-139,-113,-83
44,52,8,-49,18,30,71,109,-35,-109,-95,-72
62,67,5,-65,28,36,69,128,-22,-93,-80,-63
84,96,12,-91,36,54,60,164,48,-51,-46,-51
92,122,30,-107,31,76,51,210,104,-35,-15,-35
107,137,30,-122,38,83,38,269,196,28,25,-7
155,183,28,-169,63,106,28,340,300,109,77,27
200,238,38,-219,81,138,6,427,428,199,139,69
253,301,47,-277,103,174,-24,509,550,294,209,118
302,369,67,-335,117,218,-48,565,665,390,284,171
338,429,91,-384,123,260,-74,589,738,454,327,208
355,456,101,-406,127,278,-82,579,746,484,359,224
340,444,104,-392,118,274,-72,534,730,492,351,226
316,412,96,-364,110,254,-64,445,638,435,310,209
261,350,89,-305,86,219,-30,337,481,324,262,164
197,278,81,-238,57,180,12,227,320,193,164,97
130,204,74,-167,28,139,32,129,172,82,73,42
71,138,68,-105,1,103,49,50,53,-8,13,-6
45,103,59,-74,-7,81,49,-15,-42,-80,-43,-42
11,64,53,-38,-21,58,44,-56,-97,-123,-86,-63
-6,40,46,-17,-26,42,46,-81,-131,-149,-104,-81
-1,37,38,-18,-20,37,42,-90,-146,-149,-109,-82
0,31,31,-16,-15,31,40,-89,-148,-150,-111,-79
4,28,24,-16,-10,26,40,-94,-149,-156,-107,-76
5,22,16,-14,-6,19,36,-96,-142,-153,-103,-73
13,21,8,-17,3,14,35,-83,-137,-147,-100,-71
13,25,13,-19,-1,19,35,-72,-134,-144,-97,-68
-12,24,37,-7,-25,31,30,-70,-128,-139,-92,-65
-8,25,34,-9,-21,29,30,-70,-126,-135,-90,-62
0,24,24,-12,-13,24,29,-66,-128,-146,-97,-60
1,30,29,-16,-14,29,25,-65,-134,-151,-111,-56
28,38,10,-33,9,24,25,-65,-139,-149,-116,-55
5,35,30,-21,-13,32,23,-66,-142,-151,-115,-58
7,35,28,-21,-11,31,19,-64,-153,-149,-119,-61
14,35,21,-25,-4,28,20,-70,-167,-154,-121,-58
10,30,20,-20,-5,25,31,-90,-188,-174,-119,-65
8,22,13,-15,-3,17,37,-97,-198,-190,-116,-76
-1,14,15,-7,-8,14,34,-102,-206,-190,-115,-75
-14,6,20,4,-17,12,36,-108,-213,-190,-115,-73
-26,-1,25,13,-25,12,35,-114,-208,-190,-115,-70
-14,-7,8,10,-10,1,35,-116,-207,-191,-114,-70
-26,-11,15,18,-20,1,59,-110,-204,-188,-122,-69
-8,-14,-6,11,0,-10,68,-109,-201,-178,-126,-63
-55,-24,31,40,-42,3,63,-105,-198,-170,-116,-60
-37,12,49,12,-43,30,67,-104,-193,-161,-102,-56
3,59,56,-31,-26,57,85,-107,-186,-154,-88,-52
-26,61,88,-18,-57,74,114,-101,-181,-151,-79,-49
-24,78,102,-27,-63,90,40,-136,-174,-144,-76,-45
-38,95,133,-29,-86,114,-51,-166,-166,-142,-71,-40
-7,92,99,-43,-54,95,-43,-153,-164,-136,-67,-35
-20,74,95,-28,-58,84,-26,-137,-149,-132,-61,-32
4,61,56,-33,-26,59,-22,-124,-157,-126,-48,-24
-4,11,15,-4,-9,13,-9,-116,-176,-136,-63,-33
-71,-49,21,60,-46,-14,2,-153,-247,-206,-116,-69
-57,-65,-8,61,-25,-36,16,-145,-223,-200,-135,-86
-62,-60,2,61,-32,-29,38,-136,-232,-208,-135,-85
-47,-68,-20,58,-13,-44,33,-141,-231,-206,-115,-79
-88,-20,68,54,-78,24,82,-110,-164,-197,-120,-79
-137,78,215,29,-176,146,198,-59,-94,-174,-104,-75
-32,187,219,-78,-126,203,213,396,421,144,109,25
396,657,261,-527,67,459,-183,452,1181,987,800,523
878,853,-25,-866,451,414,-695,-228,2283,2232,1656,1060
608,278,-330,-443,469,-26,-570,-759,1394,1503,1102,712
13,-206,-219,97,116,-213,-146,-838,-722,-293,-102,29
-146,-385,-238,266,46,-311,121,-373,-661,-455,-308,-188
-113,-381,-268,247,78,-324,270,-35,-388,-346,-266,-197
-56,-209,-154,133,49,-181,216,29,-307,-287,-215,-141
-28,-71,-43,50,7,-57,132,58,-119,-177,-117,-85
-13,-31,-18,22,3,-24,106,40,-158,-192,-108,-74
-18,-22,-4,20,-7,-13,77,77,-76,-122,-89,-67
-18,-9,8,13,-13,-1,79,97,-95,-127,-89,-61
-7,-5,2,6,-5,-1,94,123,-21,-100,-54,-49
-17,14,31,1,-24,22,91,145,3,-105,-43,-34
26,44,18,-36,4,31,71,176,56,-67,-23,-23
7,72,65,-40,-29,68,69,220,122,-30,4,-12
37,100,63,-68,-13,81,59,272,168,3,30,9
91,136,44,-114,24,90,36,333,267,72,71,36
107,174,67,-141,20,120,13,414,356,136,121,68
166,237,70,-202,48,153,-13,498,488,232,190,111
213,301,88,-257,62,194,-20,576,623,338,268,163
270,361,91,-316,89,226,-53,639,730,442,350,210
292,401,109,-347,92,254,-79,650,794,510,396,255
268,392,124,-330,72,258,-76,631,784,515,415,264
260,382,122,-321,69,252,-91,571,750,488,410,252
223,356,133,-290,45,244,-68,473,641,431,359,231
164,303,139,-234,12,221,-20,350,466,306,266,173
112,234,122,-173,-5,177,8,226,308,179,170,113
48,163,115,-106,-34,139,25,129,170,81,94,61
23,114,91,-69,-34,102,32,44,67,-8,31,21
-13,76,89,-32,-51,82,43,-4,-9,-70,-17,-12
-34,43,76,-5,-55,59,46,-45,-61,-115,-53,-42
-44,12,56,16,-50,33,35,-79,-87,-126,-61,-51
-68,2,70,33,-69,36,28,-80,-94,-119,-59,-50
-51,0,50,25,-50,25,21,-80,-101,-116,-58,-50
-89,-14,75,51,-81,30,14,-80,-104,-112,-54,-46
-93,-26,67,59,-80,20,21,-80,-99,-105,-55,-45
-52,-24,28,37,-39,2,27,-80,-101,-112,-63,-45
-57,-8,49,32,-52,20,23,-76,-98,-127,-67,-45
-42,4,46,19,-44,25,20,-71,-94,-124,-62,-45
-55,-10,45,33,-50,17,18,-72,-96,-127,-60,-45
-47,-7,40,27,-43,17,15,-76,-97,-131,-57,-45
-27,5,33,11,-30,19,13,-78,-103,-133,-54,-45
-49,-6,43,27,-46,18,6,-81,-102,-137,-59,-45
-41,-2,39,21,-40,18,2,-84,-111,-138,-60,-45
-53,3,56,25,-55,29,-7,-85,-132,-142,-61,-45
-60,7,67,27,-64,37,-25,-92,-138,-131,-70,-45
-36,10,46,13,-41,28,-23,-103,-149,-129,-79,-45
-50,-3,47,27,-48,22,-19,-112,-162,-152,-81,-45
-63,-14,49,38,-55,18,-16,-123,-168,-156,-84,-45
-63,-22,41,42,-52,10,-11,-130,-175,-154,-87,-45
-61,-18,43,40,-53,13,-9,-132,-188,-155,-90,-44
-61,-24,37,42,-49,6,8,-136,-191,-155,-90,-40
-78,-39,39,58,-58,0,17,-139,-189,-155,-90,-40
-75,-41,34,58,-54,-4,11,-143,-191,-150,-90,-40
-70,-39,31,54,-50,-4,7,-145,-190,-150,-90,-40
-69,-36,33,52,-51,-1,2,-145,-189,-150,-90,-40
-62,-35,28,48,-45,-4,-3,-145,-183,-151,-90,-37
-65,-36,29,50,-46,-4,-2,-145,-178,-150,-87,-33
-65,-54,10,60,-38,-22,11,-145,-173,-155,-79,-30
-69,-60,9,65,-39,-25,-1,-149,-166,-156,-73,-25
-68,-27,41,47,-54,7,-7,-151,-161,-145,-66,-22
-63,9,72,27,-68,40,33,-155,-156,-135,-59,-18
-74,34,108,20,-91,71,55,-157,-154,-125,-54,-8
-66,52,118,6,-92,85,29,-160,-151,-119,-41,6
-69,80,149,-6,-109,114,-59,-167,-148,-120,-31,6
-52,92,143,-20,-98,118,-117,-168,-146,-119,-30,-1
5,78,73,-42,-35,76,-97,-150,-146,-112,-30,-7
4,63,59,-34,-28,61,-66,-137,-153,-118,-30,-15
-54,5,60,24,-57,32,-39,-129,-134,-116,-33,-20
-90,-41,49,66,-69,4,-40,-150,-195,-159,-71,-28
-100,-66,33,83,-66,-16,-39,-155,-197,-165,-83,-32
-115,-81,34,98,-75,-24,-33,-140,-189,-169,-91,-43
-71,-71,1,71,-36,-35,-35,-166,-210,-169,-92,-42
-104,-56,49,80,-77,-3,28,-122,-129,-143,-94,-41
-165,39,204,62,-185,121,122,-98,-104,-162,-77,-42
-76,135,211,-30,-144,173,175,298,319,80,88,24
266,546,280,-407,-7,413,-125,515,1004,778,642,436
828,896,68,-863,380,482,-701,-126,2096,2055,1586,1053
686,409,-277,-547,481,66,-700,-742,1684,1775,1333,875
40,-150,-190,55,115,-169,-267,-916,-420,-58,81,152
-177,-376,-200,277,12,-288,13,-501,-696,-464,-289,-152
-164,-395,-231,280,34,-313,179,-106,-360,-322,-239,-175
-73,-216,-143,145,35,-179,145,-43,-310,-298,-191,-119
-59,-100,-40,80,-9,-70,57,30,-103,-145,-84,-62
-59,-47,12,52,-35,-17,52,37,-135,-160,-78,-46
-29,-29,0,29,-14,-15,39,67,-58,-115,-74,-31
-77,-28,48,52,-62,9,41,79,-61,-123,-63,-28
-49,-17,31,33,-40,7,35,104,-6,-88,-29,-17
-22,9,30,6,-26,19,31,141,28,-76,-21,-12
8,33,24,-21,-8,28,29,173,52,-58,-6,8
40,56,16,-48,12,36,20,221,119,-5,30,33
35,83,48,-59,-7,65,14,267,176,32,55,41
67,110,43,-89,12,77,-2,334,257,82,85,61
91,153,62,-122,14,108,-23,412,340,136,143,96
118,204,86,-161,16,145,-40,505,462,220,198,133
193,270,77,-232,58,173,-61,594,580,314,261,180
261,340,79,-300,91,209,-90,665,683,404,337,232
282,387,105,-335,89,246,-105,693,763,488,398,275
293,402,109,-348,92,255,-115,681,777,523,424,286
284,407,123,-346,80,264,-115,642,742,502,419,280
226,374,148,-300,39,261,-101,547,658,455,387,267
186,312,126,-250,30,219,-84,416,519,359,315,225
109,248,139,-179,-15,193,-60,285,355,231,220,160
27,162,135,-95,-55,148,-30,161,212,118,123,97
22,100,78,-62,-28,89,-14,61,103,28,52,40
-22,49,71,-14,-47,60,-16,-4,20,-40,6,2
-78,9,87,34,-83,48,-14,-55,-24,-82,-40,-14
-73,-10,63,41,-68,26,-9,-85,-63,-110,-64,-29
-60,-38,22,49,-41,-8,-10,-102,-98,-131,-65,-31
-62,-39,22,50,-42,-8,-11,-106,-100,-126,-70,-29
-45,-34,10,39,-27,-12,-18,-98,-95,-121,-67,-30
-42,-36,6,38,-23,-15,-29,-97,-93,-118,-64,-30
-45,-32,13,39,-29,-10,-31,-90,-88,-112,-67,-30
-23,-30,-7,26,-8,-18,-29,-81,-85,-109,-63,-30
-23,-30,-7,27,-8,-18,-26,-77,-88,-104,-72,-30
-43,-42,1,42,-21,-20,-25,-80,-92,-122,-85,-30
-50,-46,4,48,-26,-21,-24,-83,-95,-132,-78,-30
-43,-44,-2,44,-20,-23,-19,-85,-99,-129,-74,-30
-51,-45,5,48,-28,-20,-14,-89,-100,-131,-68,-31
-56,-46,10,51,-33,-17,-9,-91,-114,-130,-62,-35
-42,-43,-1,43,-20,-22,-6,-86,-127,-130,-61,-35
-56,-60,-4,59,-26,-32,1,-86,-132,-129,-58,-35
-71,-81,-10,77,-30,-46,-15,-104,-166,-143,-76,-35
-69,-79,-11,74,-29,-45,-34,-117,-178,-146,-91,-34
-69,-80,-12,75,-28,-46,-27,-122,-168,-144,-90,-40
-71,-80,-9,76,-31,-44,-28,-133,-187,-167,-88,-42
-59,-81,-22,70,-19,-51,-22,-141,-204,-170,-96,-40
-66,-79,-12,73,-27,-45,-21,-150,-203,-174,-105,-40
-57,-71,-14,64,-21,-42,-17,-151,-197,-181,-97,-35
-53,-59,-6,56,-23,-32,23,-137,-192,-158,-93,-35
-62,-50,12,56,-37,-19,40,-134,-186,-146,-85,-34
-61,-38,23,49,-42,-7,43,-120,-180,-142,-82,-28
-130,-18,112,74,-121,46,19,-141,-178,-136,-69,-20
-115,-7,109,61,-112,51,-46,-194,-172,-134,-49,-15
-21,30,52,-5,-37,41,-87,-195,-177,-137,-58,-7
-24,25,49,-1,-37,37,-83,-182,-175,-132,-64,-1
-18,-11,8,14,-13,-1,-73,-167,-185,-138,-66,-4
-7,-62,-55,34,24,-59,-47,-158,-188,-135,-64,-6
-69,-118,-50,93,-9,-84,-24,-190,-243,-171,-102,-41
-70,-131,-61,100,-4,-96,-35,-194,-256,-184,-123,-65
-81,-146,-66,113,-7,-106,-24,-169,-249,-184,-124,-66
-75,-140,-66,108,-4,-103,-12,-185,-268,-189,-128,-64
-99,-139,-40,119,-30,-89,33,-146,-192,-153,-118,-84
-190,-58,131,124,-160,36,123,-119,-181,-198,-138,-100
-108,23,131,42,-120,77,196,249,231,22,-9,-40
247,366,119,-307,64,242,-48,574,830,645,513,327
775,749,-26,-762,401,361,-599,61,1930,1971,1510,989
679,342,-337,-510,507,3,-644,-611,1748,1948,1419,913
27,-169,-195,71,111,-182,-233,-883,-428,22,114,154
-225,-366,-141,296,-42,-253,37,-533,-829,-515,-317,-176
-162,-478,-316,320,78,-397,182,-95,-459,-344,-273,-192
-107,-351,-244,229,68,-297,175,-14,-437,-356,-259,-166
-54,-189,-135,121,41,-162,77,3,-190,-177,-144,-100
-47,-132,-86,90,20,-109,40,-3,-215,-189,-133,-72
-44,-119,-75,82,16,-97,29,31,-144,-140,-96,-56
-7,-103,-97,55,45,-100,22,42,-136,-147,-100,-53
-11,-88,-78,50,34,-83,16,57,-89,-124,-81,-42
-5,-66,-61,36,28,-64,7,87,-46,-92,-64,-36
14,-37,-51,12,33,-44,2,108,-17,-64,-51,-26
22,-18,-40,-2,31,-29,-8,143,40,-25,-25,-13
43,2,-41,-23,42,-19,-18,184,96,6,2,0
72,33,-40,-53,56,-3,-27,234,179,64,47,24
116,76,-39,-96,78,18,-50,299,265,135,105,40
160,128,-32,-143,96,47,-80,377,397,229,166,87
209,183,-26,-196,118,78,-108,452,534,334,234,146
256,240,-15,-248,135,112,-145,498,636,434,313,191
276,285,9,-281,133,147,-171,495,707,511,383,247
288,307,18,-298,135,162,-181,487,734,549,416,254
281,309,28,-295,126,168,-186,455,690,527,396,235
235,285,50,-260,92,168,-168,379,605,474,369,231
184,237,53,-211,65,145,-124,282,459,368,290,182
110,178,68,-144,21,123,-86,176,292,231,179,115
27,100,73,-64,-23,86,-50,84,138,106,91,49
-25,26,50,-1,-38,38,-11,14,16,1,12,-1
-55,-13,42,34,-48,14,1,-48,-73,-70,-47,-38
-80,-42,38,61,-59,-2,-1,-90,-144,-126,-87,-79
-82,-68,13,75,-47,-27,0,-116,-172,-145,-117,-80
-70,-83,-13,77,-29,-48,0,-134,-188,-146,-126,-81
-66,-90,-24,78,-21,-57,0,-131,-207,-163,-124,-93
-58,-90,-32,74,-13,-61,-4,-124,-212,-164,-125,-90
-67,-102,-35,85,-16,-68,-10,-118,-204,-155,-125,-91
-62,-103,-41,83,-10,-72,-10,-111,-197,-149,-125,-87
-66,-93,-27,79,-19,-59,-10,-104,-192,-143,-121,-85
-94,-89,5,91,-49,-42,-10,-101,-182,-134,-116,-85
-65,-80,-15,72,-25,-47,-10,-106,-185,-142,-111,-88
-30,-76,-47,53,9,-61,-11,-105,-200,-165,-108,-91
-36,-79,-43,58,4,-61,-3,-105,-204,-165,-102,-90
-46,-78,-33,62,-6,-55,8,-105,-208,-164,-101,-90
-53,-74,-21,64,-16,-47,5,-105,-217,-166,-120,-90
-47,-76,-29,62,-8,-53,2,-109,-229,-163,-126,-91
-61,-96,-35,79,-12,-66,0,-117,-246,-170,-125,-98
-69,-99,-29,84,-20,-64,-3,-128,-266,-178,-126,-104
-61,-88,-27,75,-17,-57,-5,-131,-273,-174,-130,-102
-61,-84,-23,73,-19,-53,-5,-139,-273,-169,-138,-99
-56,-75,-19,65,-18,-46,14,-139,-276,-167,-132,-96
-66,-70,-4,68,-31,-37,42,-142,-274,-161,-131,-93
-70,-53,17,61,-43,-18,60,-137,-277,-160,-126,-90
-77,-25,51,51,-64,13,38,-146,-282,-165,-108,-91
-105,-17,89,61,-97,36,-39,-179,-277,-164,-108,-95
-77,0,77,38,-76,38,-80,-188,-283,-166,-112,-95
-50,-13,37,31,-43,12,-61,-183,-277,-163,-108,-96
-45,-29,16,37,-30,-6,-52,-180,-281,-166,-111,-103
-31,-62,-31,46,0,-46,-32,-182,-281,-169,-112,-96
-67,-124,-57,96,-5,-91,-13,-175,-302,-203,-149,-115
-59,-131,-72,95,7,-101,3,-187,-342,-227,-176,-135
-60,-161,-101,111,21,-131,10,-172,-303,-215,-172,-144
-72,-167,-95,120,12,-131,-22,-186,-354,-246,-181,-140
-85,-173,-88,130,1,-130,10,-151,-303,-215,-183,-152
-156,-104,51,130,-103,-26,93,-138,-313,-262,-220,-158
-128,-21,107,74,-118,43,196,113,9,-118,-133,-117
122,215,93,-169,14,154,61,530,643,401,267,121
591,723,132,-657,229,428,-485,130,1690,1717,1302,820
666,508,-158,-586,411,175,-668,-484,2151,2328,1658,1006
129,-91,-220,-19,174,-155,-292,-738,18,474,385,287
-208,-343,-136,276,-36,-239,23,-568,-1066,-602,-376,-185
-165,-517,-351,341,93,-434,200,-114,-555,-381,-335,-255
-110,-442,-332,277,111,-387,226,29,-551,-409,-332,-232
-71,-265,-195,168,62,-229,116,36,-290,-236,-217,-169
-15,-180,-165,98,75,-172,55,13,-261,-218,-191,-133
-19,-153,-134,87,58,-144,33,23,-219,-184,-173,-115
-33,-156,-124,95,46,-140,23,40,-180,-167,-167,-116
-3,-129,-125,66,61,-127,20,35,-171,-171,-170,-109
8,-100,-108,46,58,-104,7,56,-98,-121,-142,-106
13,-96,-109,41,62,-102,-3,78,-95,-94,-104,-94
29,-81,-109,26,69,-95,-15,114,-18,-50,-74,-72
40,-49,-89,5,65,-69,-37,141,28,-29,-51,-53
85,-8,-93,-38,89,-50,-47,196,114,39,-1,-34
121,30,-91,-75,106,-30,-61,253,214,96,31,-9
151,76,-75,-113,113,0,-93,310,324,176,91,28
207,137,-70,-172,138,34,-107,392,478,303,192,82
245,175,-70,-209,157,52,-148,443,591,393,257,130
281,235,-46,-258,163,95,-189,446,669,474,316,161
293,254,-39,-273,166,108,-184,440,717,531,373,196
275,248,-26,-261,150,111,-177,415,688,526,387,195
236,247,11,-242,113,129,-171,339,592,469,337,167
191,194,2,-193,94,98,-147,242,434,344,233,134
137,138,1,-137,67,69,-114,148,252,200,139,58
63,75,12,-69,25,43,-86,65,85,69,33,-19
16,11,-6,-13,11,2,-58,-7,-53,-41,-63,-71
-3,-35,-31,19,14,-33,-43,-67,-145,-119,-115,-102
-42,-76,-35,59,-3,-55,-39,-97,-219,-175,-156,-132
-60,-99,-39,80,-11,-68,-33,-122,-261,-190,-176,-157
-37,-101,-65,69,14,-83,-29,-141,-263,-186,-175,-154
-49,-124,-74,87,13,-99,-21,-141,-271,-198,-175,-155
-51,-137,-86,94,18,-111,-25,-134,-270,-206,-175,-155
-40,-129,-89,85,24,-109,-32,-128,-269,-205,-173,-155
-41,-128,-87,85,23,-107,-30,-121,-271,-202,-170,-155
-24,-123,-99,73,38,-111,-26,-114,-269,-200,-170,-155
-37,-120,-83,79,23,-101,-25,-108,-273,-200,-170,-155
-5,-116,-111,61,53,-113,-20,-105,-275,-196,-169,-150
22,-111,-134,45,78,-122,-20,-105,-275,-190,-171,-147
-12,-106,-94,59,41,-100,-37,-105,-275,-185,-166,-143
-14,-103,-90,59,38,-96,-39,-121,-287,-180,-165,-140
-5,-96,-92,51,44,-94,-52,-127,-301,-173,-165,-135
-14,-100,-85,57,36,-92,-49,-123,-313,-175,-161,-138
-27,-119,-92,73,33,-105,-32,-123,-313,-192,-160,-140
-19,-113,-93,66,37,-103,-24,-117,-305,-207,-160,-141
-32,-102,-70,67,20,-86,-9,-123,-302,-204,-176,-146
-36,-95,-59,65,12,-77,-1,-104,-294,-191,-180,-138
-37,-57,-20,47,-8,-38,25,-106,-290,-183,-164,-127
-27,-12,15,19,-21,2,-33,-178,-302,-174,-155,-129
8,12,4,-10,2,8,-109,-219,-317,-176,-152,-131
4,-9,-13,3,9,-12,-116,-215,-328,-174,-146,-130
-10,-36,-26,23,8,-31,-97,-187,-336,-175,-143,-137
-10,-53,-43,32,17,-48,-59,-173,-346,-175,-141,-132
-40,-130,-90,85,25,-109,-49,-174,-348,-193,-177,-147
-79,-173,-94,126,8,-133,-42,-212,-424,-274,-225,-171
-67,-183,-116,125,25,-149,-29,-202,-391,-261,-214,-174
-77,-185,-108,131,16,-146,-25,-190,-412,-278,-216,-179
-56,-173,-117,115,30,-145,-20,-189,-392,-266,-193,-177
-85,-139,-54,112,-15,-96,24,-146,-351,-267,-234,-191
-116,-33,83,74,-100,25,131,-70,-278,-250,-225,-168
26,91,66,-59,-20,78,145,373,304,98,11,-68
426,560,134,-493,146,347,-287,328,1143,1071,794,479
759,705,-54,-732,407,325,-713,-312,2236,2329,1679,1022
403,95,-308,-249,356,-106,-506,-713,1004,1324,922,562
-108,-294,-187,201,40,-240,-111,-761,-1067,-451,-271,-106
-188,-471,-283,330,48,-377,135,-318,-807,-488,-399,-283
-127,-502,-375,315,124,-438,251,-36,-609,-431,-373,-290
-88,-329,-241,209,77,-284,152,-2,-472,-345,-294,-235
-49,-221,-172,135,62,-196,26,13,-291,-234,-221,-194
-42,-173,-131,107,45,-152,20,-18,-321,-250,-217,-173
-32,-153,-120,93,44,-136,21,4,-219,-189,-186,-165
15,-126,-141,55,78,-133,7,12,-238,-190,-178,-156
11,-114,-124,52,68,-119,-13,36,-175,-139,-150,-141
19,-100,-119,41,69,-109,-35,60,-177,-143,-142,-129
47,-74,-121,13,84,-97,-38,93,-118,-115,-114,-114
41,-50,-91,5,66,-70,-42,123,-52,-63,-83,-99
70,-25,-95,-23,83,-60,-46,163,20,-13,-46,-77
91,8,-83,-49,87,-37,-56,220,123,42,-5,-47
127,52,-76,-89,101,-12,-76,287,221,124,47,-11
174,108,-66,-141,120,21,-101,354,364,225,122,31
225,174,-50,-199,137,62,-134,413,490,322,194,79
298,232,-66,-265,182,83,-164,436,607,439,282,139
305,254,-51,-279,177,101,-174,425,660,502,331,172
294,256,-37,-275,165,109,-168,412,635,489,318,175
280,247,-33,-263,157,106,-156,359,594,465,316,172
223,210,-12,-216,117,99,-136,267,456,383,268,133
161,150,-11,-155,86,69,-104,172,266,231,154,65
77,71,-6,-74,42,32,-64,77,99,95,50,-9
11,-4,-15,-4,13,-9,-36,6,-48,-14,-37,-61
9,-61,-70,26,40,-65,-35,-43,-151,-88,-97,-92
-5,-89,-84,47,40,-87,-35,-85,-226,-138,-132,-124
-16,-113,-96,65,40,-104,-34,-109,-264,-173,-167,-137
-25,-128,-103,76,40,-115,-35,-134,-298,-200,-180,-142
-23,-123,-99,73,38,-111,-35,-140,-308,-204,-184,-146
-17,-133,-116,76,50,-125,-35,-132,-298,-194,-199,-140
-42,-142,-100,92,30,-121,-35,-130,-299,-192,-203,-138
-38,-139,-101,88,31,-119,-31,-124,-293,-183,-193,-133
-40,-136,-96,89,28,-116,-30,-119,-291,-181,-187,-130
-38,-133,-95,86,29,-113,-29,-110,-289,-188,-183,-134
-19,-130,-112,75,46,-121,-26,-104,-291,-191,-178,-135
-16,-129,-113,72,49,-120,-24,-98,-289,-190,-174,-135
-32,-125,-93,79,31,-109,-27,-94,-291,-190,-170,-135
-35,-123,-88,79,26,-105,-28,-96,-288,-191,-171,-135
-10,-120,-110,65,50,-115,-21,-91,-287,-189,-170,-136
-20,-117,-97,68,39,-107,-13,-90,-305,-187,-171,-132
-15,-115,-100,65,43,-107,-5,-91,-304,-183,-169,-126
-14,-111,-97,63,42,-104,2,-93,-310,-189,-171,-121
-42,-98,-57,70,7,-77,18,-97,-314,-197,-167,-118
-32,-67,-34,50,1,-50,18,-93,-297,-190,-159,-112
-30,-31,-2,31,-14,-16,-29,-137,-303,-190,-152,-109
-18,-16,2,17,-10,-7,-96,-182,-304,-189,-145,-111
-5,-22,-18,14,7,-20,-123,-175,-317,-192,-141,-109
-1,-40,-39,21,20,-40,-91,-159,-327,-187,-133,-111
25,-59,-84,18,55,-71,-62,-158,-340,-194,-149,-108
-12,-114,-102,63,45,-107,-38,-153,-345,-204,-176,-124
-43,-167,-124,105,40,-145,-28,-156,-396,-244,-204,-150
-46,-196,-150,121,52,-173,-26,-157,-381,-242,-204,-161
-64,-212,-147,138,42,-179,-18,-149,-369,-246,-218,-167
-36,-203,-167,120,65,-185,-25,-164,-387,-248,-209,-162
-96,-180,-84,138,-6,-131,30,-134,-326,-241,-220,-179
-162,-69,93,116,-128,11,106,-124,-353,-282,-245,-155
-67,29,96,19,-82,62,153,254,135,-10,-66,-94
273,426,152,-350,60,289,-139,436,895,744,545,313
727,737,10,-732,359,373,-654,-120,2118,2137,1568,956
588,226,-362,-407,474,-68,-609,-612,1705,1859,1290,764
16,-266,-282,125,149,-273,-206,-789,-709,-145,-58,42
-173,-462,-289,318,58,-375,68,-438,-989,-572,-422,-260
-128,-540,-411,334,142,-475,235,-59,-574,-408,-374,-288
-91,-372,-281,232,95,-326,197,7,-555,-406,-341,-240
-48,-222,-174,135,63,-198,70,36,-305,-237,-238,-185
-44,-168,-124,107,40,-146,42,7,-335,-253,-228,-169
-6,-161,-155,83,75,-157,33,22,-250,-201,-190,-157
3,-142,-145,70,74,-143,30,39,-261,-208,-183,-148
-11,-111,-100,62,45,-106,28,52,-219,-181,-169,-137
16,-87,-103,36,60,-95,21,67,-169,-144,-149,-127
26,-76,-103,25,65,-89,21,88,-133,-110,-118,-114
32,-57,-89,13,60,-73,13,123,-66,-73,-96,-103
66,-27,-93,-19,79,-60,9,171,12,-46,-70,-76
99,10,-88,-54,94,-39,0,230,100,9,-15,-38
127,63,-65,-95,96,-1,-16,294,207,93,34,-6
168,112,-56,-139,111,28,-58,369,352,192,93,37
218,174,-44,-196,131,64,-87,431,479,293,174,84
275,230,-45,-252,160,92,-105,466,606,401,257,136
284,270,-14,-277,148,128,-136,478,664,466,312,177
243,290,47,-267,98,168,-142,457,666,480,321,172
229,280,50,-255,89,165,-133,403,625,454,309,163
198,239,41,-219,78,140,-110,314,502,385,258,146
137,180,43,-158,47,111,-70,217,334,258,166,87
72,98,26,-85,22,62,-33,131,160,122,63,26
2,21,19,-12,-9,19,-11,43,0,8,-20,-29
-24,-35,-11,29,-6,-22,-9,-24,-120,-86,-77,-80
-18,-76,-57,47,20,-66,-5,-70,-198,-144,-145,-113
-32,-101,-69,67,19,-84,-1,-97,-246,-184,-177,-126
-64,-114,-50,89,-7,-81,0,-114,-273,-210,-176,-132
-73,-121,-49,97,-12,-85,0,-123,-290,-213,-184,-139
-61,-140,-78,101,9,-109,0,-119,-291,-210,-191,-135
-55,-141,-86,98,15,-113,0,-114,-283,-207,-191,-135
-64,-139,-75,102,5,-107,0,-108,-279,-205,-189,-135
-65,-140,-75,103,6,-107,0,-103,-272,-202,-188,-135
-65,-133,-68,99,2,-100,0,-96,-267,-199,-184,-135
-66,-130,-64,99,-1,-97,0,-98,-267,-204,-186,-132
-47,-125,-78,86,16,-101,0,-100,-274,-205,-181,-130
-51,-121,-70,86,9,-95,0,-100,-286,-208,-180,-127
-50,-116,-66,83,8,-91,0,-100,-296,-210,-181,-124
-36,-109,-74,73,19,-91,1,-100,-299,-212,-179,-121
-39,-103,-64,72,12,-83,8,-100,-303,-226,-205,-120
-40,-96,-56,68,8,-76,12,-94,-308,-224,-218,-115
-41,-89,-48,65,4,-68,18,-96,-312,-217,-210,-108
-43,-84,-40,64,-1,-62,23,-93,-315,-214,-209,-104
-39,-68,-29,54,-5,-48,29,-97,-320,-208,-205,-98
-40,-47,-7,44,-16,-27,42,-92,-319,-205,-201,-92
-52,-29,23,40,-37,-3,26,-105,-322,-204,-192,-92
-52,-2,50,27,-51,24,-31,-164,-324,-215,-184,-95
-55,11,66,22,-61,38,-91,-184,-325,-233,-176,-96
-28,-4,24,16,-26,10,-101,-179,-324,-231,-171,-99
-22,-17,5,19,-13,-6,-67,-175,-315,-237,-176,-101
-49,-54,-5,52,-22,-29,-40,-179,-330,-240,-172,-105
-65,-118,-53,92,-6,-86,-27,-169,-350,-251,-202,-130
-92,-148,-57,120,-17,-102,-23,-178,-398,-296,-238,-154
-89,-167,-78,128,-6,-122,-11,-162,-363,-270,-236,-155
-84,-157,-73,120,-5,-115,-6,-178,-399,-291,-253,-155
-78,-153,-75,116,-1,-114,9,-166,-354,-284,-236,-172
-134,-86,48,110,-91,-19,77,-152,-355,-307,-255,-175
-160,13,172,73,-166,92,171,-30,-187,-230,-202,-148
-5,203,208,-99,-107,205,97,407,437,206,119,33
504,711,207,-608,148,459,-391,241,1445,1340,1010,649
809,633,-176,-720,492,228,-737,-368,2413,2321,1648,1004
341,-33,-374,-154,358,-204,-453,-771,684,893,627,424
-94,-371,-277,232,92,-324,-75,-726,-1109,-603,-384,-166
-189,-518,-329,354,70,-423,166,-247,-700,-495,-419,-282
-138,-441,-304,290,83,-372,263,-55,-575,-466,-394,-267
-54,-262,-209,158,78,-235,137,-10,-388,-330,-273,-202
-53,-195,-142,124,45,-169,60,13,-297,-268,-234,-169
-39,-155,-117,97,39,-136,56,8,-292,-266,-229,-159
-20,-123,-104,72,43,-113,40,30,-217,-223,-210,-146
8,-84,-92,38,50,-88,34,29,-226,-244,-210,-140
18,-71,-89,27,54,-80,22,68,-151,-216,-184,-131
9,-62,-72,27,41,-67,16,85,-162,-201,-177,-128
8,-58,-66,25,38,-62,10,120,-83,-150,-132,-100
40,-34,-74,-3,57,-54,0,164,-26,-118,-102,-63
59,9,-50,-34,55,-21,-5,206,42,-62,-73,-46
87,46,-40,-66,63,3,-17,276,153,-7,-36,-34
157,105,-52,-131,104,26,-55,349,266,68,16,-6
153,176,23,-165,65,100,-70,420,395,167,91,38
181,242,61,-212,60,151,-91,485,531,276,172,95
242,288,46,-265,97,167,-116,506,650,378,242,149
258,313,55,-286,101,183,-106,503,677,422,280,171
256,307,52,-282,102,179,-101,486,658,429,290,176
210,274,64,-242,73,169,-95,409,596,391,263,159
174,237,63,-206,55,150,-84,299,435,281,187,109
110,174,64,-142,22,119,-58,190,258,147,87,52
53,92,39,-72,7,65,-33,89,94,21,-3,-12
17,25,8,-21,4,17,-12,14,-46,-86,-82,-65
-32,-34,-3,33,-14,-18,6,-51,-137,-157,-141,-96
-35,-80,-45,58,6,-62,5,-100,-203,-207,-179,-123
-12,-98,-86,55,37,-92,-2,-123,-238,-236,-203,-145
-28,-97,-69,62,21,-83,-6,-135,-253,-259,-215,-144
-33,-102,-69,68,18,-86,-12,-136,-258,-267,-215,-147
-19,-115,-97,67,39,-105,-19,-133,-260,-264,-215,-157
-45,-112,-67,79,11,-89,-16,-130,-256,-265,-215,-155
-39,-108,-69,73,15,-89,-24,-130,-249,-265,-215,-155
-31,-105,-74,68,22,-89,-36,-128,-246,-265,-214,-155
-37,-101,-63,69,13,-82,-28,-124,-236,-262,-210,-155
-14,-97,-83,56,35,-90,-23,-121,-241,-257,-208,-155
-9,-95,-86,52,39,-90,-19,-117,-260,-256,-205,-152
-21,-95,-74,58,27,-84,-9,-115,-260,-260,-202,-149
-17,-92,-76,55,30,-84,-24,-119,-261,-260,-199,-146
-5,-88,-84,47,40,-86,-41,-123,-258,-260,-205,-143
-13,-92,-79,53,33,-85,-32,-126,-273,-260,-213,-140
-19,-94,-75,57,28,-84,-25,-130,-294,-259,-216,-141
-19,-98,-79,59,30,-88,-21,-132,-291,-269,-218,-146
-33,-121,-87,77,27,-104,-9,-138,-308,-284,-223,-149
-37,-127,-90,83,27,-109,-17,-143,-325,-283,-231,-147
-42,-128,-86,85,22,-107,-26,-158,-326,-289,-241,-144
-45,-133,-88,89,21,-110,-15,-170,-323,-299,-249,-142
-38,-134,-96,87,29,-115,-13,-164,-330,-290,-241,-138
-28,-134,-106,81,40,-120,-18,-161,-325,-282,-232,-135
-16,-100,-84,59,34,-92,8,-155,-298,-277,-223,-134
-24,-62,-38,43,8,-50,31,-153,-295,-270,-211,-125
-8,-38,-29,23,11,-33,54,-146,-291,-265,-205,-117
-24,-8,16,16,-19,3,15,-167,-291,-261,-195,-108
-54,6,60,24,-57,32,-79,-213,-283,-257,-187,-101
-10,13,23,-2,-17,18,-90,-218,-288,-257,-185,-100
15,-13,-28,-1,22,-20,-75,-203,-293,-250,-185,-98
3,-40,-43,19,23,-41,-76,-201,-289,-251,-185,-93
-7,-69,-63,38,28,-66,-50,-197,-295,-249,-190,-101
-67,-138,-70,103,2,-104,-7,-190,-339,-292,-235,-134
-43,-156,-113,100,35,-134,-7,-196,-368,-317,-253,-147
-6,-153,-147,80,70,-149,-8,-176,-335,-300,-246,-154
-45,-151,-107,98,31,-129,-18,-195,-384,-325,-255,-161
-54,-151,-97,103,22,-123,12,-162,-300,-290,-250,-163
-129,-56,73,93,-101,8,104,-183,-302,-321,-262,-159
-95,49,144,22,-119,96,149,89,12,-154,-150,-117
195,350,155,-273,20,252,-18,454,671,406,288,178
709,815,106,-762,301,460,-570,3,1807,1703,1275,836
776,493,-283,-634,529,104,-750,-609,2150,2100,1478,924
202,-159,-361,-21,282,-260,-344,-886,-50,269,226,225
-127,-431,-305,279,89,-368,-31,-623,-1030,-648,-444,-213
-134,-516,-382,326,124,-449,189,-148,-527,-443,-392,-273
-58,-361,-303,209,123,-332,212,-12,-501,-447,-366,-224
-29,-212,-182,121,77,-197,86,26,-276,-300,-261,-157
-30,-152,-122,91,46,-137,64,10,-274,-297,-235,-137
-6,-115,-109,60,51,-111,53,30,-223,-264,-207,-119
-9,-106,-97,58,44,-102,45,37,-194,-254,-208,-117
12,-87,-100,37,56,-93,40,57,-175,-236,-199,-109
16,-79,-95,32,56,-87,30,88,-119,-203,-183,-102
38,-56,-94,9,66,-75,25,113,-101,-192,-170,-97
60,-29,-89,-16,75,-59,16,159,-38,-158,-141,-87
77,1,-76,-39,76,-37,9,195,12,-127,-117,-67
90,26,-64,-57,77,-19,1,265,106,-59,-72,-37
111,57,-53,-84,82,2,-8,338,191,0,-23,-2
150,119,-31,-134,90,44,-13,427,322,87,45,41
203,177,-26,-190,114,75,-35,518,448,184,115,86
266,243,-23,-254,144,110,-66,584,556,271,184,131
285,301,16,-293,134,158,-82,632,646,348,244,173
286,311,25,-299,130,168,-88,635,664,384,273,190
294,307,14,-301,140,161,-77,590,644,385,275,180
275,286,11,-281,132,149,-69,518,562,342,243,163
219,221,1,-220,109,111,-52,397,410,240,169,137
142,139,-3,-140,73,67,-19,265,243,123,88,87
61,65,4,-63,28,35,6,150,88,11,4,21
7,-2,-10,-2,8,-6,15,55,-38,-92,-77,-26
-10,-44,-35,27,13,-39,5,-3,-127,-157,-128,-63
-6,-83,-77,45,36,-80,5,-48,-172,-196,-156,-88
-13,-117,-104,65,46,-110,-8,-85,-204,-217,-169,-95
-17,-115,-97,66,41,-105,-5,-106,-228,-231,-175,-103
-21,-123,-102,72,41,-112,-14,-107,-233,-239,-182,-103
-30,-131,-101,81,36,-116,-7,-101,-231,-235,-185,-99
-12,-122,-110,67,49,-116,-10,-98,-226,-230,-185,-101
-14,-120,-107,67,47,-113,-14,-93,-223,-225,-184,-99
-15,-115,-99,65,42,-106,0,-88,-220,-222,-186,-101
-21,-110,-89,66,34,-100,-29,-85,-214,-215,-183,-99
-41,-110,-68,76,13,-89,43,-85,-218,-218,-182,-96
-31,-110,-79,71,24,-94,-57,-83,-221,-224,-179,-94
-33,-110,-76,72,21,-93,139,-79,-226,-226,-178,-96
-52,-110,-58,81,3,-84,289,-80,-229,-224,-173,-94
-49,-109,-60,79,5,-84,2,-84,-231,-226,-175,-96
