I,II,III,aVR,aVL,aVF,V1,V2,V3,V4,V5,V6
22,-34,-56,6,39,-44,-35,-69,-81,-54,-6,-39
3,-52,-55,25,29,-53,-10,-63,-77,-48,-16,-33
-21,-65,-44,43,12,-54,23,-69,-83,-45,-17,-31
-15,-47,-31,31,8,-39,10,-60,-77,-32,4,-20
-43,-54,-10,48,-16,-32,8,-70,-82,-34,8,-23
-126,-115,11,120,-68,-52,-9,-56,-75,-17,27,-5
-105,-93,12,99,-58,-40,40,-8,-43,-33,-2,-33
-112,-69,44,90,-78,-12,125,183,-45,-67,-32,-99
20,57,37,-39,-9,47,68,422,273,122,124,42
424,383,-41,-403,232,171,-234,-184,485,435,401,395
882,790,-91,-836,487,349,-707,-926,887,895,856,884
864,677,-187,-770,525,245,-775,-1147,853,820,889,907
237,66,-171,-151,204,-52,-407,-1135,-251,55,264,276
-109,-188,-78,148,-15,-133,-152,-634,-456,-195,-42,-63
-135,-145,-10,140,-62,-77,-26,-233,-166,-87,-6,-47
-166,-118,48,142,-106,-35,42,-83,-145,-76,20,-58
-114,-98,16,106,-65,-41,29,1,-53,-61,34,-46
-137,-85,51,111,-94,-17,17,6,-73,-68,15,-48
-88,-78,10,83,-48,-34,46,56,-43,-54,21,-45
-61,-51,10,55,-35,-20,73,48,-47,-54,-3,-39
-109,-45,64,77,-87,10,69,53,-38,-49,-32,-55
-57,-29,28,43,-43,0,68,70,-29,-43,-16,-66
-87,-25,62,56,-74,18,63,70,-33,-42,11,-66
-125,-64,60,94,-92,-2,60,59,-28,-61,8,-63
-92,-31,61,61,-76,15,57,50,-43,-71,-14,-68
-105,-35,70,70,-87,17,52,75,-33,-59,-19,-51
-74,-24,50,48,-62,13,50,78,-27,-51,3,-29
-46,-15,31,30,-38,8,45,101,-24,-40,23,-39
-85,-71,14,78,-49,-28,40,119,-26,-32,26,-41
-75,-39,36,57,-55,-2,37,112,-20,-24,17,-36
-25,11,36,7,-31,24,29,139,7,-9,17,-18
3,41,39,-22,-18,40,-11,136,33,12,29,2
45,81,36,-63,4,58,-33,151,56,33,44,25
103,121,18,-112,43,69,-43,186,101,65,62,63
115,119,4,-117,55,61,-68,190,131,87,83,83
117,109,-8,-113,62,50,-76,201,146,104,99,104
146,171,25,-159,61,97,-86,207,172,117,110,123
125,159,33,-142,46,96,-83,204,178,133,149,122
122,152,30,-137,46,91,-71,207,173,150,154,122
149,162,13,-156,68,88,-65,203,163,133,120,128
94,106,11,-100,42,58,-55,181,141,112,106,109
44,90,46,-67,-1,67,-38,155,106,86,89,73
28,53,25,-41,2,38,-7,128,72,54,59,46
-22,7,29,7,-26,18,27,98,49,29,38,22
-67,-15,51,40,-59,18,43,78,34,2,9,-4
-60,-18,41,39,-50,11,37,64,30,-16,-26,-13
-98,-52,46,75,-72,-3,34,40,11,-21,-45,-21
-121,-75,46,97,-83,-14,32,9,-13,-19,-39,-26
-50,-53,-3,51,-23,-28,24,-4,-17,-27,-39,-25
-54,-67,-13,61,-20,-40,29,-6,-12,-24,-40,-24
-57,-42,16,49,-36,-13,38,-16,-28,-26,-39,-28
-67,-42,25,54,-46,-8,42,-9,-51,-64,-58,-56
-112,-94,18,103,-65,-38,37,-3,-40,-79,-55,-68
-75,-82,-7,78,-33,-44,49,19,-21,-77,-51,-63
-69,-88,-19,79,-25,-53,79,61,-21,-84,-39,-66
-88,-100,-12,94,-38,-56,81,59,-42,-84,-57,-64
-137,-95,41,116,-89,-27,78,56,-44,-80,-95,-60
-173,-121,52,147,-113,-34,77,53,-39,-75,-98,-53
-113,-89,24,101,-69,-32,74,50,-36,-72,-86,-45
-132,-92,40,112,-86,-26,77,51,-32,-66,-69,-41
-146,-89,57,117,-101,-16,79,48,-27,-65,-45,-30
-104,-51,53,77,-78,1,87,64,-11,-65,-31,-36
-110,-77,33,93,-71,-22,73,38,-39,-65,-73,-59
-90,-70,20,80,-55,-25,36,24,-59,-66,-77,-61
-62,-61,0,62,-31,-31,39,18,-50,-64,-61,-58
-55,-71,-16,64,-19,-43,65,2,-47,-66,-68,-55
-83,-55,29,69,-56,-13,58,15,-43,-69,-62,-55
-94,-67,28,80,-61,-19,50,8,-37,-70,-61,-53
-69,-76,-7,73,-30,-41,45,3,-35,-70,-59,-49
-56,-59,-3,58,-26,-31,36,0,-48,-70,-58,-51
-103,-94,9,98,-56,-42,38,-6,-48,-71,-54,-46
-154,-101,52,127,-103,-24,40,-9,-41,-67,-52,-42
-51,-58,-6,55,-22,-32,40,-14,-42,-65,-48,-36
-41,-75,-34,59,-3,-55,40,-15,-45,-64,-46,-33
-127,-95,32,111,-79,-32,40,-16,-48,-66,-44,-27
-66,-59,7,62,-37,-25,40,-22,-52,-64,-37,-24
-85,-78,7,82,-46,-35,40,-29,-55,-67,-57,-50
-116,-95,21,105,-69,-36,39,-26,-51,-92,-53,-56
-56,-53,3,54,-29,-24,40,-22,-41,-78,-44,-48
-65,-50,15,58,-40,-18,40,-17,-36,-64,-58,-48
-81,-54,27,67,-54,-13,40,-13,-41,-64,-53,-41
-87,-57,29,72,-58,-14,41,-7,-33,-61,-46,-41
-53,-22,30,37,-41,4,38,5,-13,-54,-39,-32
-23,-9,14,16,-18,2,70,36,16,-25,-28,-27
-6,14,20,-5,-13,17,79,71,18,-19,-14,-18
2,57,56,-30,-27,56,41,68,16,-29,-12,-13
14,31,17,-23,-1,24,6,50,35,-33,-1,-8
81,45,-36,-62,58,4,-17,32,18,-42,-9,-6
40,-29,-69,-5,55,-49,-15,-20,-28,-71,-73,-45
-25,-115,-90,70,33,-103,-15,-65,-66,-80,-83,-62
-29,-97,-69,63,20,-83,-15,-70,-76,-83,-74,-64
-4,-101,-96,52,46,-99,-15,-66,-77,-80,-77,-71
-20,-95,-74,58,28,-84,-5,-59,-70,-67,-67,-67
-70,-96,-26,83,-21,-61,12,-62,-82,-101,-74,-62
-55,-88,-34,71,-10,-61,20,-49,-65,-99,-70,-52
-65,-89,-24,77,-21,-56,36,-51,-80,-100,-80,-50
-75,-106,-31,91,-22,-68,31,-17,-47,-88,-69,-37
-82,-104,-22,93,-30,-63,83,29,-72,-109,-85,-86
-70,-73,-3,72,-34,-38,163,318,34,-62,-68,-85
145,100,-45,-123,95,28,40,397,380,166,121,102
628,527,-100,-577,364,213,-364,-376,611,535,482,526
989,847,-142,-918,565,352,-763,-926,1073,962,893,979
675,487,-188,-581,431,149,-655,-1124,560,567,645,716
84,-75,-160,-4,122,-117,-282,-1016,-470,-144,1,68
-104,-215,-110,160,3,-163,-96,-450,-348,-203,-163,-121
-142,-176,-34,159,-54,-105,18,-163,-157,-148,-116,-94
-124,-121,3,122,-63,-59,80,-13,-117,-108,-103,-96
-26,-69,-43,48,8,-56,89,49,-53,-88,-86,-95
-65,-78,-13,71,-26,-45,92,27,-65,-98,-86,-102
-77,-65,12,71,-44,-27,84,54,-61,-82,-83,-97
-46,-48,-2,47,-22,-25,86,72,-86,-89,-86,-93
-48,-74,-26,61,-11,-49,100,101,-63,-82,-84,-87
-59,-76,-17,68,-21,-46,103,92,-66,-87,-85,-84
-65,-78,-12,72,-27,-45,95,87,-54,-84,-83,-79
-42,-36,6,39,-24,-15,91,74,-46,-85,-76,-75
-45,11,57,17,-51,34,84,64,-40,-85,-75,-76
-52,-55,-3,53,-25,-29,81,85,-31,-81,-67,-69
-14,-66,-52,40,19,-59,74,97,-29,-68,-68,-63
11,-13,-24,1,18,-19,73,110,-20,-65,-56,-56
-36,-54,-18,45,-9,-36,64,114,-18,-62,-31,-48
-58,-51,7,55,-33,-22,50,127,-8,-33,-41,-47
-62,-24,39,43,-50,7,17,140,6,-28,-42,-29
-49,-30,20,39,-34,-5,-1,158,44,-16,-6,5
79,72,-7,-75,43,32,-9,179,78,1,10,24
96,86,-9,-90,52,38,-56,172,82,13,21,31
95,98,3,-97,46,51,-55,201,126,68,69,68
151,151,0,-151,75,75,-60,218,163,94,89,92
136,138,2,-137,67,70,-84,218,172,106,104,102
149,167,18,-158,66,92,-73,213,168,125,118,118
108,144,36,-126,36,90,-74,193,148,112,99,103
84,125,41,-105,21,83,-62,202,160,100,90,89
58,93,35,-75,11,63,-27,174,132,74,89,64
42,70,28,-56,6,49,9,139,90,53,63,42
56,60,4,-58,25,32,28,139,80,41,23,28
-29,-3,27,16,-28,12,36,133,63,23,21,10
-98,-38,61,68,-79,11,55,100,39,1,11,-6
-85,-53,32,69,-58,-11,71,73,5,-42,-25,-48
-47,-60,-13,54,-17,-36,70,75,15,-62,-48,-68
-82,-60,23,71,-52,-18,67,39,-2,-61,-69,-64
-101,-71,31,86,-66,-19,66,18,-37,-66,-78,-66
-43,-74,-31,59,-6,-52,64,25,-34,-68,-61,-65
-52,-97,-45,74,-3,-71,70,15,-40,-70,-60,-65
-61,-100,-39,81,-11,-69,68,35,-41,-67,-98,-62
-8,-40,-32,24,12,-36,75,45,-45,-64,-101,-59
-54,-84,-30,69,-12,-56,98,25,-45,-66,-86,-59
-112,-127,-15,120,-48,-71,101,46,-38,-63,-91,-52
-93,-93,0,93,-47,-46,99,71,-37,-69,-89,-62
-130,-90,41,110,-85,-24,96,69,-31,-81,-91,-78
-145,-107,38,125,-91,-34,95,71,-30,-69,-89,-67
-94,-86,8,90,-51,-38,94,68,-23,-57,-91,-56
-101,-66,34,83,-67,-16,105,81,-21,-60,-86,-63
-79,-62,17,70,-47,-22,113,88,-38,-72,-72,-77
-52,-36,16,44,-33,-10,98,74,-36,-73,-57,-77
-78,-40,38,59,-58,-1,92,66,-25,-64,-50,-69
-60,-69,-9,65,-26,-38,89,55,-24,-61,-79,-66
-35,-51,-16,43,-9,-33,86,48,-10,-55,-88,-59
-13,19,32,-3,-22,25,84,39,-19,-50,-74,-56
-63,-77,-14,70,-25,-45,67,34,-45,-47,-101,-51
-77,-70,7,73,-42,-32,55,30,-45,-40,-106,-46
-25,19,44,3,-35,31,54,24,-48,-46,-92,-47
-48,-90,-42,69,-3,-66,57,23,-51,-56,-95,-55
-72,-90,-19,81,-26,-54,49,3,-52,-55,-85,-59
-81,-63,18,71,-49,-22,62,-8,-56,-55,-89,-55
-78,-47,31,62,-54,-8,78,-7,-58,-55,-91,-55
-89,-60,28,74,-58,-16,64,-7,-61,-55,-87,-55
-86,-102,-17,94,-34,-59,54,-3,-64,-53,-92,-55
-48,-46,2,47,-25,-22,54,-9,-65,-50,-103,-55
-46,-49,-3,48,-21,-26,55,-4,-60,-47,-100,-53
-31,-67,-36,49,3,-51,56,3,-61,-44,-82,-46
-15,-39,-24,27,5,-32,60,1,-57,-41,-74,-39
-46,2,48,22,-46,25,59,25,-37,-39,-61,-33
-45,31,75,7,-60,53,65,36,-30,-34,-47,-25
-23,18,41,3,-32,29,72,55,-16,-21,-33,-21
28,57,29,-43,-1,43,53,82,29,-13,-17,-2
60,82,22,-72,19,52,20,57,29,3,-12,6
-4,-5,-1,5,-2,-3,2,11,-47,-24,-59,-43
-31,-55,-24,43,-4,-39,-3,-34,-82,-66,-82,-67
0,-47,-46,24,23,-46,3,-28,-58,-63,-66,-64
-8,-59,-51,34,22,-55,6,-44,-88,-83,-101,-72
-36,-63,-27,50,-4,-45,11,-50,-94,-84,-95,-70
-49,-51,-3,50,-23,-27,40,-53,-95,-86,-77,-78
-65,-39,26,51,-45,-6,36,-58,-97,-88,-80,-70
-88,-86,2,87,-44,-42,24,-54,-89,-90,-71,-71
-108,-98,10,103,-59,-44,10,-72,-106,-93,-74,-67
-116,-79,37,97,-76,-21,48,1,-67,-67,-66,-62
-118,-100,19,109,-68,-40,154,123,-96,-106,-89,-114
-8,7,15,0,-11,11,145,469,195,37,-3,-31
306,302,-5,-304,155,148,-73,219,521,374,284,295
689,759,71,-724,309,415,-537,-640,880,889,756,811
764,824,60,-794,352,442,-762,-1018,1061,1022,946,985
292,244,-48,-268,170,98,-443,-1106,10,256,362,418
-108,-163,-55,135,-26,-108,-171,-752,-557,-231,-134,-83
-112,-162,-50,138,-31,-106,-59,-292,-245,-160,-116,-126
-112,-105,7,109,-59,-49,31,-104,-171,-122,-94,-115
-96,-90,6,93,-51,-41,45,3,-107,-89,-96,-110
-81,-89,-8,85,-36,-48,65,16,-115,-82,-93,-101
-124,-102,23,112,-73,-39,75,41,-100,-88,-97,-101
-91,-66,24,78,-57,-21,83,33,-100,-100,-88,-96
-76,-28,48,52,-62,10,84,48,-94,-92,-68,-95
-110,-88,22,98,-65,-33,77,51,-78,-86,-66,-90
-85,-47,37,66,-60,-5,76,38,-90,-83,-73,-90
-73,-1,73,37,-73,36,71,58,-81,-73,-54,-85
-70,-19,50,44,-60,15,67,71,-88,-83,-48,-78
-75,-19,57,47,-66,19,65,71,-82,-86,-62,-74
-102,-67,34,84,-68,-16,59,67,-94,-105,-87,-68
-78,-64,14,70,-45,-25,53,81,-71,-93,-75,-61
-89,-37,53,63,-71,8,46,64,-45,-65,-37,-67
-95,-51,44,73,-69,-3,39,85,-39,-63,-40,-59
-37,-41,-4,39,-16,-22,27,124,-26,-53,-33,-38
16,29,14,-23,1,21,4,122,-6,-39,-18,-22
2,71,69,-37,-34,70,-24,137,25,-12,-16,-14
-6,73,79,-34,-42,76,-38,157,50,32,47,5
42,112,70,-77,-15,91,-38,178,86,59,58,51
84,165,81,-125,1,123,-67,180,106,61,58,66
119,142,23,-131,47,82,-75,190,125,82,104,84
109,111,2,-110,53,56,-62,192,130,96,96,98
90,153,63,-122,13,108,-59,187,122,86,89,88
76,141,65,-109,5,103,-50,177,121,74,82,88
67,125,58,-96,5,91,-45,170,103,63,67,77
36,90,54,-63,-10,72,-30,161,80,49,48,41
16,65,49,-40,-17,57,-4,118,53,26,30,11
16,61,45,-39,-15,52,17,106,27,5,20,0
-75,-34,42,54,-58,4,34,96,-1,-29,-15,-35
-74,-41,32,57,-53,-5,40,59,-29,-41,-46,-49
-46,-21,25,33,-35,2,31,23,-49,-53,-34,-54
-82,-35,47,58,-64,6,39,28,-46,-72,-23,-72
-44,-13,30,28,-37,8,46,29,-45,-69,-69,-69
-103,-68,35,85,-69,-16,46,11,-68,-71,-90,-74
-127,-68,59,97,-92,-4,42,-6,-68,-69,-81,-75
-71,-46,24,58,-48,-11,49,-16,-59,-78,-98,-77
-81,-88,-7,84,-37,-47,75,8,-60,-87,-106,-81
-111,-80,31,95,-71,-24,73,8,-50,-84,-104,-82
-136,-79,57,107,-97,-11,67,23,-56,-83,-101,-87
-115,-74,40,94,-77,-17,66,40,-78,-79,-99,-89
-104,-70,33,87,-68,-18,59,32,-86,-81,-109,-90
-85,-69,17,76,-51,-26,60,37,-84,-82,-107,-84
-91,-55,37,73,-64,-9,69,33,-87,-80,-96,-78
-139,-76,63,107,-101,-6,69,39,-89,-80,-89,-75
-116,-76,40,96,-78,-18,63,44,-91,-80,-78,-66
-94,-57,37,76,-65,-10,61,34,-87,-80,-75,-64
-66,-19,47,42,-56,14,56,28,-78,-77,-62,-54
-45,-8,38,26,-42,15,54,16,-69,-73,-69,-59
-122,-68,54,95,-88,-7,48,30,-63,-71,-101,-87
-89,-72,18,81,-53,-26,42,48,-74,-66,-93,-82
-70,-56,14,63,-42,-21,39,38,-65,-67,-78,-74
-93,-41,53,67,-73,6,30,27,-57,-75,-76,-67
-61,-24,37,42,-48,6,28,15,-73,-75,-67,-57
-111,-55,56,83,-83,0,26,7,-66,-75,-67,-54
-50,-11,39,31,-45,14,32,3,-73,-75,-77,-53
-60,-14,47,37,-53,16,50,-3,-83,-75,-75,-72
-113,-75,38,94,-75,-18,47,-8,-78,-73,-55,-79
-45,-33,12,39,-29,-10,43,-14,-85,-69,-48,-70
-75,-31,45,53,-60,7,39,-18,-85,-67,-62,-67
-88,-54,35,71,-61,-9,36,-15,-84,-63,-64,-59
-53,-30,22,41,-37,-4,31,-16,-80,-62,-58,-57
-42,-58,-16,50,-13,-37,31,-12,-71,-57,-56,-60
-56,-69,-13,63,-21,-40,25,-11,-71,-68,-53,-55
-79,-56,22,67,-50,-17,26,-8,-54,-73,-46,-47
-82,-69,14,75,-48,-27,40,-6,-55,-68,-55,-42
-20,33,52,-7,-36,42,42,3,-57,-46,-51,-33
-7,91,98,-42,-53,94,64,46,-11,-2,-18,-31
-53,13,66,20,-59,39,63,69,-5,-8,-6,-29
-26,19,45,3,-36,31,46,80,5,-6,1,-31
39,88,49,-64,-5,68,3,69,22,22,24,-28
60,81,21,-71,19,51,-30,0,-27,-12,6,-26
-3,-5,-2,4,-1,-4,-17,-66,-83,-64,-59,-61
-39,-52,-13,46,-12,-33,-16,-60,-86,-65,-65,-67
-4,-11,-7,8,2,-9,-8,-53,-82,-63,-56,-63
66,5,-60,-35,63,-27,-12,-54,-82,-59,-57,-68
-37,-63,-27,50,-5,-45,-5,-35,-63,-46,-45,-61
-153,-96,57,124,-105,-19,5,-58,-92,-68,-76,-76
-153,-110,43,131,-98,-33,14,-64,-92,-77,-67,-85
-102,-57,45,79,-74,-6,25,-76,-101,-77,-48,-84
-10,1,12,4,-11,6,13,-36,-62,-43,-46,-57
-93,-49,43,71,-68,-3,92,39,-94,-80,-52,-94
-76,-10,66,43,-71,27,144,337,36,-33,-31,-86
148,169,21,-159,63,95,-3,343,369,209,137,127
555,581,26,-568,264,303,-397,-468,605,623,535,570
915,863,-52,-889,483,405,-783,-1002,1042,1032,934,995
562,465,-98,-513,329,183,-652,-1175,439,549,622,667
10,-81,-91,35,51,-85,-288,-989,-520,-163,8,35
-77,-161,-84,119,3,-122,-98,-422,-337,-180,-111,-113
-103,-96,6,100,-54,-45,-18,-173,-177,-118,-83,-96
-119,-73,46,95,-82,-13,16,-51,-147,-108,-79,-93
-107,-36,71,71,-89,18,60,29,-88,-78,-44,-84
-155,-61,93,108,-124,16,74,45,-95,-73,-38,-85
-124,-47,77,85,-100,15,69,54,-71,-67,-32,-79
-113,-36,77,74,-95,20,64,46,-83,-71,-37,-78
-99,-32,68,65,-83,18,55,52,-66,-63,-31,-75
-75,-15,59,45,-66,22,50,49,-69,-67,-18,-73
-92,-33,59,62,-75,13,44,49,-62,-62,-43,-63
-107,-23,84,65,-96,30,56,44,-57,-56,-57,-55
-136,-44,92,90,-113,23,63,61,-53,-49,-47,-45
-104,-15,89,59,-96,37,53,77,-48,-42,-40,-71
-51,12,63,19,-57,37,45,78,-44,-36,-10,-86
-52,-11,41,31,-47,15,35,85,-40,-30,13,-62
-36,50,86,-7,-62,68,27,87,-29,-38,10,-59
-51,53,104,-1,-77,78,19,93,-16,-41,-10,-54
-48,33,81,8,-65,57,9,132,2,-24,-15,-40
8,64,56,-36,-25,60,2,153,33,12,33,1
51,119,68,-85,-9,93,-24,150,53,46,72,40
41,128,87,-85,-23,107,-65,156,64,50,55,38
43,117,74,-80,-16,95,-83,171,92,68,76,57
104,182,78,-144,13,130,-76,189,137,108,128,95
103,195,92,-149,5,143,-92,181,143,116,131,99
85,188,102,-137,-9,144,-107,174,129,109,134,92
86,178,92,-132,-3,135,-93,166,124,105,135,86
103,157,54,-130,24,105,-81,159,112,101,118,82
61,137,75,-99,-8,106,-63,149,99,89,104,69
-14,84,98,-35,-57,90,-36,119,66,62,87,42
3,65,62,-34,-30,63,-13,93,25,25,68,9
5,64,59,-34,-28,61,5,70,-11,-4,54,-19
-15,46,61,-16,-39,54,13,47,-32,-19,47,-34
-36,22,58,7,-47,40,26,22,-25,-24,37,-47
-52,11,62,20,-57,36,36,-3,-47,-29,29,-55
-69,-12,57,40,-63,22,31,-22,-73,-49,19,-46
-71,-15,57,43,-64,21,29,-30,-68,-57,17,-41
-77,-9,68,43,-72,30,24,-31,-74,-51,7,-55
-106,-43,62,74,-84,9,22,-26,-75,-49,6,-24
-81,-38,43,59,-62,3,14,-17,-68,-46,-6,3
-88,-43,45,65,-67,1,31,-8,-65,-44,-55,-12
-111,-76,36,93,-73,-20,62,1,-60,-53,-56,-17
-86,-48,38,67,-61,-5,59,16,-55,-55,-54,-28
-56,16,72,20,-65,44,60,20,-62,-55,-63,-34
-66,14,80,26,-73,46,60,20,-78,-61,-58,-45
-86,-34,52,60,-69,8,60,35,-79,-51,-61,-49
-85,-37,48,61,-66,5,58,36,-72,-53,-59,-39
-103,-23,80,63,-92,28,50,26,-69,-53,-60,-36
-85,1,86,42,-85,43,47,21,-63,-45,-55,-29
-85,-11,74,48,-79,31,40,12,-61,-44,-55,-26
-91,-25,66,58,-78,20,35,6,-64,-36,-54,-25
-66,-10,56,38,-60,22,30,0,-67,-37,-49,-24
-73,-38,36,55,-54,-1,24,-5,-70,-40,-51,-20
-41,11,52,15,-47,31,18,-9,-72,-40,-47,-20
-18,42,61,-12,-40,51,10,-14,-76,-40,-45,-20
-3,40,43,-19,-23,41,5,-18,-72,-40,-45,-20
-46,0,46,23,-46,23,-4,-23,-68,-40,-45,-21
-86,-65,22,75,-54,-21,-1,-30,-63,-36,-45,-19
-41,22,63,9,-52,43,10,-29,-60,-35,-45,-22
-57,16,73,20,-65,45,13,-39,-78,-30,-51,-25
-64,-28,36,46,-50,4,4,-53,-92,-29,-51,-34
-59,5,65,27,-62,35,10,-48,-80,-24,-17,-16
-56,-22,34,39,-45,6,14,-51,-77,-26,-20,-23
-93,-45,49,68,-71,2,-18,-65,-100,-54,-60,-61
-89,-14,75,51,-82,30,-4,-49,-77,-58,-37,-29
-31,16,47,7,-39,31,23,-36,-67,-48,-30,-27
-49,-12,37,31,-43,12,17,-44,-81,-43,-40,-39
-29,-2,27,16,-28,12,23,-36,-67,-37,-26,-25
1,42,41,-21,-20,41,17,-19,-52,-13,-19,-20
-3,65,67,-31,-35,66,34,7,-11,17,3,-9
11,103,92,-57,-41,97,73,43,15,18,17,-1
-2,81,84,-40,-44,83,45,46,12,14,7,12
-10,47,57,-19,-33,52,13,37,9,15,0,15
49,64,15,-57,17,39,-29,10,-12,30,-11,27
8,42,34,-26,-14,38,-51,-28,-37,8,-17,19
-18,19,37,-1,-28,28,-28,-65,-77,-31,-30,-20
21,-3,-25,-9,23,-14,-36,-81,-98,-29,-44,-33
-5,-45,-40,25,18,-43,-19,-69,-102,-40,-42,-36
8,-27,-36,10,22,-31,-36,-81,-99,-57,-34,-48
-27,-6,21,17,-24,7,-21,-76,-96,-57,-38,-45
-76,-40,37,58,-56,-2,20,-54,-95,-36,-41,-27
-98,-73,25,85,-61,-24,6,-66,-75,-42,-38,-37
-98,-58,40,78,-69,-9,-16,-79,-92,-75,-57,-54
-48,5,53,21,-50,29,11,-35,-50,-60,-49,-42
-80,-31,49,56,-64,9,112,76,-89,-87,-83,-77
-58,-21,37,39,-47,7,102,391,118,21,-27,-31
231,247,16,-239,107,131,-112,108,384,278,217,228
763,696,-68,-730,416,314,-553,-740,677,724,649,718
982,822,-161,-902,571,330,-821,-1091,996,953,910,990
469,267,-201,-368,334,33,-580,-1216,90,284,406,478
-19,-145,-126,83,54,-135,-242,-861,-555,-204,-87,-34
-103,-125,-22,114,-40,-73,-72,-332,-251,-136,-95,-71
-93,-100,-7,97,-42,-53,3,-144,-178,-113,-87,-69
-88,-69,19,78,-54,-24,31,3,-92,-65,-76,-61
-122,-55,66,88,-94,5,49,22,-87,-62,-69,-53
-117,-47,70,81,-93,11,57,37,-96,-56,-62,-51
-108,-34,74,71,-91,20,52,50,-80,-48,-55,-36
-78,-30,48,54,-63,9,50,54,-83,-54,-62,-49
-71,-35,37,53,-54,1,46,57,-62,-45,-58,-70
-108,-40,68,74,-87,14,45,53,-66,-48,-62,-71
-97,-28,69,63,-83,20,50,57,-54,-42,-59,-65
-84,-27,57,56,-70,14,43,54,-56,-49,-61,-66
-94,-52,43,73,-68,-4,34,67,-49,-60,-68,-62
-103,-49,54,75,-78,3,25,75,-47,-49,-69,-60
-49,3,51,23,-50,27,15,80,-43,-35,-62,-60
-62,-5,57,34,-60,25,16,71,-20,-17,-61,-60
-57,19,76,18,-66,47,11,95,0,0,-30,-49
11,64,52,-38,-21,58,-3,105,1,10,7,-35
-11,37,49,-13,-30,43,-18,117,8,19,-10,-18
34,85,51,-60,-9,68,-29,150,38,32,22,20
92,142,49,-117,21,95,-53,155,65,66,72,55
82,133,50,-108,15,91,-90,182,94,81,86,69
75,133,58,-105,8,95,-100,200,127,103,117,96
108,163,55,-135,26,109,-97,205,142,123,135,110
120,183,63,-152,28,123,-93,206,149,134,158,117
107,169,63,-138,22,116,-89,197,169,149,156,138
96,153,57,-125,19,105,-87,188,160,144,140,124
93,137,44,-116,25,90,-79,178,139,137,130,102
132,128,-5,-130,68,61,-67,164,125,102,90,81
75,122,47,-98,13,84,-26,126,84,70,80,49
12,90,79,-51,-34,84,-14,96,52,57,63,30
-7,54,61,-24,-34,57,-7,69,26,43,19,19
-36,31,67,2,-51,49,26,31,11,20,-2,4
-40,15,54,12,-47,34,23,26,-8,-1,-12,-22
-72,-13,59,42,-66,23,16,7,-42,-8,-5,-24
-81,-43,38,61,-59,-2,15,-18,-46,-16,-4,-27
-47,-10,37,28,-42,13,7,-19,-45,-20,-7,-29
-57,-31,26,43,-41,-3,5,-23,-45,-21,-1,-31
-81,-57,24,69,-52,-17,35,2,-46,-18,-29,-35
-48,14,62,17,-55,38,54,-1,-42,-29,-5,-18
-72,-22,49,47,-61,13,45,-11,-47,-31,7,-48
-99,-65,34,82,-66,-15,44,5,-67,-22,-33,-75
-70,-48,22,59,-46,-13,40,25,-62,-15,-16,-65
-39,-38,1,38,-20,-18,33,43,-60,-21,-19,-66
-64,-28,36,46,-50,4,51,39,-60,-32,-16,-64
-123,-34,89,78,-105,27,65,39,-60,-29,-2,-62
-97,-40,56,68,-76,8,55,36,-60,-28,0,-59
-93,-25,68,58,-80,21,50,34,-60,-24,6,-61
-53,-16,37,35,-45,11,42,35,-64,-26,10,-64
-55,-79,-24,67,-15,-52,37,35,-67,-20,16,-67
-74,-18,56,46,-64,18,29,35,-70,-13,-3,-70
-40,-13,27,26,-33,7,17,36,-72,-5,25,-72
-87,-71,15,79,-51,-28,5,22,-76,-1,37,-76
-92,-30,62,60,-77,16,-4,-12,-72,-33,-2,-71
-89,-56,34,72,-61,-11,5,-21,-66,-41,6,-59
-67,-12,55,39,-61,21,14,-19,-61,-30,14,-47
-63,-4,59,33,-60,27,28,-21,-56,-30,13,-40
-48,15,63,17,-56,38,36,-19,-50,-23,38,-40
-6,37,43,-15,-25,39,35,-24,-46,-20,45,-39
-74,-69,4,71,-39,-32,35,-41,-53,-21,34,-35
-59,-59,1,59,-30,-29,35,-40,-56,-21,32,-35
-52,-33,19,43,-35,-7,35,-26,-55,-17,24,-33
-93,-31,62,62,-77,15,34,-26,-55,-10,20,-29
-60,-2,57,31,-59,27,30,-24,-55,-9,30,-30
-59,-23,36,41,-47,7,26,-26,-54,0,37,-30
-44,-20,24,32,-34,2,25,-24,-46,-4,34,-30
-30,1,31,14,-31,16,17,-26,-39,-19,33,-30
-57,2,59,27,-58,30,34,-18,-33,-11,28,-25
-27,41,68,-7,-48,54,56,23,-25,15,33,-21
8,61,53,-34,-23,57,56,51,-14,34,49,-16
18,64,46,-41,-14,55,47,60,-1,35,63,-12
52,89,38,-71,7,63,17,54,17,42,67,-4
37,57,20,-47,8,38,-10,35,1,32,62,21
52,35,-18,-43,35,8,-21,-3,-42,-3,46,16
7,-25,-32,9,19,-28,-31,-59,-71,-27,13,-12
-36,-70,-33,53,-1,-51,-40,-76,-73,-38,-11,-35
21,-59,-79,19,50,-69,-33,-80,-77,-37,-10,-42
-12,-73,-61,43,24,-66,-10,-66,-67,-28,6,-39
-25,-56,-31,41,3,-43,32,-64,-68,-23,-1,-46
-16,-43,-26,30,5,-34,33,-58,-64,-16,0,-46
-60,-79,-19,70,-20,-49,21,-53,-53,-7,14,-52
-70,-82,-12,76,-29,-46,17,-77,-73,-10,16,-53
-65,-69,-3,67,-31,-36,32,-24,-48,-48,-3,-59
-101,-97,5,99,-53,-46,125,128,-76,-84,-39,-86
7,22,15,-15,-4,18,108,456,204,73,51,3
340,312,-28,-326,183,142,-131,118,515,394,347,330
842,769,-73,-806,458,348,-585,-699,894,898,827,859
884,780,-105,-831,494,337,-785,-1039,1016,976,967,1006
282,159,-123,-220,203,18,-475,-1151,-68,202,381,387
-54,-178,-124,117,35,-150,-183,-743,-542,-215,-72,-82
-87,-143,-57,115,-15,-100,-57,-278,-220,-118,-61,-71
-85,-89,-4,87,-41,-47,18,-122,-173,-103,-47,-64
-105,-114,-9,110,-48,-61,52,13,-76,-81,-41,-48
-64,-24,40,43,-52,8,58,27,-79,-81,-31,-65
-101,-41,59,70,-80,9,68,65,-71,-72,-37,-83
-196,-157,39,176,-117,-59,79,66,-61,-65,-31,-69
-70,-55,15,62,-42,-20,73,62,-62,-61,-24,-70
-66,-32,33,49,-49,1,76,73,-46,-52,-27,-59
-91,-57,34,74,-62,-12,75,66,-49,-50,-12,-57
-74,-73,0,73,-37,-36,73,72,-50,-42,-6,-51
-82,-52,30,67,-56,-10,64,63,-67,-36,-3,-48
-64,-27,38,45,-51,5,48,63,-57,-44,4,-46
-114,-83,31,98,-72,-26,50,59,-49,-50,-27,-40
-98,-64,34,81,-66,-15,53,51,-47,-44,-32,-40
-39,-16,22,27,-30,3,43,83,-33,-39,-8,-31
-30,3,33,13,-31,17,29,100,-23,-37,-7,-27
35,29,-6,-32,20,11,25,114,-11,-18,12,-18
25,20,-4,-23,14,8,17,138,17,26,34,-3
9,39,30,-24,-11,34,-14,134,24,38,38,9
100,114,13,-107,43,63,-46,164,71,61,60,58
68,93,25,-81,21,58,-74,176,111,97,60,86
109,95,-14,-101,61,40,-81,182,115,106,89,95
159,174,15,-167,72,94,-72,198,138,124,128,120
105,176,70,-141,17,122,-73,192,142,128,129,127
80,156,75,-118,2,115,-64,204,150,117,139,128
89,139,51,-114,19,95,-67,204,156,111,139,115
156,147,-9,-152,82,69,-67,167,122,100,118,97
95,124,29,-110,33,77,-35,149,103,83,77,83
39,76,37,-58,1,56,-12,152,89,51,44,61
37,57,20,-47,8,38,-5,112,46,9,42,13
-4,28,31,-12,-18,29,27,91,26,6,37,-8
11,14,4,-13,3,9,52,68,12,19,17,1
-24,-25,-1,24,-11,-13,46,24,-1,-7,4,-16
-81,-44,38,62,-59,-3,42,15,-17,-35,-14,-28
-47,-16,31,31,-39,7,37,14,-46,-40,-32,-30
-11,-34,-24,23,7,-29,33,31,-52,-40,-29,-29
-50,-67,-17,58,-16,-41,26,42,-49,-43,-16,-33
-45,-29,16,36,-30,-6,42,31,-47,-46,-8,-41
-31,-40,-9,36,-10,-24,64,31,-44,-44,-32,-43
-85,-108,-23,97,-31,-65,57,24,-44,-40,-49,-45
-87,-72,15,79,-51,-28,62,21,-65,-55,-42,-59
-54,-30,24,41,-38,-3,58,27,-78,-62,-41,-67
-35,-5,30,20,-33,13,54,28,-74,-59,-38,-64
-80,-54,26,67,-52,-14,69,53,-76,-57,-33,-62
-111,-87,24,99,-68,-31,64,41,-75,-54,-44,-60
-22,-7,15,14,-19,4,58,33,-75,-55,-47,-60
-33,-56,-23,45,-5,-39,53,74,-69,-49,-34,-54
-89,-99,-10,94,-39,-54,47,72,-63,-44,-26,-49
-48,-46,2,47,-24,-22,43,46,-55,-39,-18,-44
-18,1,19,8,-18,10,36,21,-50,-33,-7,-38
-44,-16,27,29,-35,5,34,31,-40,-26,10,-31
-68,-46,22,57,-45,-12,26,41,-47,-28,7,-33
-16,-1,15,9,-15,6,27,24,-66,-32,-18,-37
-32,-20,12,26,-22,-4,14,15,-65,-30,-26,-35
-58,-67,-9,63,-24,-37,25,8,-62,-30,-20,-32
-56,-57,-1,57,-27,-29,62,0,-59,-30,-17,-29
-74,-50,24,61,-49,-13,67,-2,-56,-31,-15,-26
-24,-6,18,15,-21,6,62,25,-52,-28,-6,-23
-33,12,45,10,-38,28,31,2,-70,-50,-31,-49
-61,-66,-5,64,-27,-36,32,-16,-88,-59,-25,-58
-37,-38,0,37,-18,-19,33,8,-83,-39,19,-42
-17,-4,13,10,-15,4,9,-2,-86,-47,21,-56
-74,-69,6,71,-39,-31,28,-8,-84,-45,18,-50
-138,-66,72,102,-105,3,42,-23,-87,-33,22,-39
-66,-11,55,39,-61,22,38,-10,-67,-28,18,-47
5,41,36,-23,-15,38,36,29,-27,-15,22,-33
-21,39,60,-9,-41,49,32,48,-20,-11,25,-20
1,63,62,-32,-31,62,30,71,10,14,28,-11
45,91,47,-68,-1,69,27,45,25,39,44,-2
-50,-11,39,30,-44,14,14,-2,-10,7,25,-4
-89,-51,38,70,-63,-6,4,-35,-61,-32,0,-15
-33,-43,-10,38,-11,-26,-9,-43,-88,-45,-7,-25
-25,-90,-65,58,20,-77,-24,-35,-81,-45,-15,-34
-12,-69,-58,41,23,-63,-21,-39,-83,-45,-34,-41
-8,-66,-58,37,25,-62,-10,-27,-71,-44,-38,-39
-16,-32,-16,24,1,-24,8,-36,-81,-47,-22,-40
-75,-40,36,57,-55,-2,8,-34,-88,-66,-45,-57
-137,-110,26,123,-81,-42,27,-58,-105,-86,-75,-64
-90,-71,19,80,-54,-26,35,-5,-64,-50,-56,-53
-107,-100,7,103,-56,-46,66,41,-97,-96,-75,-94
-90,-64,26,77,-58,-19,146,269,-10,-68,-69,-93
104,121,16,-113,44,68,43,479,368,182,110,96
464,513,49,-489,207,281,-304,-198,627,597,485,525
780,903,124,-842,328,513,-698,-860,1115,1122,961,1025
523,572,48,-548,237,310,-665,-1070,695,777,772,808
16,-38,-55,11,35,-47,-287,-966,-420,-64,80,126
-125,-202,-78,164,-23,-140,-110,-473,-406,-210,-138,-89
-116,-138,-22,127,-46,-80,-16,-186,-189,-126,-86,-74
-133,-118,15,125,-73,-52,39,-38,-148,-106,-74,-80
-88,-75,13,81,-50,-31,36,35,-94,-91,-69,-69
-84,-48,36,66,-60,-6,56,50,-122,-99,-69,-71
-71,-67,4,69,-37,-31,45,63,-81,-89,-63,-64
-40,-61,-21,51,-9,-41,44,60,-67,-89,-62,-62
-113,-90,24,101,-68,-33,59,52,-68,-77,-59,-62
-117,-69,48,93,-82,-10,68,25,-93,-74,-61,-74
-77,-51,26,64,-51,-12,59,49,-75,-65,-60,-67
-71,-48,23,59,-46,-12,51,54,-68,-61,-60,-64
-33,-35,-2,34,-15,-19,45,70,-67,-66,-57,-67
-82,-88,-6,85,-38,-47,36,94,-61,-63,-44,-62
-125,-87,38,106,-81,-25,32,88,-59,-60,-33,-71
-94,-75,19,84,-56,-28,23,95,-55,-56,-24,-55
-48,-45,3,47,-25,-21,18,96,-44,-54,-16,-30
-10,-19,-8,15,-1,-13,11,101,-14,-49,-2,-19
-27,-8,20,17,-23,6,4,123,-25,-47,12,-16
27,56,29,-42,-1,42,-11,135,-17,-31,26,-15
73,69,-3,-71,38,33,-38,158,27,12,52,24
11,65,54,-38,-22,60,-53,165,59,47,63,61
60,96,36,-79,12,66,-81,170,89,63,84,75
126,134,9,-130,58,71,-86,198,110,91,112,97
115,136,22,-126,46,79,-71,191,122,112,109,111
113,142,29,-127,41,85,-105,188,119,110,110,110
100,149,48,-125,26,98,-88,185,121,109,104,109
93,134,42,-114,25,88,-57,180,126,112,106,112
46,105,59,-76,-6,82,-52,175,87,95,97,92
33,49,17,-41,8,33,-20,133,51,56,46,49
39,52,13,-46,13,32,-13,110,31,32,24,20
-7,34,41,-14,-24,37,-9,93,6,12,24,-1
-13,0,13,7,-14,6,13,56,-9,-1,27,-8
-69,-40,28,54,-48,-6,31,42,-21,-19,16,-24
-75,-62,13,68,-44,-24,36,33,-31,-44,-10,-49
-18,-40,-22,29,3,-31,34,17,-49,-45,-29,-51
-103,-116,-14,110,-44,-65,36,9,-61,-56,-42,-49
-94,-86,8,90,-51,-39,34,-1,-63,-62,-36,-47
-79,-54,25,66,-52,-14,42,-7,-67,-54,-22,-43
-78,-77,1,77,-39,-38,53,-18,-70,-57,-30,-48
-72,-81,-10,77,-31,-45,58,-14,-82,-64,-66,-60
-72,-82,-10,77,-31,-45,64,25,-83,-66,-65,-59
-2,-34,-31,18,15,-32,65,37,-75,-64,-52,-64
-72,-96,-25,84,-23,-60,71,34,-72,-61,-81,-71
-91,-84,7,88,-49,-39,70,33,-63,-59,-86,-65
-115,-77,38,96,-76,-20,77,27,-62,-62,-85,-60
-104,-97,7,100,-55,-44,72,42,-73,-64,-93,-55
-69,-64,5,66,-36,-30,51,39,-75,-68,-61,-48
-124,-82,41,102,-82,-20,29,28,-78,-70,-42,-45
-86,-72,14,79,-49,-29,27,31,-86,-71,-47,-59
-58,-73,-15,66,-21,-44,60,30,-80,-68,-43,-62
-44,-127,-83,85,20,-104,52,29,-77,-75,-55,-50
1,-110,-111,55,57,-110,65,37,-68,-63,-50,-49
53,2,-52,-27,53,-25,71,62,-31,-22,-14,-47
1,-37,-38,18,20,-37,65,45,-39,-45,-23,-52
-54,-53,1,53,-27,-26,69,34,-41,-59,-37,-55
-32,-9,23,20,-27,7,55,9,-51,-51,-33,-56
-56,-72,-16,64,-20,-44,43,-1,-99,-67,-42,-63
-57,-52,5,55,-31,-24,23,31,-59,-52,-48,-55
-115,-78,37,96,-76,-20,105,95,-92,-93,-84,-98
-45,-57,-12,51,-16,-34,120,468,158,7,-26,-53
263,246,-17,-254,139,114,-76,240,465,308,215,229
656,714,58,-685,299,386,-488,-619,758,829,724,757
805,795,-10,-800,407,392,-740,-1038,935,1022,979,1012
345,234,-111,-289,228,61,-485,-1166,-17,276,422,466
-55,-175,-120,115,32,-147,-195,-756,-548,-216,-71,-38
-91,-171,-80,131,-5,-125,-65,-264,-234,-143,-86,-81
-50,-86,-35,68,-7,-60,-6,-99,-171,-127,-60,-88
-36,-65,-29,51,-3,-47,32,38,-85,-93,-47,-81
-76,-93,-16,85,-30,-54,42,49,-85,-90,-41,-80
-50,-49,2,50,-26,-23,36,72,-80,-80,-30,-80
-67,-53,14,60,-40,-20,73,81,-69,-71,-24,-72
-52,-49,2,51,-27,-23,53,85,-73,-64,-12,-70
-75,-70,5,73,-40,-33,42,87,-55,-67,-24,-63
-74,-78,-4,76,-35,-41,48,82,-62,-75,-47,-62
-50,-28,22,39,-35,-3,43,89,-47,-61,-30,-54
-109,-47,62,78,-86,8,47,77,-53,-56,-28,-57
-32,-6,26,19,-29,10,44,102,-62,-47,-30,-69
-32,-33,-1,33,-16,-17,41,124,-62,-49,-30,-67
-70,-27,43,48,-56,8,31,117,-47,-45,-31,-62
-29,18,47,5,-38,32,26,113,-44,-36,-29,-58
-36,-12,24,24,-30,6,17,125,-16,-28,-31,-53
3,49,46,-27,-22,47,11,133,-1,-22,-6,-49
22,38,16,-30,3,27,3,153,10,2,33,-31
34,32,-2,-33,17,15,-28,187,66,33,73,10
68,96,28,-82,20,62,-55,196,84,46,95,43
69,109,40,-89,14,74,-61,202,110,75,106,69
107,148,41,-127,33,94,-69,201,140,99,125,85
114,153,38,-134,38,95,-78,197,131,99,115,84
125,160,35,-143,44,97,-70,196,144,114,104,88
89,124,35,-107,27,79,-58,190,152,118,96,80
30,62,32,-46,-1,47,-61,192,120,85,83,65
70,90,20,-80,25,54,-54,175,98,65,88,50
36,105,69,-71,-17,87,-19,138,90,58,67,24
-4,63,67,-30,-35,65,20,99,60,35,37,-4
9,-12,-21,1,15,-16,38,68,22,5,27,-29
-8,-5,3,7,-5,-1,32,56,-1,-12,15,-47
-32,-5,27,19,-29,10,41,45,-6,-17,5,-43
-74,-64,10,69,-42,-27,50,21,-36,-36,0,-50
-139,-98,41,118,-90,-28,51,7,-72,-53,-21,-76
-110,-88,22,99,-66,-33,48,-1,-74,-56,-39,-79
-31,-56,-25,44,-3,-40,53,10,-67,-54,-30,-72
-31,-63,-33,47,1,-47,44,2,-65,-56,-37,-69
-75,-98,-23,87,-26,-61,30,-13,-86,-79,-48,-91
-79,-92,-14,86,-32,-53,69,33,-93,-85,-42,-99
-78,-88,-10,84,-34,-49,59,50,-79,-76,-30,-89
-74,-76,-2,75,-36,-38,43,41,-75,-75,-52,-87
-52,-49,3,50,-27,-23,72,48,-68,-68,-74,-78
-87,-109,-21,98,-33,-65,72,42,-62,-65,-42,-77
-71,-82,-11,77,-30,-46,68,49,-61,-60,-56,-63
-97,-90,7,93,-52,-41,63,63,-57,-55,-91,-62
-121,-115,6,118,-64,-54,59,66,-66,-51,-92,-75
-113,-90,24,101,-68,-33,55,63,-75,-46,-83,-68
-111,-123,-12,117,-49,-67,50,48,-61,-41,-67,-59
-39,-41,-1,40,-19,-21,51,35,-61,-38,-74,-57
-39,-40,-1,40,-19,-21,48,35,-48,-34,-71,-44
-57,-104,-47,81,-5,-75,45,35,-49,-35,-69,-52
-83,-76,8,80,-45,-33,45,35,-52,-29,-74,-55
-70,-83,-13,77,-28,-48,43,34,-41,-32,-70,-45
-34,-78,-44,57,5,-61,38,28,-61,-50,-89,-63
-58,-51,7,54,-32,-22,35,25,-45,-49,-96,-52
-37,-64,-27,51,-5,-46,32,20,-48,-41,-89,-57
-51,-75,-23,63,-14,-49,27,17,-63,-38,-88,-68
-99,-92,7,95,-53,-42,26,13,-49,-31,-82,-57
-96,-106,-10,101,-43,-57,17,12,-51,-26,-79,-58
-112,-102,10,107,-60,-46,25,7,-42,-37,-76,-52
-110,-114,-4,112,-53,-59,43,7,-40,-40,-73,-49
-74,-108,-34,91,-20,-70,36,-2,-57,-42,-71,-60
-43,-70,-27,56,-7,-48,34,-33,-61,-64,-67,-79
-40,-59,-18,50,-11,-38,30,-36,-56,-66,-65,-81
-81,-88,-7,85,-37,-47,24,-36,-54,-62,-67,-76
-86,-103,-16,95,-35,-59,25,-42,-50,-61,-71,-76
-38,-63,-25,50,-6,-44,11,-38,-50,-58,-70,-73
5,-31,-36,13,21,-33,25,-33,-55,-54,-70,-70
-75,-99,-24,87,-25,-61,43,-27,-55,-48,-70,-65
-116,-98,17,107,-66,-40,29,-23,-58,-45,-70,-63
-75,-68,7,71,-41,-30,17,-16,-61,-40,-75,-58
-114,-111,3,112,-58,-54,12,-11,-57,-35,-76,-55
-105,-114,-10,110,-48,-62,16,-14,-52,-31,-74,-59
-76,-88,-11,82,-32,-49,14,-24,-43,-29,-66,-60
-81,-77,4,79,-42,-36,12,-28,-38,-31,-63,-60
-55,-51,3,53,-29,-24,3,-24,-30,-29,-56,-60
-55,-51,4,53,-30,-23,20,-21,-25,-31,-50,-60
-40,-92,-51,66,6,-71,41,-17,-44,-28,-64,-59
3,-82,-85,40,45,-84,27,-15,-52,-25,-44,-53
-18,-57,-39,38,11,-48,23,-8,-49,-33,-64,-47
-56,-66,-10,61,-23,-37,7,-22,-47,-35,-96,-42
-50,-82,-33,66,-8,-57,10,-32,-44,-28,-70,-36
-48,-53,-4,51,-22,-28,27,-17,-46,-25,-27,-31
-42,-54,-11,48,-15,-32,24,-15,-45,-21,0,-36
-39,-52,-12,46,-13,-32,24,-12,-45,-13,-20,-51
-52,-35,16,43,-34,-9,20,-9,-45,-30,-45,-53
-53,-62,-9,58,-22,-35,20,-6,-45,-48,-57,-50
-40,-44,-4,43,-18,-24,18,-5,-45,-44,-70,-45
-17,-51,-35,34,9,-43,13,-11,-43,-45,-85,-43
-82,-90,-8,86,-37,-49,10,-15,-36,-45,-75,-39
-90,-99,-9,95,-40,-54,7,-20,-29,-45,-61,-34
-40,-88,-48,64,5,-68,2,-23,-23,-44,-57,-47
-98,-97,1,97,-49,-48,0,-29,-15,-30,-49,-37
-48,-69,-21,59,-13,-45,17,-24,-11,-17,-57,-25
20,-9,-29,-5,24,-18,37,10,2,-3,-57,-19
-54,2,57,26,-55,29,57,36,21,13,-48,5
-23,59,81,-18,-53,70,44,59,32,19,-37,-9
17,56,39,-36,-12,47,10,59,17,33,-40,-23
2,38,37,-20,-18,37,-25,16,-2,37,-48,-19
32,53,21,-43,5,37,-54,-16,-1,18,-52,-20
-5,-29,-24,17,9,-26,-45,-45,-23,-4,-64,-33
36,-29,-65,-3,51,-47,-47,-54,-43,-27,-74,-48
52,-23,-74,-14,63,-48,-49,-47,-60,-26,-76,-49
-15,-51,-36,33,11,-43,-29,-26,-31,2,-68,-34
-32,-76,-44,54,6,-60,-17,-32,-43,-33,-72,-46
-38,-97,-59,67,11,-78,-16,-39,-52,-62,-60,-74
-11,-56,-45,34,18,-50,0,-39,-44,-54,-77,-75
-57,-96,-39,76,-8,-67,3,-17,-64,-37,-107,-54
-90,-118,-27,104,-32,-72,57,22,-21,-37,-102,-60
-53,-76,-23,65,-15,-49,147,201,-8,-70,-117,-103
71,41,-30,-56,50,6,71,449,269,98,0,9
382,326,-56,-354,219,135,-215,-117,508,430,307,368
868,756,-112,-812,490,322,-670,-874,902,897,775,863
846,677,-169,-762,507,254,-790,-1112,879,823,797,876
219,35,-184,-126,201,-74,-423,-1100,-184,66,186,269
-38,-198,-159,118,61,-178,-154,-608,-441,-201,-133,-81
-104,-163,-60,133,-22,-111,-40,-223,-172,-106,-104,-90
-112,-132,-20,122,-45,-75,37,-75,-149,-92,-71,-98
-65,-98,-33,82,-16,-65,66,34,-68,-67,-66,-94
-91,-95,-5,93,-43,-50,80,54,-85,-75,-98,-101
-54,-59,-5,57,-24,-32,73,87,-55,-65,-97,-100
-116,-111,5,113,-60,-52,71,68,-56,-65,-98,-97
-55,-82,-27,68,-13,-54,68,78,-45,-59,-88,-83
-32,-75,-43,54,6,-59,63,87,-38,-57,-77,-75
-106,-107,-1,106,-52,-53,61,95,-36,-51,-68,-72
-110,-99,11,104,-60,-44,59,97,-26,-48,-59,-68
-72,-92,-20,82,-25,-56,61,90,-26,-43,-56,-66
-41,-63,-22,53,-9,-42,59,93,-12,-39,-50,-58
-44,-36,8,40,-26,-14,53,85,-33,-63,-47,-72
-6,-5,1,5,-3,-2,46,107,-15,-47,-41,-74
-86,-91,-5,89,-40,-48,39,117,3,-29,-39,-61
-30,-64,-35,48,2,-49,33,128,21,-23,-33,-46
19,9,-10,-14,15,0,25,156,41,-10,-38,-36
-12,-6,6,9,-9,0,20,174,58,11,-10,-14
76,49,-28,-62,52,10,-10,187,79,18,27,8
70,68,-2,-69,36,33,-55,208,107,44,54,10
122,109,-13,-115,68,48,-63,237,164,104,85,54
141,154,13,-147,63,83,-75,233,171,112,78,88
107,136,28,-122,39,82,-81,250,183,115,87,102
116,114,-2,-115,59,56,-73,267,203,124,88,110
141,135,-6,-138,73,64,-74,254,215,146,118,121
149,139,-10,-144,80,64,-66,253,219,154,134,131
125,119,-6,-122,66,56,-66,238,195,130,84,109
158,126,-32,-142,94,47,-57,216,184,119,73,99
129,99,-29,-114,79,35,-48,193,160,95,60,76
95,68,-27,-81,61,20,-34,168,111,53,30,30
86,66,-20,-76,53,23,5,141,72,38,16,16
2,2,0,-2,1,1,8,94,52,37,11,16
-52,-66,-13,59,-19,-39,16,58,43,17,5,8
-27,-54,-27,41,1,-40,42,53,33,3,-31,-28
-15,-38,-23,27,4,-30,43,45,20,-14,-61,-53
-26,-55,-28,41,1,-41,48,38,14,-30,-61,-44
-66,-86,-20,76,-23,-52,51,31,11,-38,-57,-42
-63,-72,-8,68,-27,-40,52,24,7,-35,-67,-34
-34,-80,-47,57,7,-63,57,42,3,-29,-93,-48
-42,-94,-52,68,5,-73,58,51,1,-57,-91,-61
-35,-81,-46,58,6,-63,63,67,-15,-66,-84,-49
-37,-81,-44,60,4,-62,79,92,-15,-57,-80,-45
-31,-74,-42,52,6,-58,81,86,1,-56,-73,-38
-49,-84,-35,67,-7,-59,74,81,3,-47,-71,-29
-31,-62,-31,46,0,-46,75,78,12,-40,-77,-42
-36,-55,-19,46,-8,-37,68,72,10,-29,-92,-61
-83,-47,36,65,-59,-6,76,69,10,-27,-93,-55
-67,-43,24,54,-45,-9,80,63,8,-31,-83,-50
-99,-64,35,81,-67,-15,63,59,4,-30,-78,-47
-59,-53,6,56,-32,-24,58,55,6,-30,-72,-40
-28,-79,-51,53,12,-65,55,50,-9,-30,-63,-38
-44,-66,-22,55,-11,-44,48,46,-14,-31,-76,-29
-19,-42,-23,31,2,-32,44,38,0,-29,-74,-20
-66,-106,-40,86,-13,-73,37,28,-13,-39,-67,-46
-35,-79,-44,57,4,-61,33,15,-34,-46,-61,-61
-30,-27,3,28,-16,-12,31,5,-36,-40,-46,-49
-52,-86,-35,69,-8,-61,38,-1,-39,-39,-64,-45
-25,-78,-53,52,14,-65,37,0,-41,-32,-61,-37
-79,-60,19,69,-48,-20,43,14,-46,-31,-49,-30
-55,-65,-10,60,-22,-37,62,18,-43,-38,-50,-43
-62,-72,-10,67,-26,-41,58,4,-40,-49,-34,-57
-54,-75,-21,65,-17,-48,55,-12,-38,-42,-45,-59
-18,-69,-51,44,17,-60,53,-5,-34,-37,-81,-64
-65,-98,-33,81,-16,-65,48,1,-33,-53,-78,-66
-69,-99,-30,84,-19,-65,45,4,-27,-50,-61,-69
-70,-93,-22,82,-24,-57,42,-1,-46,-43,-63,-69
-46,-63,-18,55,-14,-40,37,-3,-37,-39,-58,-42
-26,-37,-11,32,-7,-24,36,18,-14,-32,-47,-21
-33,13,45,10,-39,29,68,38,-4,-26,-27,-18
-47,18,65,14,-56,41,69,61,24,-9,-12,-13
-51,19,70,15,-61,45,41,51,18,16,-6,-6
7,48,41,-28,-17,44,30,34,6,2,9,3
45,16,-30,-30,37,-7,12,0,-14,-37,-3,1
26,16,-10,-21,17,4,2,-34,-44,-39,-14,-11
-4,-65,-61,35,28,-63,-18,-44,-52,-41,-28,-19
-20,-125,-105,73,43,-115,-31,-68,-85,-67,-60,-31
-31,-104,-73,68,21,-88,-14,-36,-86,-64,-57,-37
-23,-107,-84,65,31,-95,18,-18,-73,-64,-70,-59
-53,-123,-70,89,9,-96,32,-29,-85,-66,-81,-65
-122,-181,-59,152,-32,-120,37,-20,-58,-51,-65,-50
-85,-140,-55,112,-15,-97,33,-51,-85,-63,-71,-54
-36,-87,-51,62,8,-69,36,5,-41,-35,-58,-30
-99,-113,-14,106,-42,-63,110,70,-79,-106,-85,-92
-69,-78,-8,73,-30,-43,124,372,79,-52,-72,-92
212,140,-72,-176,142,33,-2,391,438,239,155,167
632,587,-45,-609,338,271,-410,-442,698,664,573,631
903,829,-74,-866,489,377,-786,-970,1125,1037,917,1008
543,415,-127,-478,335,144,-599,-1109,413,502,582,646
-40,-146,-106,93,33,-126,-251,-904,-512,-173,-16,34
-121,-217,-96,169,-12,-156,-83,-391,-303,-185,-123,-93
-68,-121,-52,95,-8,-86,20,-158,-170,-142,-72,-77
-77,-120,-43,99,-17,-81,66,-2,-108,-102,-76,-80
-67,-105,-38,86,-14,-71,77,49,-53,-85,-63,-69
-87,-112,-25,99,-31,-68,74,50,-76,-90,-74,-71
-73,-101,-28,88,-23,-64,76,55,-82,-78,-96,-61
-75,-69,6,72,-40,-31,71,35,-95,-82,-97,-61
-95,-84,11,89,-53,-36,66,57,-75,-72,-80,-82
-106,-105,1,105,-53,-52,96,69,-78,-73,-66,-90
-84,-103,-18,94,-33,-60,105,71,-62,-69,-71,-80
-58,-88,-30,74,-14,-59,96,69,-56,-69,-67,-75
-82,-74,8,78,-45,-33,92,76,-51,-68,-53,-71
-57,-83,-26,70,-15,-54,84,88,-38,-60,-51,-59
-83,-78,6,80,-44,-36,75,81,-53,-77,-47,-70
-86,-75,11,80,-48,-32,64,98,-54,-76,-45,-77
-6,-75,-69,40,32,-71,50,121,-23,-43,-39,-47
-13,-67,-53,40,20,-60,37,106,-13,-33,-25,-32
11,-42,-53,16,32,-48,23,118,-3,-25,-46,-18
79,36,-43,-57,61,-3,6,157,23,-17,-53,-6
106,66,-40,-85,73,12,-10,173,67,15,16,28
61,59,-2,-60,31,28,-46,166,93,45,50,55
62,104,42,-84,10,73,-63,186,114,57,71,66
92,85,-7,-89,50,38,-57,207,146,92,85,97
78,90,12,-84,33,51,-78,194,140,104,92,104
109,144,35,-127,37,89,-82,190,134,102,122,100
161,134,-27,-147,94,53,-69,181,130,98,103,89
125,112,-13,-118,69,49,-53,174,122,92,103,71
50,82,32,-66,8,57,-17,165,120,89,82,73
18,38,20,-28,-1,29,0,141,84,54,45,60
-20,-18,2,19,-11,-8,2,119,56,25,54,17
-9,-17,-8,13,-1,-12,32,94,49,23,45,2
-26,-46,-21,36,-2,-33,47,65,16,-16,10,-9
-33,-33,1,33,-17,-16,31,46,-19,-44,-29,-34
-55,-56,-1,55,-27,-28,40,38,-34,-46,-51,-46
-49,-83,-34,66,-8,-58,70,27,-20,-48,-57,-43
-40,-30,10,35,-25,-10,70,18,-32,-57,-53,-56
-125,-109,16,117,-70,-46,61,11,-62,-76,-59,-77
-79,-105,-26,92,-26,-65,69,5,-59,-75,-83,-75
-51,-97,-46,74,-3,-71,71,24,-62,-75,-83,-74
-71,-117,-47,94,-12,-82,75,41,-65,-75,-75,-70
-66,-90,-24,78,-21,-57,75,39,-65,-75,-74,-70
-102,-92,10,97,-56,-41,74,40,-63,-73,-65,-68
-120,-81,39,100,-80,-21,84,40,-56,-69,-68,-64
-81,-69,12,74,-46,-28,84,40,-49,-70,-71,-66
-113,-97,15,105,-64,-41,75,42,-43,-70,-73,-64
-107,-108,0,107,-53,-54,69,49,-35,-70,-86,-66
-25,-54,-29,40,2,-41,62,46,-33,-65,-85,-70
-97,-83,13,90,-55,-35,56,42,-54,-65,-85,-70
-27,-52,-25,39,0,-38,52,40,-56,-65,-85,-71
4,-7,-11,2,8,-9,49,34,-54,-65,-85,-69
-100,-102,-2,101,-49,-52,65,44,-56,-66,-85,-72
-45,-79,-34,62,-5,-56,77,23,-54,-62,-85,-65
-46,-35,11,40,-28,-12,72,-3,-64,-61,-85,-53
-30,-67,-37,49,4,-52,70,18,-63,-59,-79,-37
-4,-49,-45,26,21,-47,66,19,-57,-62,-73,-25
-38,-49,-11,44,-13,-30,65,6,-52,-55,-66,-60
-44,-63,-19,54,-12,-41,61,15,-47,-63,-66,-72
-79,-83,-4,81,-37,-43,56,12,-40,-86,-64,-59
-66,-76,-10,71,-28,-42,51,8,-50,-69,-63,-61
-19,-58,-39,39,10,-48,47,1,-68,-57,-57,-52
-70,-74,-3,72,-33,-38,44,1,-63,-55,-64,-49
-99,-85,15,92,-57,-35,34,-9,-67,-54,-78,-59
21,-29,-50,4,36,-39,54,-15,-64,-56,-61,-61
10,-59,-69,25,40,-64,68,-19,-67,-54,-67,-52
-50,-105,-55,78,2,-80,64,-38,-70,-56,-67,-46
-19,4,23,7,-21,13,66,3,-37,-38,-66,-41
-54,30,84,12,-69,56,65,29,-19,-18,-63,-37
-30,46,76,-8,-53,61,76,18,-16,-8,-38,-35
-8,53,61,-23,-34,56,53,2,-6,-3,-44,-30
-18,31,49,-7,-34,40,9,5,-1,5,-19,-28
-9,53,62,-22,-35,57,-19,8,-23,13,-4,-20
-31,-2,29,16,-30,14,-27,-34,-58,-11,-54,-16
-87,-87,0,87,-44,-43,-24,-56,-66,-40,-55,-26
-52,-80,-28,66,-12,-54,-26,-59,-78,-62,-50,-44
26,-51,-77,13,52,-63,-12,-35,-69,-55,-48,-46
-62,-82,-20,72,-21,-50,23,-35,-60,-57,-45,-52
-121,-111,10,116,-65,-51,35,-70,-112,-89,-82,-88
-49,-120,-71,84,11,-95,35,-40,-90,-76,-74,-89
-24,-87,-64,56,20,-75,21,-66,-102,-86,-74,-99
-43,-76,-33,60,-5,-54,11,-32,-78,-60,-47,-93
-52,-96,-45,74,-3,-70,78,26,-83,-104,-84,-114
-52,-70,-18,61,-17,-44,121,270,6,-84,-114,-119
111,76,-35,-93,73,20,42,465,378,186,95,99
496,502,5,-499,245,253,-300,-248,631,593,480,537
835,888,53,-861,391,470,-712,-887,1101,1070,932,998
573,543,-30,-558,301,256,-659,-1097,638,694,715,762
39,-60,-98,11,68,-79,-306,-998,-453,-110,36,94
-75,-181,-106,128,16,-143,-108,-450,-390,-202,-143,-106
-83,-117,-34,100,-24,-75,-5,-180,-192,-139,-100,-102
-92,-121,-29,107,-31,-75,61,-55,-143,-135,-104,-114
-98,-90,8,94,-53,-41,63,21,-83,-116,-112,-102
-127,-81,45,104,-86,-18,85,55,-103,-123,-118,-107
-45,-71,-26,58,-10,-48,96,86,-74,-109,-108,-104
-69,-60,9,65,-39,-25,87,64,-91,-110,-111,-106
-153,-131,22,142,-87,-55,86,75,-73,-97,-103,-105
-96,-89,7,92,-51,-40,79,64,-78,-94,-107,-99
-78,-35,43,56,-60,4,76,65,-70,-85,-110,-74
-78,-56,22,67,-50,-17,71,82,-71,-86,-110,-68
-59,-82,-23,71,-17,-52,66,91,-63,-78,-114,-71
-61,-46,16,53,-38,-15,63,92,-71,-86,-116,-87
-49,-36,13,42,-31,-11,57,95,-88,-102,-101,-97
-76,-95,-19,86,-28,-57,54,96,-52,-68,-68,-65
-53,-32,22,42,-37,-5,46,113,-29,-46,-49,-48
-39,-42,-3,41,-18,-22,38,121,-24,-44,-38,-42
-30,-32,-2,31,-14,-16,29,128,-18,-27,-17,-26
-20,8,28,6,-24,18,6,133,3,-21,11,-8
62,29,-33,-45,47,-2,-1,156,46,8,51,26
152,120,-32,-136,92,44,-42,177,72,57,66,55
130,136,5,-133,62,70,-88,162,70,53,40,56
148,123,-25,-135,86,48,-78,203,123,83,66,86
105,114,8,-110,48,61,-72,226,151,110,97,111
98,151,52,-125,23,101,-67,215,131,93,83,100
107,140,34,-124,36,87,-58,225,137,94,90,102
89,126,37,-108,26,81,-54,187,114,81,68,89
120,140,20,-130,50,80,-38,165,100,64,60,62
74,73,-1,-74,38,36,-13,155,80,35,40,33
3,37,35,-20,-16,36,5,119,47,6,-9,7
-26,8,34,8,-30,21,19,95,29,-8,-10,-6
-1,12,13,-6,-7,12,30,62,-2,-25,-38,-19
-44,-23,21,33,-32,-1,43,49,-17,-40,-54,-33
-110,-100,11,105,-60,-44,60,26,-49,-60,-47,-55
-99,-91,8,95,-53,-41,54,-6,-75,-75,-52,-74
-89,-83,6,86,-47,-38,48,-5,-67,-74,-49,-76
-99,-93,6,96,-53,-43,45,-4,-65,-69,-50,-73
-111,-92,19,102,-65,-36,33,-7,-63,-69,-65,-71
-60,-66,-5,63,-27,-35,46,-3,-58,-63,-61,-69
-29,-40,-11,35,-9,-25,44,-8,-66,-68,-47,-70
-112,-85,27,99,-69,-29,54,-19,-97,-93,-67,-87
-120,-125,-5,122,-57,-65,79,-3,-90,-92,-55,-84
-38,-59,-21,48,-8,-40,72,22,-73,-76,-46,-67
-41,-53,-13,47,-14,-33,87,50,-77,-71,-50,-70
-77,-109,-33,93,-22,-71,80,51,-74,-70,-39,-79
-105,-111,-6,108,-49,-58,58,33,-75,-67,-40,-77
-138,-109,29,123,-84,-40,56,31,-75,-65,-30,-69
-131,-110,20,121,-76,-45,46,24,-72,-63,-33,-59
-75,-109,-34,92,-20,-71,42,21,-67,-58,-42,-52
-43,-64,-21,54,-11,-42,33,11,-61,-55,-47,-54
-72,-62,9,67,-40,-26,31,15,-57,-52,-59,-55
-84,-72,12,78,-47,-30,48,22,-49,-47,-44,-56
-47,-60,-14,53,-16,-37,49,9,-46,-45,-20,-60
-7,-53,-46,30,20,-49,43,-6,-52,-52,-27,-62
-34,-46,-11,40,-11,-28,41,-17,-59,-62,-48,-55
-72,-98,-26,85,-22,-62,36,-16,-69,-61,-61,-69
-58,-92,-34,75,-11,-62,35,-14,-65,-58,-38,-58
-39,-53,-14,46,-13,-33,56,-16,-66,-55,-44,-34
-15,-50,-35,33,10,-42,66,-23,-70,-53,-91,-59
-58,-86,-28,72,-15,-57,57,-10,-46,-49,-66,-51
-71,-108,-37,89,-17,-72,55,-2,-33,-54,-55,-41
-10,-66,-56,38,23,-60,49,-13,-53,-68,-64,-49
-16,-49,-33,33,9,-41,46,-9,-63,-70,-48,-48
-28,-49,-20,39,-4,-34,41,-29,-58,-73,-45,-54
-27,-35,-8,31,-9,-21,39,-26,-63,-77,-35,-55
-50,-59,-9,54,-20,-34,41,-5,-56,-78,-35,-55
-60,-90,-29,75,-15,-59,39,-33,-64,-83,-41,-66
-64,-55,9,60,-36,-23,42,-17,-56,-55,-45,-55
-91,-42,49,67,-70,3,38,22,-23,-23,-31,-32
-33,16,49,8,-41,32,71,42,-14,-17,-24,-25
-14,28,42,-7,-28,34,86,42,-8,-13,-10,-17
-38,-12,26,25,-32,7,44,18,-1,-10,4,-12
5,32,27,-18,-11,29,8,21,19,7,-27,-2
-18,-37,-18,27,0,-27,-29,-1,-6,-8,-38,-4
-9,-49,-40,30,16,-44,-15,-44,-58,-43,-25,-21
-23,-53,-29,38,4,-41,-27,-65,-83,-58,-39,-44
-1,-72,-71,37,35,-71,-39,-71,-106,-77,-70,-65
8,-43,-52,17,30,-47,7,-44,-95,-75,-70,-60
-86,-123,-36,105,-24,-79,31,-42,-77,-72,-64,-55
-65,-109,-44,88,-10,-77,32,-41,-66,-73,-66,-46
-64,-82,-18,73,-22,-50,42,-25,-68,-65,-56,-68
-66,-125,-59,96,-3,-92,36,-36,-88,-77,-65,-84
-46,-102,-56,74,5,-79,23,-2,-42,-61,-35,-59
-118,-98,20,107,-69,-39,121,84,-80,-91,-73,-88
-87,-63,24,75,-56,-20,142,388,101,-15,-59,-45
216,183,-33,-199,124,75,-53,209,409,243,170,191
728,612,-116,-670,422,248,-502,-654,644,664,557,654
963,797,-167,-880,565,315,-826,-1076,1010,942,876,952
514,315,-199,-414,356,58,-576,-1152,221,359,475,549
9,-177,-186,84,98,-181,-233,-853,-541,-208,-86,-26
-69,-190,-121,129,27,-155,-57,-336,-248,-153,-115,-80
-107,-152,-45,129,-30,-98,26,-140,-364,-109,-124,54
-76,-87,-10,82,-33,-48,48,-3,-220,-89,-126,8
-54,-90,-36,73,-9,-63,80,50,-17,-87,-135,-8
-93,-112,-19,103,-37,-65,73,38,-92,-94,-165,7
-50,-39,10,44,-30,-14,73,86,-18,-85,-46,-7
-98,-87,11,92,-54,-37,72,72,-63,-95,16,6
